450
0.2533865903295981
0.25845432213619
0.263522053942782
0.268589785749374
0.2736575175559659
0.2787252493625579
0.28379298116914986
0.2888607129757418
0.29392844478233376
0.29899617658892574
0.30406390839551767
0.30913164020210965
0.3141993720087016
0.31926710381529355
0.32433483562188553
0.3294025674284775
0.33447029923506943
0.3395380310416614
0.3446057628482534
0.3496734946548453
0.3547412264614373
0.3598089582680293
0.3648766900746212
0.3699444218812132
0.37501215368780516
0.3800798854943971
0.38514761730098906
0.39021534910758104
0.39528308091417297
0.40035081272076495
0.4054185445273569
0.41048627633394885
0.41555400814054083
0.4206217399471328
0.42568947175372474
0.4307572035603167
0.4358249353669087
0.4408926671735006
0.4459603989800926
0.4510281307866846
0.4560958625932765
0.4611635943998685
0.46623132620646046
0.4712990580130524
0.47636678981964437
0.48143452162623634
0.48650225343282827
0.49156998523942025
0.49663771704601223
0.5017054488526042
0.5067731806591962
0.5118409124657881
0.51690864427238
0.5219763760789721
0.527044107885564
0.5321118396921559
0.537179571498748
0.5422473033053399
0.5473150351119318
0.5523827669185238
0.5574504987251158
0.5625182305317077
0.5675859623382997
0.5726536941448916
0.5777214259514836
0.5827891577580756
0.5878568895646675
0.5929246213712595
0.5979923531778515
0.6030600849844434
0.6081278167910353
0.6131955485976274
0.6182632804042193
0.6233310122108112
0.6283987440174033
0.6334664758239952
0.6385342076305871
0.6436019394371791
0.6486696712437711
0.653737403050363
0.658805134856955
0.663872866663547
0.6689405984701389
0.6740083302767309
0.6790760620833228
0.6841437938899148
0.6892115256965068
0.6942792575030987
0.6993469893096906
0.7044147211162827
0.7094824529228746
0.7145501847294665
0.7196179165360586
0.7246856483426505
0.7297533801492424
0.7348211119558344
0.7398888437624264
0.7449565755690183
0.7500243073756103
0.7550920391822022
0.7601597709887942
0.7652275027953862
0.7702952346019781
0.77536296640857
0.7804306982151621
0.785498430021754
0.7905661618283459
0.795633893634938
0.8007016254415299
0.8057693572481218
0.8108370890547139
0.8159048208613058
0.8209725526678977
0.8260402844744897
0.8311080162810817
0.8361757480876736
0.8412434798942656
0.8463112117008575
0.8513789435074495
0.8564466753140415
0.8615144071206334
0.8665821389272254
0.8716498707338174
0.8767176025404093
0.8817853343470012
0.8868530661535933
0.8919207979601852
0.8969885297667771
0.9020562615733692
0.9071239933799611
0.912191725186553
0.917259456993145
0.922327188799737
0.9273949206063289
0.9324626524129209
0.9375303842195128
0.9425981160261048
0.9476658478326968
0.9527335796392887
0.9578013114458807
0.9628690432524727
0.9679367750590646
0.9730045068656565
0.9780722386722486
0.9831399704788405
0.9882077022854325
0.9932754340920245
0.9983431658986164
1.0034108977052083
1.0084786295118002
1.0135463613183924
1.0186140931249843
1.0236818249315762
1.0287495567381681
1.03381728854476
1.038885020351352
1.0439527521579441
1.049020483964536
1.054088215771128
1.05915594757772
1.0642236793843118
1.0692914111909038
1.074359142997496
1.0794268748040878
1.0844946066106798
1.0895623384172717
1.0946300702238636
1.0996978020304555
1.1047655338370477
1.1098332656436396
1.1149009974502315
1.1199687292568234
1.1250364610634154
1.1301041928700073
1.1351719246765994
1.1402396564831914
1.1453073882897833
1.1503751200963752
1.1554428519029671
1.160510583709559
1.1655783155161512
1.1706460473227431
1.175713779129335
1.180781510935927
1.185849242742519
1.1909169745491108
1.195984706355703
1.201052438162295
1.2061201699688868
1.2111879017754787
1.2162556335820707
1.2213233653886626
1.2263910971952547
1.2314588290018467
1.2365265608084386
1.2415942926150305
1.2466620244216224
1.2517297562282144
1.2567974880348065
1.2618652198413984
1.2669329516479904
1.2720006834545823
1.2770684152611742
1.2821361470677661
1.2872038788743583
1.2922716106809502
1.2973393424875421
1.302407074294134
1.307474806100726
1.3125425379073181
1.31761026971391
1.322678001520502
1.327745733327094
1.3328134651336858
1.3378811969402777
1.3429489287468699
1.3480166605534618
1.3530843923600537
1.3581521241666457
1.3632198559732376
1.3682875877798295
1.3733553195864217
1.3784230513930136
1.3834907831996055
1.3885585150061974
1.3936262468127893
1.3986939786193813
1.4037617104259734
1.4088294422325653
1.4138971740391573
1.4189649058457492
1.4240326376523411
1.429100369458933
1.4341681012655252
1.439235833072117
1.444303564878709
1.449371296685301
1.4544390284918929
1.4595067602984848
1.464574492105077
1.4696422239116689
1.4747099557182608
1.4797776875248527
1.4848454193314446
1.4899131511380366
1.4949808829446287
1.5000486147512206
1.5051163465578126
1.5101840783644045
1.5152518101709964
1.5203195419775883
1.5253872737841805
1.5304550055907724
1.5355227373973643
1.5405904692039563
1.5456582010105482
1.55072593281714
1.5557936646237323
1.5608613964303242
1.565929128236916
1.570996860043508
1.5760645918501
1.5811323236566919
1.586200055463284
1.591267787269876
1.5963355190764679
1.6014032508830598
1.6064709826896517
1.6115387144962436
1.6166064463028358
1.6216741781094277
1.6267419099160196
1.6318096417226116
1.6368773735292035
1.6419451053357954
1.6470128371423876
1.6520805689489795
1.6571483007555714
1.6622160325621633
1.6672837643687553
1.6723514961753472
1.6774192279819393
1.6824869597885312
1.6875546915951232
1.692622423401715
1.697690155208307
1.702757887014899
1.707825618821491
1.712893350628083
1.717961082434675
1.7230288142412669
1.7280965460478588
1.7331642778544507
1.7382320096610429
1.7432997414676348
1.7483674732742267
1.7534352050808186
1.7585029368874106
1.7635706686940025
1.7686384005005946
1.7737061323071865
1.7787738641137785
1.7838415959203704
1.7889093277269623
1.7939770595335542
1.7990447913401464
1.8041125231467383
1.8091802549533302
1.8142479867599222
1.819315718566514
1.824383450373106
1.8294511821796982
1.83451891398629
1.839586645792882
1.844654377599474
1.8497221094060659
1.8547898412126578
1.85985757301925
1.8649253048258418
1.8699930366324338
1.8750607684390257
1.8801285002456176
1.8851962320522095
1.8902639638588017
1.8953316956653936
1.9003994274719855
1.9054671592785775
1.9105348910851694
1.9156026228917613
1.9206703546983535
1.9257380865049454
1.9308058183115373
1.9358735501181292
1.9409412819247212
1.946009013731313
1.9510767455379052
1.9561444773444971
1.961212209151089
1.966279940957681
1.971347672764273
1.976415404570865
1.981483136377457
1.986550868184049
1.9916185999906408
1.9966863317972328
2.001754063603825
2.0068217954104166
2.0118895272170088
2.0169572590236005
2.0220249908301926
2.0270927226367847
2.0321604544433765
2.0372281862499686
2.0422959180565603
2.0473636498631524
2.0524313816697446
2.0574991134763363
2.0625668452829284
2.06763457708952
2.0727023088961123
2.077770040702704
2.082837772509296
2.0879055043158883
2.09297323612248
2.098040967929072
2.103108699735664
2.108176431542256
2.113244163348848
2.11831189515544
2.123379626962032
2.1284473587686237
2.133515090575216
2.1385828223818075
2.1436505541883997
2.148718285994992
2.1537860178015835
2.1588537496081757
2.1639214814147674
2.1689892132213595
2.1740569450279517
2.1791246768345434
2.1841924086411355
2.189260140447727
2.1943278722543194
2.199395604060911
2.204463335867503
2.2095310676740954
2.214598799480687
2.219666531287279
2.224734263093871
2.229801994900463
2.234869726707055
2.239937458513647
2.245005190320239
2.2500729221268307
2.255140653933423
2.2602083857400146
2.2652761175466067
2.270343849353199
2.2754115811597906
2.2804793129663827
2.2855470447729744
2.2906147765795666
2.2956825083861587
2.3007502401927504
2.3058179719993426
2.3108857038059343
2.3159534356125264
2.321021167419118
2.3260888992257103
2.3311566310323024
2.336224362838894
2.3412920946454863
2.346359826452078
2.35142755825867
2.3564952900652623
2.361563021871854
2.366630753678446
2.371698485485038
2.37676621729163
2.3818339490982217
2.386901680904814
2.391969412711406
2.3970371445179977
2.40210487632459
2.4071726081311815
2.4122403399377736
2.417308071744366
2.4223758035509575
2.4274435353575496
2.4325112671641413
2.4375789989707335
2.442646730777325
2.4477144625839173
2.4527821943905095
2.457849926197101
2.4629176580036933
2.467985389810285
2.473053121616877
2.4781208534234693
2.483188585230061
2.488256317036653
2.493324048843245
2.498391780649837
2.5034595124564287
2.508527244263021
2.513594976069613
2.5186627078762047
2.523730439682797
2.5287981714893886