0.250	1.00000008
0.255	0.98055498
0.260	0.96213808
0.265	0.94468143
0.270	0.92812285
0.275	0.91240534
0.280	0.89747654
0.285	0.88328827
0.290	0.86979612
0.295	0.85695908
0.300	0.84473920
0.305	0.83310134
0.310	0.82201290
0.315	0.81144358
0.320	0.80136521
0.325	0.79175152
0.330	0.78257801
0.335	0.77382183
0.340	0.76546156
0.345	0.75747719
0.350	0.74984996
0.355	0.74256225
0.360	0.73559754
0.365	0.72894028
0.370	0.72257585
0.375	0.71649047
0.380	0.71067118
0.385	0.70510571
0.390	0.69978251
0.395	0.69469065
0.400	0.68981981
0.405	0.68516020
0.410	0.68070257
0.415	0.67643815
0.420	0.67235861
0.425	0.66845607
0.430	0.66472303
0.435	0.66115237
0.440	0.65773732
0.445	0.65447146
0.450	0.65134864
0.455	0.64836306
0.460	0.64550914
0.465	0.64278161
0.470	0.64017540
0.475	0.63768572
0.480	0.63530797
0.485	0.63303776
0.490	0.63087090
0.495	0.62880339
0.500	0.62683141
0.505	0.62495131
0.510	0.62315957
0.515	0.62145286
0.520	0.61982797
0.525	0.61828183
0.530	0.61681150
0.535	0.61541417
0.540	0.61408713
0.545	0.61282780
0.550	0.61163371
0.555	0.61050245
0.560	0.60943176
0.565	0.60841944
0.570	0.60746339
0.575	0.60656157
0.580	0.60571206
0.585	0.60491298
0.590	0.60416254
0.595	0.60345902
0.600	0.60280076
0.605	0.60218617
0.610	0.60161370
0.615	0.60108190
0.620	0.60058933
0.625	0.60013464
0.630	0.59971650
0.635	0.59933365
0.640	0.59898487
0.645	0.59866898
0.650	0.59838485
0.655	0.59813140
0.660	0.59790756
0.665	0.59771233
0.670	0.59754472
0.675	0.59740380
0.680	0.59728865
0.685	0.59719840
0.690	0.59713221
0.695	0.59708925
0.700	0.59706873
0.705	0.59706991
0.710	0.59709203
0.715	0.59713440
0.720	0.59719633
0.725	0.59727715
0.730	0.59737623
0.735	0.59749295
0.740	0.59762672
0.745	0.59777695
0.750	0.59794310
0.755	0.59812462
0.760	0.59832099
0.765	0.59853171
0.770	0.59875629
0.775	0.59899427
0.780	0.59924518
0.785	0.59950858
0.790	0.59978406
0.795	0.60007119
0.800	0.60036959
0.805	0.60067885
0.810	0.60099862
0.815	0.60132852
0.820	0.60166821
0.825	0.60201735
0.830	0.60237561
0.835	0.60274268
0.840	0.60311824
0.845	0.60350199
0.850	0.60389365
0.855	0.60429295
0.860	0.60469960
0.865	0.60511334
0.870	0.60553392
0.875	0.60596110
0.880	0.60639464
0.885	0.60683429
0.890	0.60727985
0.895	0.60773109
0.900	0.60818779
0.905	0.60864977
0.910	0.60911681
0.915	0.60958872
0.920	0.61006533
0.925	0.61054644
0.930	0.61103189
0.935	0.61152149
0.940	0.61201510
0.945	0.61251254
0.950	0.61301366
0.955	0.61351832
0.960	0.61402636
0.965	0.61453764
0.970	0.61505204
0.975	0.61556940
0.980	0.61608960
0.985	0.61661253
0.990	0.61713805
0.995	0.61766604
1.000	0.61819640
1.005	0.61872901
1.010	0.61926376
1.015	0.61980054
1.020	0.62033927
1.025	0.62087982
1.030	0.62142212
1.035	0.62196607
1.040	0.62251157
1.045	0.62305853
1.050	0.62360689
1.055	0.62415654
1.060	0.62470741
1.065	0.62525942
1.070	0.62581250
1.075	0.62636656
1.080	0.62692155
1.085	0.62747739
1.090	0.62803402
1.095	0.62859136
1.100	0.62914935
1.105	0.62970794
1.110	0.63026706
1.115	0.63082666
1.120	0.63138667
1.125	0.63194705
1.130	0.63250773
1.135	0.63306868
1.140	0.63362983
1.145	0.63419114
1.150	0.63475257
1.155	0.63531406
1.160	0.63587557
1.165	0.63643706
1.170	0.63699849
1.175	0.63755982
1.180	0.63812100
1.185	0.63868200
1.190	0.63924278
1.195	0.63980330
1.200	0.64036353
1.205	0.64092344
1.210	0.64148299
1.215	0.64204215
1.220	0.64260089
1.225	0.64315918
1.230	0.64371699
1.235	0.64427429
1.240	0.64483106
1.245	0.64538726
1.250	0.64594287
1.255	0.64649787
1.260	0.64705224
1.265	0.64760594
1.270	0.64815895
1.275	0.64871126
1.280	0.64926285
1.285	0.64981368
1.290	0.65036375
1.295	0.65091303
1.300	0.65146150
1.305	0.65200915
1.310	0.65255595
1.315	0.65310189
1.320	0.65364696
1.325	0.65419114
1.330	0.65473440
1.335	0.65527675
1.340	0.65581815
1.345	0.65635861
1.350	0.65689810
1.355	0.65743662
1.360	0.65797414
1.365	0.65851066
1.370	0.65904617
1.375	0.65958065
1.380	0.66011409
1.385	0.66064649
1.390	0.66117783
1.395	0.66170810
1.400	0.66223730
1.405	0.66276541
1.410	0.66329243
1.415	0.66381835
1.420	0.66434315
1.425	0.66486684
1.430	0.66538940
1.435	0.66591083
1.440	0.66643111
1.445	0.66695026
1.450	0.66746824
1.455	0.66798508
1.460	0.66850074
1.465	0.66901524
1.470	0.66952856
1.475	0.67004070
1.480	0.67055166
1.485	0.67106143
1.490	0.67157000
1.495	0.67207738
1.500	0.67258355
1.505	0.67308852
1.510	0.67359228
1.515	0.67409483
1.520	0.67459617
1.525	0.67509628
1.530	0.67559518
1.535	0.67609285
1.540	0.67658930
1.545	0.67708452
1.550	0.67757851
1.555	0.67807126
1.560	0.67856279
1.565	0.67905308
1.570	0.67954213
1.575	0.68002995
1.580	0.68051653
1.585	0.68100186
1.590	0.68148596
1.595	0.68196882
1.600	0.68245043
1.605	0.68293080
1.610	0.68340993
1.615	0.68388782
1.620	0.68436446
1.625	0.68483986
1.630	0.68531402
1.635	0.68578693
1.640	0.68625860
1.645	0.68672903
1.650	0.68719822
1.655	0.68766617
1.660	0.68813287
1.665	0.68859834
1.670	0.68906257
1.675	0.68952556
1.680	0.68998731
1.685	0.69044782
1.690	0.69090711
1.695	0.69136515
1.700	0.69182197
1.705	0.69227755
1.710	0.69273191
1.715	0.69318503
1.720	0.69363693
1.725	0.69408761
1.730	0.69453706
1.735	0.69498529
1.740	0.69543230
1.745	0.69587809
1.750	0.69632267
1.755	0.69676603
1.760	0.69720818
1.765	0.69764913
1.770	0.69808886
1.775	0.69852739
1.780	0.69896471
1.785	0.69940083
1.790	0.69983576
1.795	0.70026948
1.800	0.70070202
1.805	0.70113336
1.810	0.70156351
1.815	0.70199247
1.820	0.70242025
1.825	0.70284685
1.830	0.70327227
1.835	0.70369651
1.840	0.70411958
1.845	0.70454147
1.850	0.70496220
1.855	0.70538176
1.860	0.70580016
1.865	0.70621740
1.870	0.70663348
1.875	0.70704840
1.880	0.70746217
1.885	0.70787480
1.890	0.70828627
1.895	0.70869661
1.900	0.70910580
1.905	0.70951386
1.910	0.70992078
1.915	0.71032656
1.920	0.71073122
1.925	0.71113476
1.930	0.71153717
1.935	0.71193846
1.940	0.71233864
1.945	0.71273770
1.950	0.71313565
1.955	0.71353249
1.960	0.71392823
1.965	0.71432287
1.970	0.71471641
1.975	0.71510886
1.980	0.71550021
1.985	0.71589048
1.990	0.71627966
1.995	0.71666775
2.000	0.71705477
2.005	0.71744071
2.010	0.71782558
2.015	0.71820938
2.020	0.71859212
2.025	0.71897379
2.030	0.71935440
2.035	0.71973395
2.040	0.72011245
2.045	0.72048990
2.050	0.72086630
2.055	0.72124166
2.060	0.72161598
2.065	0.72198926
2.070	0.72236151
2.075	0.72273272
2.080	0.72310291
2.085	0.72347207
2.090	0.72384021
2.095	0.72420734
2.100	0.72457344
2.105	0.72493854
2.110	0.72530263
2.115	0.72566571
2.120	0.72602780
2.125	0.72638888
2.130	0.72674897
2.135	0.72710806
2.140	0.72746617
2.145	0.72782329
2.150	0.72817942
2.155	0.72853458
2.160	0.72888877
2.165	0.72924197
2.170	0.72959421
2.175	0.72994549
2.180	0.73029580
2.185	0.73064515
2.190	0.73099354
2.195	0.73134098
2.200	0.73168746
2.205	0.73203300
2.210	0.73237760
2.215	0.73272125
2.220	0.73306397
2.225	0.73340575
2.230	0.73374660
2.235	0.73408652
2.240	0.73442552
2.245	0.73476359
2.250	0.73510075
2.255	0.73543699
2.260	0.73577231
2.265	0.73610673
2.270	0.73644024
2.275	0.73677284
2.280	0.73710455
2.285	0.73743536
2.290	0.73776527
2.295	0.73809429
2.300	0.73842242
2.305	0.73874967
2.310	0.73907604
2.315	0.73940152
2.320	0.73972613
2.325	0.74004987
2.330	0.74037273
2.335	0.74069473
2.340	0.74101587
2.345	0.74133614
2.350	0.74165556
2.355	0.74197412
2.360	0.74229183
2.365	0.74260869
2.370	0.74292470
2.375	0.74323987
2.380	0.74355420
2.385	0.74386769
2.390	0.74418034
2.395	0.74449217
2.400	0.74480316
2.405	0.74511333
2.410	0.74542268
2.415	0.74573121
2.420	0.74603891
2.425	0.74634581
2.430	0.74665189
2.435	0.74695717
2.440	0.74726163
2.445	0.74756530
2.450	0.74786816
2.455	0.74817023
2.460	0.74847150
2.465	0.74877198
2.470	0.74907167
2.475	0.74937057
2.480	0.74966869
2.485	0.74996603
2.490	0.75026259
2.495	0.75055837
2.500	0.75085339
2.505	0.75114763
2.510	0.75144110
2.515	0.75173381
2.520	0.75202576
2.525	0.75231695
2.530	0.75260738
2.535	0.75289706
2.540	0.75318598
2.545	0.75347416
2.550	0.75376159
2.555	0.75404828
2.560	0.75433423
2.565	0.75461943
2.570	0.75490391
2.575	0.75518765
2.580	0.75547065
2.585	0.75575294
2.590	0.75603449
2.595	0.75631532
2.600	0.75659544
2.605	0.75687483
2.610	0.75715351
2.615	0.75743147
2.620	0.75770873
2.625	0.75798528
2.630	0.75826112
2.635	0.75853626
2.640	0.75881070
2.645	0.75908444
2.650	0.75935748
2.655	0.75962984
2.660	0.75990150
2.665	0.76017247
2.670	0.76044276
2.675	0.76071236
2.680	0.76098129
2.685	0.76124953
2.690	0.76151710
2.695	0.76178399
2.700	0.76205021
2.705	0.76231577
2.710	0.76258065
2.715	0.76284488
2.720	0.76310844
2.725	0.76337134
2.730	0.76363358
2.735	0.76389516
2.740	0.76415610
2.745	0.76441638
2.750	0.76467601
2.755	0.76493500
2.760	0.76519335
2.765	0.76545105
2.770	0.76570811
2.775	0.76596454
2.780	0.76622033
2.785	0.76647549
2.790	0.76673001
2.795	0.76698391
2.800	0.76723718
2.805	0.76748983
2.810	0.76774186
2.815	0.76799326
2.820	0.76824405
2.825	0.76849423
2.830	0.76874378
2.835	0.76899273
2.840	0.76924107
2.845	0.76948880
2.850	0.76973593
2.855	0.76998246
2.860	0.77022838
2.865	0.77047370
2.870	0.77071843
2.875	0.77096257
2.880	0.77120611
2.885	0.77144906
2.890	0.77169142
2.895	0.77193320
2.900	0.77217439
2.905	0.77241500
2.910	0.77265503
2.915	0.77289448
2.920	0.77313335
2.925	0.77337165
2.930	0.77360938
2.935	0.77384653
2.940	0.77408312
2.945	0.77431914
2.950	0.77455460
2.955	0.77478949
2.960	0.77502382
2.965	0.77525760
2.970	0.77549082
2.975	0.77572348
2.980	0.77595559
2.985	0.77618714
2.990	0.77641815
2.995	0.77664861
3.000	0.77687853
3.005	0.77710790
3.010	0.77733673
3.015	0.77756502
3.020	0.77779277
3.025	0.77801998
3.030	0.77824666
3.035	0.77847281
3.040	0.77869842
3.045	0.77892351
3.050	0.77914806
3.055	0.77937210
3.060	0.77959561
3.065	0.77981859
3.070	0.78004106
3.075	0.78026301
3.080	0.78048444
3.085	0.78070535
3.090	0.78092576
3.095	0.78114565
3.100	0.78136503
3.105	0.78158390
3.110	0.78180227
3.115	0.78202013
3.120	0.78223748
3.125	0.78245434
3.130	0.78267070
3.135	0.78288655
3.140	0.78310192
3.145	0.78331678
3.150	0.78353116
3.155	0.78374504
3.160	0.78395843
3.165	0.78417134
3.170	0.78438375
3.175	0.78459569
3.180	0.78480714
3.185	0.78501810
3.190	0.78522859
3.195	0.78543860
3.200	0.78564813
3.205	0.78585719
3.210	0.78606577
3.215	0.78627388
3.220	0.78648152
3.225	0.78668869
3.230	0.78689539
3.235	0.78710163
3.240	0.78730740
3.245	0.78751271
3.250	0.78771756
3.255	0.78792194
3.260	0.78812587
3.265	0.78832934
3.270	0.78853236
3.275	0.78873492
3.280	0.78893703
3.285	0.78913869
3.290	0.78933990
3.295	0.78954066
3.300	0.78974098
3.305	0.78994085
3.310	0.79014028
3.315	0.79033926
3.320	0.79053780
3.325	0.79073591
3.330	0.79093357
3.335	0.79113080
3.340	0.79132760
3.345	0.79152396
3.350	0.79171988
3.355	0.79191538
3.360	0.79211045
3.365	0.79230509
3.370	0.79249930
3.375	0.79269309
3.380	0.79288646
3.385	0.79307940
3.390	0.79327192
3.395	0.79346402
3.400	0.79365570
3.405	0.79384696
3.410	0.79403781
3.415	0.79422825
3.420	0.79441827
3.425	0.79460788
3.430	0.79479708
3.435	0.79498587
3.440	0.79517425
3.445	0.79536222
3.450	0.79554979
3.455	0.79573696
3.460	0.79592372
3.465	0.79611008
3.470	0.79629604
3.475	0.79648161
3.480	0.79666677
3.485	0.79685154
3.490	0.79703591
3.495	0.79721989
3.500	0.79740348
3.505	0.79758668
3.510	0.79776948
3.515	0.79795190
3.520	0.79813393
3.525	0.79831557
3.530	0.79849683
3.535	0.79867770
3.540	0.79885819
3.545	0.79903830
3.550	0.79921803
3.555	0.79939738
3.560	0.79957635
3.565	0.79975495
3.570	0.79993317
3.575	0.80011101
3.580	0.80028848
3.585	0.80046558
3.590	0.80064231
3.595	0.80081867
3.600	0.80099466
3.605	0.80117028
3.610	0.80134554
3.615	0.80152043
3.620	0.80169496
3.625	0.80186912
3.630	0.80204292
3.635	0.80221636
3.640	0.80238945
3.645	0.80256217
3.650	0.80273454
3.655	0.80290655
3.660	0.80307820
3.665	0.80324950
3.670	0.80342045
3.675	0.80359104
3.680	0.80376129
3.685	0.80393118
3.690	0.80410073
3.695	0.80426993
3.700	0.80443878
3.705	0.80460729
3.710	0.80477545
3.715	0.80494327
3.720	0.80511075
3.725	0.80527788
3.730	0.80544468
3.735	0.80561114
3.740	0.80577725
3.745	0.80594304
3.750	0.80610848
3.755	0.80627359
3.760	0.80643837
3.765	0.80660281
3.770	0.80676692
3.775	0.80693070
3.780	0.80709415
3.785	0.80725727
3.790	0.80742007
3.795	0.80758253
3.800	0.80774467
3.805	0.80790649
3.810	0.80806798
3.815	0.80822915
3.820	0.80838999
3.825	0.80855052
3.830	0.80871072
3.835	0.80887061
3.840	0.80903018
3.845	0.80918943
3.850	0.80934836
3.855	0.80950698
3.860	0.80966528
3.865	0.80982327
3.870	0.80998095
3.875	0.81013831
3.880	0.81029537
3.885	0.81045211
3.890	0.81060855
3.895	0.81076468
3.900	0.81092050
3.905	0.81107602
3.910	0.81123123
3.915	0.81138613
3.920	0.81154073
3.925	0.81169503
3.930	0.81184903
3.935	0.81200273
3.940	0.81215613
3.945	0.81230922
3.950	0.81246203
3.955	0.81261453
3.960	0.81276674
3.965	0.81291865
3.970	0.81307026
3.975	0.81322159
3.980	0.81337262
3.985	0.81352335
3.990	0.81367380
3.995	0.81382396
4.000	0.81397382
4.005	0.81412340
4.010	0.81427269
4.015	0.81442170
4.020	0.81457042
4.025	0.81471885
4.030	0.81486700
4.035	0.81501486
4.040	0.81516244
4.045	0.81530974
4.050	0.81545676
4.055	0.81560350
4.060	0.81574995
4.065	0.81589613
4.070	0.81604204
4.075	0.81618766
4.080	0.81633301
4.085	0.81647808
4.090	0.81662288
4.095	0.81676740
4.100	0.81691165
4.105	0.81705563
4.110	0.81719934
4.115	0.81734278
4.120	0.81748594
4.125	0.81762884
4.130	0.81777147
4.135	0.81791383
4.140	0.81805592
4.145	0.81819775
4.150	0.81833931
4.155	0.81848061
4.160	0.81862164
4.165	0.81876241
4.170	0.81890292
4.175	0.81904316
4.180	0.81918315
4.185	0.81932287
4.190	0.81946234
4.195	0.81960154
4.200	0.81974049
4.205	0.81987918
4.210	0.82001762
4.215	0.82015579
4.220	0.82029372
4.225	0.82043139
4.230	0.82056880
4.235	0.82070596
4.240	0.82084287
4.245	0.82097953
4.250	0.82111594
4.255	0.82125210
4.260	0.82138800
4.265	0.82152366
4.270	0.82165907
4.275	0.82179424
4.280	0.82192916
4.285	0.82206383
4.290	0.82219825
4.295	0.82233243
4.300	0.82246637
4.305	0.82260006
4.310	0.82273351
4.315	0.82286672
4.320	0.82299969
4.325	0.82313242
4.330	0.82326491
4.335	0.82339715
4.340	0.82352916
4.345	0.82366094
4.350	0.82379247
4.355	0.82392377
4.360	0.82405483
4.365	0.82418565
4.370	0.82431625
4.375	0.82444660
4.380	0.82457673
4.385	0.82470662
4.390	0.82483628
4.395	0.82496571
4.400	0.82509490
4.405	0.82522387
4.410	0.82535261
4.415	0.82548111
4.420	0.82560939
4.425	0.82573745
4.430	0.82586527
4.435	0.82599287
4.440	0.82612024
4.445	0.82624739
4.450	0.82637431
4.455	0.82650101
4.460	0.82662748
4.465	0.82675374
4.470	0.82687977
4.475	0.82700557
4.480	0.82713116
4.485	0.82725653
4.490	0.82738167
4.495	0.82750660
4.500	0.82763131
4.505	0.82775580
4.510	0.82788007
4.515	0.82800413
4.520	0.82812797
4.525	0.82825159
4.530	0.82837500
4.535	0.82849820
4.540	0.82862118
4.545	0.82874394
4.550	0.82886650
4.555	0.82898884
4.560	0.82911097
4.565	0.82923289
4.570	0.82935460
4.575	0.82947609
4.580	0.82959738
4.585	0.82971846
4.590	0.82983933
4.595	0.82996000
4.600	0.83008045
4.605	0.83020070
4.610	0.83032074
4.615	0.83044058
4.620	0.83056021
4.625	0.83067964
4.630	0.83079886
4.635	0.83091788
4.640	0.83103670
4.645	0.83115531
4.650	0.83127373
4.655	0.83139194
4.660	0.83150995
4.665	0.83162776
4.670	0.83174537
4.675	0.83186278
4.680	0.83197999
4.685	0.83209700
4.690	0.83221382
4.695	0.83233044
4.700	0.83244686
4.705	0.83256309
4.710	0.83267912
4.715	0.83279495
4.720	0.83291059
4.725	0.83302604
4.730	0.83314129
4.735	0.83325635
4.740	0.83337121
4.745	0.83348589
4.750	0.83360037
4.755	0.83371466
4.760	0.83382876
4.765	0.83394267
4.770	0.83405639
4.775	0.83416992
4.780	0.83428327
4.785	0.83439642
4.790	0.83450939
4.795	0.83462217
4.800	0.83473476
4.805	0.83484717
4.810	0.83495939
4.815	0.83507142
4.820	0.83518327
4.825	0.83529494
4.830	0.83540642
4.835	0.83551772
4.840	0.83562883
4.845	0.83573977
4.850	0.83585052
4.855	0.83596108
4.860	0.83607147
4.865	0.83618168
4.870	0.83629170
4.875	0.83640155
4.880	0.83651122
4.885	0.83662071
4.890	0.83673002
4.895	0.83683915
4.900	0.83694810
4.905	0.83705688
4.910	0.83716548
4.915	0.83727391
4.920	0.83738215
4.925	0.83749023
4.930	0.83759813
4.935	0.83770585
4.940	0.83781340
4.945	0.83792078
4.950	0.83802798
4.955	0.83813501
4.960	0.83824187
4.965	0.83834855
4.970	0.83845507
4.975	0.83856141
4.980	0.83866758
4.985	0.83877359
4.990	0.83887942
4.995	0.83898508
5.000	0.83909058
5.005	0.83919591
5.010	0.83930106
5.015	0.83940606
5.020	0.83951088
5.025	0.83961554
5.030	0.83972003
5.035	0.83982435
5.040	0.83992851
5.045	0.84003250
5.050	0.84013633
5.055	0.84023999
5.060	0.84034350
5.065	0.84044683
5.070	0.84055001
5.075	0.84065302
5.080	0.84075586
5.085	0.84085855
5.090	0.84096108
5.095	0.84106344
5.100	0.84116564
5.105	0.84126768
5.110	0.84136957
5.115	0.84147129
5.120	0.84157285
5.125	0.84167426
5.130	0.84177550
5.135	0.84187659
5.140	0.84197752
5.145	0.84207830
5.150	0.84217891
5.155	0.84227937
5.160	0.84237968
5.165	0.84247982
5.170	0.84257982
5.175	0.84267965
5.180	0.84277934
5.185	0.84287886
5.190	0.84297824
5.195	0.84307746
5.200	0.84317653
5.205	0.84327544
5.210	0.84337420
5.215	0.84347281
5.220	0.84357127
5.225	0.84366958
5.230	0.84376774
5.235	0.84386574
5.240	0.84396360
5.245	0.84406130
5.250	0.84415886
5.255	0.84425626
5.260	0.84435352
5.265	0.84445063
5.270	0.84454759
5.275	0.84464440
5.280	0.84474107
5.285	0.84483759
5.290	0.84493396
5.295	0.84503019
5.300	0.84512626
5.305	0.84522220
5.310	0.84531799
5.315	0.84541363
5.320	0.84550913
5.325	0.84560448
5.330	0.84569969
5.335	0.84579476
5.340	0.84588968
5.345	0.84598446
5.350	0.84607910
5.355	0.84617359
5.360	0.84626795
5.365	0.84636216
5.370	0.84645623
5.375	0.84655016
5.380	0.84664395
5.385	0.84673760
5.390	0.84683110
5.395	0.84692447
5.400	0.84701770
5.405	0.84711079
5.410	0.84720374
5.415	0.84729656
5.420	0.84738923
5.425	0.84748177
5.430	0.84757417
5.435	0.84766643
5.440	0.84775856
5.445	0.84785054
5.450	0.84794240
5.455	0.84803411
5.460	0.84812570
5.465	0.84821714
5.470	0.84830845
5.475	0.84839963
5.480	0.84849067
5.485	0.84858158
5.490	0.84867236
5.495	0.84876300
5.500	0.84885351
5.505	0.84894388
5.510	0.84903413
5.515	0.84912424
5.520	0.84921422
5.525	0.84930407
5.530	0.84939378
5.535	0.84948337
5.540	0.84957282
5.545	0.84966215
5.550	0.84975134
5.555	0.84984041
5.560	0.84992934
5.565	0.85001815
5.570	0.85010682
5.575	0.85019537
5.580	0.85028379
5.585	0.85037209
5.590	0.85046025
5.595	0.85054829
5.600	0.85063620
5.605	0.85072398
5.610	0.85081164
5.615	0.85089917
5.620	0.85098657
5.625	0.85107385
5.630	0.85116100
5.635	0.85124803
5.640	0.85133493
5.645	0.85142171
5.650	0.85150837
5.655	0.85159490
5.660	0.85168130
5.665	0.85176758
5.670	0.85185374
5.675	0.85193978
5.680	0.85202569
5.685	0.85211149
5.690	0.85219716
5.695	0.85228270
5.700	0.85236813
5.705	0.85245343
5.710	0.85253862
5.715	0.85262368
5.720	0.85270862
5.725	0.85279345
5.730	0.85287815
5.735	0.85296273
5.740	0.85304719
5.745	0.85313154
5.750	0.85321576
5.755	0.85329987
5.760	0.85338386
5.765	0.85346773
5.770	0.85355148
5.775	0.85363511
5.780	0.85371863
5.785	0.85380203
5.790	0.85388531
5.795	0.85396848
5.800	0.85405153
5.805	0.85413446
5.810	0.85421728
5.815	0.85429999
5.820	0.85438257
5.825	0.85446505
5.830	0.85454740
5.835	0.85462965
5.840	0.85471178
5.845	0.85479379
5.850	0.85487569
5.855	0.85495748
5.860	0.85503915
5.865	0.85512071
5.870	0.85520216
5.875	0.85528350
5.880	0.85536472
5.885	0.85544583
5.890	0.85552683
5.895	0.85560772
5.900	0.85568850
5.905	0.85576916
5.910	0.85584972
5.915	0.85593016
5.920	0.85601049
5.925	0.85609072
5.930	0.85617083
5.935	0.85625083
5.940	0.85633073
5.945	0.85641051
5.950	0.85649019
5.955	0.85656975
5.960	0.85664921
5.965	0.85672856
5.970	0.85680781
5.975	0.85688694
5.980	0.85696597
5.985	0.85704489
5.990	0.85712370
5.995	0.85720240
6.000	0.85728100
6.005	0.85735949
6.010	0.85743788
6.015	0.85751616
6.020	0.85759433
6.025	0.85767240
6.030	0.85775037
6.035	0.85782822
6.040	0.85790598
6.045	0.85798363
6.050	0.85806117
6.055	0.85813861
6.060	0.85821595
6.065	0.85829318
6.070	0.85837031
6.075	0.85844733
6.080	0.85852425
6.085	0.85860107
6.090	0.85867779
6.095	0.85875440
6.100	0.85883091
6.105	0.85890732
6.110	0.85898363
6.115	0.85905984
6.120	0.85913594
6.125	0.85921195
6.130	0.85928785
6.135	0.85936365
6.140	0.85943935
6.145	0.85951495
6.150	0.85959045
6.155	0.85966585
6.160	0.85974115
6.165	0.85981635
6.170	0.85989146
6.175	0.85996646
6.180	0.86004136
6.185	0.86011617
6.190	0.86019088
6.195	0.86026548
6.200	0.86033999
6.205	0.86041441
6.210	0.86048872
6.215	0.86056294
6.220	0.86063706
6.225	0.86071108
6.230	0.86078501
6.235	0.86085884
6.240	0.86093257
6.245	0.86100621
6.250	0.86107975
6.255	0.86115319
6.260	0.86122654
6.265	0.86129979
6.270	0.86137295
6.275	0.86144601
6.280	0.86151898
6.285	0.86159185
6.290	0.86166463
6.295	0.86173732
6.300	0.86180991
6.305	0.86188240
6.310	0.86195481
6.315	0.86202711
6.320	0.86209933
6.325	0.86217145
6.330	0.86224348
6.335	0.86231542
6.340	0.86238726
6.345	0.86245901
6.350	0.86253067
6.355	0.86260224
6.360	0.86267371
6.365	0.86274510
6.370	0.86281639
6.375	0.86288759
6.380	0.86295870
6.385	0.86302972
6.390	0.86310064
6.395	0.86317148
6.400	0.86324223
6.405	0.86331288
6.410	0.86338345
6.415	0.86345393
6.420	0.86352431
6.425	0.86359461
6.430	0.86366482
6.435	0.86373494
6.440	0.86380497
6.445	0.86387491
6.450	0.86394476
6.455	0.86401452
6.460	0.86408420
6.465	0.86415379
6.470	0.86422329
6.475	0.86429270
6.480	0.86436202
6.485	0.86443126
6.490	0.86450041
6.495	0.86456947
6.500	0.86463845
6.505	0.86470734
6.510	0.86477614
6.515	0.86484486
6.520	0.86491349
6.525	0.86498203
6.530	0.86505049
6.535	0.86511886
6.540	0.86518715
6.545	0.86525535
6.550	0.86532347
6.555	0.86539150
6.560	0.86545944
6.565	0.86552731
6.570	0.86559508
6.575	0.86566278
6.580	0.86573038
6.585	0.86579791
6.590	0.86586535
6.595	0.86593271
6.600	0.86599998
6.605	0.86606717
6.610	0.86613428
6.615	0.86620130
6.620	0.86626824
6.625	0.86633510
6.630	0.86640188
6.635	0.86646857
6.640	0.86653518
6.645	0.86660171
6.650	0.86666816
6.655	0.86673453
6.660	0.86680081
6.665	0.86686701
6.670	0.86693313
6.675	0.86699918
6.680	0.86706513
6.685	0.86713101
6.690	0.86719681
6.695	0.86726253
6.700	0.86732817
6.705	0.86739372
6.710	0.86745920
6.715	0.86752460
6.720	0.86758991
6.725	0.86765515
6.730	0.86772031
6.735	0.86778539
6.740	0.86785039
6.745	0.86791531
6.750	0.86798015
6.755	0.86804491
6.760	0.86810960
6.765	0.86817421
6.770	0.86823873
6.775	0.86830318
6.780	0.86836756
6.785	0.86843185
6.790	0.86849607
6.795	0.86856021
6.800	0.86862427
6.805	0.86868826
6.810	0.86875216
6.815	0.86881600
6.820	0.86887975
6.825	0.86894343
6.830	0.86900703
6.835	0.86907055
6.840	0.86913400
6.845	0.86919738
6.850	0.86926067
6.855	0.86932390
6.860	0.86938704
6.865	0.86945011
6.870	0.86951311
6.875	0.86957603
6.880	0.86963887
6.885	0.86970164
6.890	0.86976434
6.895	0.86982696
6.900	0.86988950
6.905	0.86995198
6.910	0.87001437
6.915	0.87007670
6.920	0.87013895
6.925	0.87020112
6.930	0.87026323
6.935	0.87032526
6.940	0.87038721
6.945	0.87044909
6.950	0.87051090
6.955	0.87057264
6.960	0.87063430
6.965	0.87069590
6.970	0.87075741
6.975	0.87081886
6.980	0.87088023
6.985	0.87094154
6.990	0.87100277
6.995	0.87106392
7.000	0.87112501
7.005	0.87118602
7.010	0.87124697
7.015	0.87130784
7.020	0.87136864
7.025	0.87142937
7.030	0.87149003
7.035	0.87155062
7.040	0.87161113
7.045	0.87167158
7.050	0.87173196
7.055	0.87179226
7.060	0.87185250
7.065	0.87191267
7.070	0.87197276
7.075	0.87203279
7.080	0.87209274
7.085	0.87215263
7.090	0.87221245
7.095	0.87227220
7.100	0.87233188
7.105	0.87239149
7.110	0.87245103
7.115	0.87251050
7.120	0.87256991
7.125	0.87262924
7.130	0.87268851
7.135	0.87274771
7.140	0.87280684
7.145	0.87286590
7.150	0.87292490
7.155	0.87298382
7.160	0.87304268
7.165	0.87310148
7.170	0.87316020
7.175	0.87321886
7.180	0.87327745
7.185	0.87333597
7.190	0.87339443
7.195	0.87345282
7.200	0.87351114
7.205	0.87356940
7.210	0.87362759
7.215	0.87368571
7.220	0.87374377
7.225	0.87380176
7.230	0.87385969
7.235	0.87391755
7.240	0.87397534
7.245	0.87403307
7.250	0.87409073
7.255	0.87414833
7.260	0.87420586
7.265	0.87426333
7.270	0.87432073
7.275	0.87437807
7.280	0.87443534
7.285	0.87449255
7.290	0.87454969
7.295	0.87460677
7.300	0.87466379
7.305	0.87472074
7.310	0.87477762
7.315	0.87483445
7.320	0.87489121
7.325	0.87494790
7.330	0.87500453
7.335	0.87506110
7.340	0.87511760
7.345	0.87517405
7.350	0.87523042
7.355	0.87528674
7.360	0.87534299
7.365	0.87539918
7.370	0.87545531
7.375	0.87551137
7.380	0.87556737
7.385	0.87562331
7.390	0.87567919
7.395	0.87573500
7.400	0.87579075
7.405	0.87584644
7.410	0.87590207
7.415	0.87595764
7.420	0.87601315
7.425	0.87606859
7.430	0.87612397
7.435	0.87617929
7.440	0.87623455
7.445	0.87628975
7.450	0.87634489
7.455	0.87639997
7.460	0.87645498
7.465	0.87650994
7.470	0.87656483
7.475	0.87661967
7.480	0.87667444
7.485	0.87672915
7.490	0.87678381
7.495	0.87683840
7.500	0.87689294
7.505	0.87694741
7.510	0.87700182
7.515	0.87705618
7.520	0.87711047
7.525	0.87716471
7.530	0.87721888
7.535	0.87727300
7.540	0.87732706
7.545	0.87738106
7.550	0.87743500
7.555	0.87748888
7.560	0.87754270
7.565	0.87759647
7.570	0.87765017
7.575	0.87770382
7.580	0.87775741
7.585	0.87781094
7.590	0.87786441
7.595	0.87791783
7.600	0.87797118
7.605	0.87802448
7.610	0.87807772
7.615	0.87813091
7.620	0.87818403
7.625	0.87823710
7.630	0.87829011
7.635	0.87834307
7.640	0.87839596
7.645	0.87844880
7.650	0.87850159
7.655	0.87855431
7.660	0.87860698
7.665	0.87865960
7.670	0.87871215
7.675	0.87876465
7.680	0.87881710
7.685	0.87886948
7.690	0.87892182
7.695	0.87897409
7.700	0.87902631
7.705	0.87907847
7.710	0.87913058
7.715	0.87918263
7.720	0.87923463
7.725	0.87928657
7.730	0.87933846
7.735	0.87939029
7.740	0.87944206
7.745	0.87949378
7.750	0.87954545
7.755	0.87959706
7.760	0.87964861
7.765	0.87970011
7.770	0.87975156
7.775	0.87980295
7.780	0.87985429
7.785	0.87990557
7.790	0.87995680
7.795	0.88000797
7.800	0.88005909
7.805	0.88011016
7.810	0.88016117
7.815	0.88021213
7.820	0.88026304
7.825	0.88031389
7.830	0.88036468
7.835	0.88041543
7.840	0.88046612
7.845	0.88051676
7.850	0.88056734
7.855	0.88061787
7.860	0.88066835
7.865	0.88071877
7.870	0.88076915
7.875	0.88081947
7.880	0.88086973
7.885	0.88091995
7.890	0.88097011
7.895	0.88102022
7.900	0.88107027
7.905	0.88112028
7.910	0.88117023
7.915	0.88122013
7.920	0.88126998
7.925	0.88131978
7.930	0.88136952
7.935	0.88141922
7.940	0.88146886
7.945	0.88151845
7.950	0.88156799
7.955	0.88161747
7.960	0.88166691
7.965	0.88171629
7.970	0.88176563
7.975	0.88181491
7.980	0.88186414
7.985	0.88191332
7.990	0.88196245
7.995	0.88201153
8.000	0.88206056
8.005	0.88210954
8.010	0.88215846
8.015	0.88220734
8.020	0.88225617
8.025	0.88230495
8.030	0.88235367
8.035	0.88240235
8.040	0.88245098
8.045	0.88249955
8.050	0.88254808
8.055	0.88259656
8.060	0.88264498
8.065	0.88269336
8.070	0.88274169
8.075	0.88278997
8.080	0.88283820
8.085	0.88288638
8.090	0.88293451
8.095	0.88298259
8.100	0.88303063
8.105	0.88307861
8.110	0.88312655
8.115	0.88317443
8.120	0.88322227
8.125	0.88327006
8.130	0.88331780
8.135	0.88336549
8.140	0.88341314
8.145	0.88346073
8.150	0.88350828
8.155	0.88355578
8.160	0.88360323
8.165	0.88365063
8.170	0.88369799
8.175	0.88374530
8.180	0.88379256
8.185	0.88383977
8.190	0.88388693
8.195	0.88393405
8.200	0.88398112
8.205	0.88402814
8.210	0.88407512
8.215	0.88412205
8.220	0.88416893
8.225	0.88421576
8.230	0.88426255
8.235	0.88430929
8.240	0.88435598
8.245	0.88440262
8.250	0.88444922
8.255	0.88449578
8.260	0.88454228
8.265	0.88458874
8.270	0.88463516
8.275	0.88468152
8.280	0.88472784
8.285	0.88477412
8.290	0.88482035
8.295	0.88486653
8.300	0.88491266
8.305	0.88495876
8.310	0.88500480
8.315	0.88505080
8.320	0.88509675
8.325	0.88514266
8.330	0.88518852
8.335	0.88523434
8.340	0.88528011
8.345	0.88532584
8.350	0.88537152
8.355	0.88541715
8.360	0.88546274
8.365	0.88550829
8.370	0.88555379
8.375	0.88559924
8.380	0.88564465
8.385	0.88569002
8.390	0.88573534
8.395	0.88578062
8.400	0.88582585
8.405	0.88587104
8.410	0.88591618
8.415	0.88596128
8.420	0.88600633
8.425	0.88605134
8.430	0.88609631
8.435	0.88614123
8.440	0.88618611
8.445	0.88623095
8.450	0.88627574
8.455	0.88632048
8.460	0.88636519
8.465	0.88640985
8.470	0.88645446
8.475	0.88649903
8.480	0.88654356
8.485	0.88658805
8.490	0.88663249
8.495	0.88667689
8.500	0.88672124
8.505	0.88676556
8.510	0.88680983
8.515	0.88685405
8.520	0.88689824
8.525	0.88694238
8.530	0.88698648
8.535	0.88703053
8.540	0.88707454
8.545	0.88711851
8.550	0.88716244
8.555	0.88720633
8.560	0.88725017
8.565	0.88729397
8.570	0.88733773
8.575	0.88738144
8.580	0.88742512
8.585	0.88746875
8.590	0.88751234
8.595	0.88755589
8.600	0.88759939
8.605	0.88764286
8.610	0.88768628
8.615	0.88772966
8.620	0.88777300
8.625	0.88781630
8.630	0.88785955
8.635	0.88790277
8.640	0.88794594
8.645	0.88798907
8.650	0.88803216
8.655	0.88807521
8.660	0.88811822
8.665	0.88816119
8.670	0.88820412
8.675	0.88824700
8.680	0.88828985
8.685	0.88833265
8.690	0.88837541
8.695	0.88841814
8.700	0.88846082
8.705	0.88850346
8.710	0.88854606
8.715	0.88858862
8.720	0.88863114
8.725	0.88867362
8.730	0.88871606
8.735	0.88875846
8.740	0.88880082
8.745	0.88884314
8.750	0.88888542
8.755	0.88892765
8.760	0.88896985
8.765	0.88901201
8.770	0.88905413
8.775	0.88909621
8.780	0.88913825
8.785	0.88918025
8.790	0.88922221
8.795	0.88926414
8.800	0.88930602
8.805	0.88934786
8.810	0.88938966
8.815	0.88943143
8.820	0.88947315
8.825	0.88951484
8.830	0.88955649
8.835	0.88959809
8.840	0.88963966
8.845	0.88968119
8.850	0.88972269
8.855	0.88976414
8.860	0.88980555
8.865	0.88984693
8.870	0.88988826
8.875	0.88992956
8.880	0.88997082
8.885	0.89001204
8.890	0.89005322
8.895	0.89009437
8.900	0.89013548
8.905	0.89017654
8.910	0.89021757
8.915	0.89025857
8.920	0.89029952
8.925	0.89034043
8.930	0.89038131
8.935	0.89042215
8.940	0.89046295
8.945	0.89050372
8.950	0.89054445
8.955	0.89058513
8.960	0.89062579
8.965	0.89066640
8.970	0.89070698
8.975	0.89074752
8.980	0.89078802
8.985	0.89082848
8.990	0.89086891
8.995	0.89090930
9.000	0.89094965
9.005	0.89098997
9.010	0.89103025
9.015	0.89107049
9.020	0.89111069
9.025	0.89115086
9.030	0.89119099
9.035	0.89123108
9.040	0.89127114
9.045	0.89131116
9.050	0.89135115
9.055	0.89139109
9.060	0.89143101
9.065	0.89147088
9.070	0.89151072
9.075	0.89155052
9.080	0.89159029
9.085	0.89163002
9.090	0.89166971
9.095	0.89170937
9.100	0.89174899
9.105	0.89178857
9.110	0.89182812
9.115	0.89186763
9.120	0.89190711
9.125	0.89194655
9.130	0.89198596
9.135	0.89202533
9.140	0.89206466
9.145	0.89210396
9.150	0.89214323
9.155	0.89218245
9.160	0.89222164
9.165	0.89226080
9.170	0.89229992
9.175	0.89233901
9.180	0.89237806
9.185	0.89241708
9.190	0.89245606
9.195	0.89249500
9.200	0.89253391
9.205	0.89257279
9.210	0.89261163
9.215	0.89265043
9.220	0.89268920
9.225	0.89272794
9.230	0.89276664
9.235	0.89280531
9.240	0.89284394
9.245	0.89288253
9.250	0.89292110
9.255	0.89295962
9.260	0.89299812
9.265	0.89303658
9.270	0.89307500
9.275	0.89311339
9.280	0.89315175
9.285	0.89319007
9.290	0.89322836
9.295	0.89326661
9.300	0.89330483
9.305	0.89334302
9.310	0.89338117
9.315	0.89341928
9.320	0.89345737
9.325	0.89349542
9.330	0.89353343
9.335	0.89357142
9.340	0.89360937
9.345	0.89364728
9.350	0.89368516
9.355	0.89372301
9.360	0.89376082
9.365	0.89379860
9.370	0.89383635
9.375	0.89387407
9.380	0.89391175
9.385	0.89394939
9.390	0.89398701
9.395	0.89402459
9.400	0.89406214
9.405	0.89409965
9.410	0.89413714
9.415	0.89417458
9.420	0.89421200
9.425	0.89424938
9.430	0.89428673
9.435	0.89432405
9.440	0.89436134
9.445	0.89439859
9.450	0.89443581
9.455	0.89447299
9.460	0.89451015
9.465	0.89454727
9.470	0.89458436
9.475	0.89462142
9.480	0.89465844
9.485	0.89469543
9.490	0.89473239
9.495	0.89476932
9.500	0.89480621
9.505	0.89484308
9.510	0.89487991
9.515	0.89491671
9.520	0.89495347
9.525	0.89499021
9.530	0.89502691
9.535	0.89506358
9.540	0.89510022
9.545	0.89513683
9.550	0.89517341
9.555	0.89520995
9.560	0.89524646
9.565	0.89528294
9.570	0.89531939
9.575	0.89535581
9.580	0.89539219
9.585	0.89542855
9.590	0.89546487
9.595	0.89550116
9.600	0.89553742
9.605	0.89557365
9.610	0.89560985
9.615	0.89564602
9.620	0.89568215
9.625	0.89571826
9.630	0.89575433
9.635	0.89579037
9.640	0.89582638
9.645	0.89586236
9.650	0.89589831
9.655	0.89593423
9.660	0.89597012
9.665	0.89600597
9.670	0.89604180
9.675	0.89607760
9.680	0.89611336
9.685	0.89614909
9.690	0.89618480
9.695	0.89622047
9.700	0.89625611
9.705	0.89629173
9.710	0.89632731
9.715	0.89636286
9.720	0.89639838
9.725	0.89643387
9.730	0.89646933
9.735	0.89650476
9.740	0.89654016
9.745	0.89657553
9.750	0.89661087
9.755	0.89664618
9.760	0.89668146
9.765	0.89671671
9.770	0.89675193
9.775	0.89678712
9.780	0.89682228
9.785	0.89685741
9.790	0.89689251
9.795	0.89692758
9.800	0.89696263
9.805	0.89699764
9.810	0.89703262
9.815	0.89706757
9.820	0.89710249
9.825	0.89713739
9.830	0.89717225
9.835	0.89720709
9.840	0.89724189
9.845	0.89727667
9.850	0.89731142
9.855	0.89734613
9.860	0.89738082
9.865	0.89741548
9.870	0.89745011
9.875	0.89748471
9.880	0.89751928
9.885	0.89755383
9.890	0.89758834
9.895	0.89762283
9.900	0.89765728
9.905	0.89769171
9.910	0.89772611
9.915	0.89776048
9.920	0.89779482
9.925	0.89782913
9.930	0.89786342
9.935	0.89789767
9.940	0.89793190
9.945	0.89796609
9.950	0.89800026
9.955	0.89803441
9.960	0.89806852
9.965	0.89810260
9.970	0.89813666
9.975	0.89817069
9.980	0.89820468
9.985	0.89823866
9.990	0.89827260
9.995	0.89830651
10.000	0.89834040
10.005	0.89837426
10.010	0.89840809
10.015	0.89844189
10.020	0.89847566
10.025	0.89850941
10.030	0.89854313
10.035	0.89857682
10.040	0.89861048
10.045	0.89864412
10.050	0.89867772
10.055	0.89871130
10.060	0.89874486
10.065	0.89877838
10.070	0.89881188
10.075	0.89884535
10.080	0.89887879
10.085	0.89891220
10.090	0.89894559
10.095	0.89897895
10.100	0.89901228
10.105	0.89904558
10.110	0.89907886
10.115	0.89911211
10.120	0.89914533
10.125	0.89917853
10.130	0.89921169
10.135	0.89924483
10.140	0.89927795
10.145	0.89931103
10.150	0.89934409
10.155	0.89937713
10.160	0.89941013
10.165	0.89944311
10.170	0.89947606
10.175	0.89950899
10.180	0.89954189
10.185	0.89957476
10.190	0.89960760
10.195	0.89964042
10.200	0.89967321
10.205	0.89970597
10.210	0.89973871
10.215	0.89977142
10.220	0.89980411
10.225	0.89983677
10.230	0.89986940
10.235	0.89990200
10.240	0.89993458
10.245	0.89996713
10.250	0.89999966
10.255	0.90003216
10.260	0.90006463
10.265	0.90009708
10.270	0.90012950
10.275	0.90016190
10.280	0.90019426
10.285	0.90022661
10.290	0.90025892
10.295	0.90029121
10.300	0.90032348
10.305	0.90035572
10.310	0.90038793
10.315	0.90042011
10.320	0.90045228
10.325	0.90048441
10.330	0.90051652
10.335	0.90054860
10.340	0.90058066
10.345	0.90061269
10.350	0.90064470
10.355	0.90067668
10.360	0.90070863
10.365	0.90074056
10.370	0.90077247
10.375	0.90080434
10.380	0.90083620
10.385	0.90086802
10.390	0.90089982
10.395	0.90093160
10.400	0.90096335
10.405	0.90099508
10.410	0.90102678
10.415	0.90105845
10.420	0.90109010
10.425	0.90112173
10.430	0.90115333
10.435	0.90118490
10.440	0.90121645
10.445	0.90124797
10.450	0.90127947
10.455	0.90131095
10.460	0.90134240
10.465	0.90137382
10.470	0.90140522
10.475	0.90143659
10.480	0.90146794
10.485	0.90149927
10.490	0.90153057
10.495	0.90156184
10.500	0.90159309
10.505	0.90162432
10.510	0.90165552
10.515	0.90168670
10.520	0.90171785
10.525	0.90174898
10.530	0.90178008
10.535	0.90181116
10.540	0.90184221
10.545	0.90187324
10.550	0.90190425
10.555	0.90193523
10.560	0.90196618
10.565	0.90199712
10.570	0.90202802
10.575	0.90205891
10.580	0.90208977
10.585	0.90212060
10.590	0.90215141
10.595	0.90218220
10.600	0.90221296
10.605	0.90224370
10.610	0.90227441
10.615	0.90230510
10.620	0.90233577
10.625	0.90236641
10.630	0.90239703
10.635	0.90242762
10.640	0.90245820
10.645	0.90248874
10.650	0.90251927
10.655	0.90254976
10.660	0.90258024
10.665	0.90261069
10.670	0.90264112
10.675	0.90267152
10.680	0.90270191
10.685	0.90273226
10.690	0.90276260
10.695	0.90279291
10.700	0.90282319
10.705	0.90285346
10.710	0.90288369
10.715	0.90291391
10.720	0.90294410
10.725	0.90297427
10.730	0.90300442
10.735	0.90303454
10.740	0.90306464
10.745	0.90309472
10.750	0.90312477
10.755	0.90315480
10.760	0.90318481
10.765	0.90321479
10.770	0.90324475
10.775	0.90327469
10.780	0.90330460
10.785	0.90333449
10.790	0.90336436
10.795	0.90339421
10.800	0.90342403
10.805	0.90345383
10.810	0.90348360
10.815	0.90351336
10.820	0.90354309
10.825	0.90357280
10.830	0.90360248
10.835	0.90363214
10.840	0.90366178
10.845	0.90369140
10.850	0.90372099
10.855	0.90375056
10.860	0.90378011
10.865	0.90380964
10.870	0.90383914
10.875	0.90386863
10.880	0.90389808
10.885	0.90392752
10.890	0.90395693
10.895	0.90398633
10.900	0.90401570
10.905	0.90404504
10.910	0.90407437
10.915	0.90410367
10.920	0.90413295
10.925	0.90416221
10.930	0.90419144
10.935	0.90422065
10.940	0.90424984
10.945	0.90427901
10.950	0.90430816
10.955	0.90433728
10.960	0.90436639
10.965	0.90439547
10.970	0.90442453
10.975	0.90445356
10.980	0.90448258
10.985	0.90451157
10.990	0.90454054
10.995	0.90456949
11.000	0.90459842
11.005	0.90462732
11.010	0.90465620
11.015	0.90468506
11.020	0.90471390
11.025	0.90474272
11.030	0.90477152
11.035	0.90480029
11.040	0.90482905
11.045	0.90485778
11.050	0.90488649
11.055	0.90491518
11.060	0.90494384
11.065	0.90497249
11.070	0.90500111
11.075	0.90502971
11.080	0.90505829
11.085	0.90508685
11.090	0.90511539
11.095	0.90514391
11.100	0.90517240
11.105	0.90520088
11.110	0.90522933
11.115	0.90525776
11.120	0.90528617
11.125	0.90531456
11.130	0.90534293
11.135	0.90537127
11.140	0.90539960
11.145	0.90542790
11.150	0.90545619
11.155	0.90548445
11.160	0.90551269
11.165	0.90554091
11.170	0.90556911
11.175	0.90559729
11.180	0.90562544
11.185	0.90565358
11.190	0.90568169
11.195	0.90570979
11.200	0.90573786
11.205	0.90576592
11.210	0.90579395
11.215	0.90582196
11.220	0.90584995
11.225	0.90587792
11.230	0.90590587
11.235	0.90593380
11.240	0.90596170
11.245	0.90598959
11.250	0.90601746
11.255	0.90604530
11.260	0.90607313
11.265	0.90610094
11.270	0.90612872
11.275	0.90615648
11.280	0.90618423
11.285	0.90621195
11.290	0.90623965
11.295	0.90626734
11.300	0.90629500
11.305	0.90632264
11.310	0.90635026
11.315	0.90637786
11.320	0.90640544
11.325	0.90643300
11.330	0.90646054
11.335	0.90648806
11.340	0.90651556
11.345	0.90654304
11.350	0.90657050
11.355	0.90659794
11.360	0.90662536
11.365	0.90665276
11.370	0.90668014
11.375	0.90670750
11.380	0.90673484
11.385	0.90676216
11.390	0.90678946
11.395	0.90681674
11.400	0.90684400
11.405	0.90687124
11.410	0.90689846
11.415	0.90692566
11.420	0.90695284
11.425	0.90698000
11.430	0.90700714
11.435	0.90703426
11.440	0.90706137
11.445	0.90708845
11.450	0.90711551
11.455	0.90714255
11.460	0.90716958
11.465	0.90719658
11.470	0.90722356
11.475	0.90725053
11.480	0.90727747
11.485	0.90730440
11.490	0.90733130
11.495	0.90735819
11.500	0.90738506
11.505	0.90741190
11.510	0.90743873
11.515	0.90746554
11.520	0.90749233
11.525	0.90751910
11.530	0.90754585
11.535	0.90757258
11.540	0.90759930
11.545	0.90762599
11.550	0.90765266
11.555	0.90767932
11.560	0.90770595
11.565	0.90773257
11.570	0.90775917
11.575	0.90778575
11.580	0.90781230
11.585	0.90783885
11.590	0.90786537
11.595	0.90789187
11.600	0.90791835
11.605	0.90794482
11.610	0.90797126
11.615	0.90799769
11.620	0.90802409
11.625	0.90805048
11.630	0.90807685
11.635	0.90810320
11.640	0.90812954
11.645	0.90815585
11.650	0.90818214
11.655	0.90820842
11.660	0.90823468
11.665	0.90826091
11.670	0.90828713
11.675	0.90831333
11.680	0.90833952
11.685	0.90836568
11.690	0.90839182
11.695	0.90841795
11.700	0.90844406
11.705	0.90847015
11.710	0.90849622
11.715	0.90852227
11.720	0.90854831
11.725	0.90857432
11.730	0.90860032
11.735	0.90862630
11.740	0.90865226
11.745	0.90867820
11.750	0.90870412
11.755	0.90873003
11.760	0.90875591
11.765	0.90878178
11.770	0.90880763
11.775	0.90883346
11.780	0.90885928
11.785	0.90888507
11.790	0.90891085
11.795	0.90893661
11.800	0.90896235
11.805	0.90898807
11.810	0.90901378
11.815	0.90903947
11.820	0.90906513
11.825	0.90909078
11.830	0.90911642
11.835	0.90914203
11.840	0.90916763
11.845	0.90919321
11.850	0.90921877
11.855	0.90924431
11.860	0.90926984
11.865	0.90929534
11.870	0.90932083
11.875	0.90934630
11.880	0.90937176
11.885	0.90939719
11.890	0.90942261
11.895	0.90944801
11.900	0.90947339
11.905	0.90949876
11.910	0.90952410
11.915	0.90954943
11.920	0.90957475
11.925	0.90960004
11.930	0.90962532
11.935	0.90965057
11.940	0.90967582
11.945	0.90970104
11.950	0.90972624
11.955	0.90975143
11.960	0.90977660
11.965	0.90980176
11.970	0.90982689
11.975	0.90985201
11.980	0.90987711
11.985	0.90990220
11.990	0.90992726
11.995	0.90995231
12.000	0.90997734
12.005	0.91000236
12.010	0.91002736
12.015	0.91005233
12.020	0.91007730
12.025	0.91010224
12.030	0.91012717
12.035	0.91015208
12.040	0.91017697
12.045	0.91020185
12.050	0.91022671
12.055	0.91025155
12.060	0.91027638
12.065	0.91030118
12.070	0.91032598
12.075	0.91035075
12.080	0.91037551
12.085	0.91040024
12.090	0.91042497
12.095	0.91044967
12.100	0.91047436
12.105	0.91049903
12.110	0.91052369
12.115	0.91054833
12.120	0.91057295
12.125	0.91059755
12.130	0.91062214
12.135	0.91064671
12.140	0.91067126
12.145	0.91069580
12.150	0.91072032
12.155	0.91074482
12.160	0.91076931
12.165	0.91079378
12.170	0.91081823
12.175	0.91084266
12.180	0.91086708
12.185	0.91089149
12.190	0.91091587
12.195	0.91094024
12.200	0.91096460
12.205	0.91098893
12.210	0.91101325
12.215	0.91103755
12.220	0.91106184
12.225	0.91108611
12.230	0.91111036
12.235	0.91113460
12.240	0.91115882
12.245	0.91118303
12.250	0.91120721
12.255	0.91123139
12.260	0.91125554
12.265	0.91127968
12.270	0.91130380
12.275	0.91132791
12.280	0.91135200
12.285	0.91137607
12.290	0.91140013
12.295	0.91142417
12.300	0.91144819
12.305	0.91147220
12.310	0.91149619
12.315	0.91152017
12.320	0.91154413
12.325	0.91156807
12.330	0.91159200
12.335	0.91161591
12.340	0.91163980
12.345	0.91166368
12.350	0.91168755
12.355	0.91171139
12.360	0.91173522
12.365	0.91175904
12.370	0.91178284
12.375	0.91180662
12.380	0.91183039
12.385	0.91185414
12.390	0.91187787
12.395	0.91190159
12.400	0.91192529
12.405	0.91194898
12.410	0.91197265
12.415	0.91199631
12.420	0.91201995
12.425	0.91204357
12.430	0.91206718
12.435	0.91209077
12.440	0.91211435
12.445	0.91213791
12.450	0.91216145
12.455	0.91218498
12.460	0.91220850
12.465	0.91223199
12.470	0.91225548
12.475	0.91227894
12.480	0.91230239
12.485	0.91232583
12.490	0.91234925
12.495	0.91237265
12.500	0.91239604
12.505	0.91241941
12.510	0.91244277
12.515	0.91246611
12.520	0.91248944
12.525	0.91251275
12.530	0.91253605
12.535	0.91255933
12.540	0.91258259
12.545	0.91260584
12.550	0.91262907
12.555	0.91265229
12.560	0.91267549
12.565	0.91269868
12.570	0.91272185
12.575	0.91274501
12.580	0.91276815
12.585	0.91279128
12.590	0.91281439
12.595	0.91283748
12.600	0.91286056
12.605	0.91288363
12.610	0.91290668
12.615	0.91292971
12.620	0.91295273
12.625	0.91297574
12.630	0.91299873
12.635	0.91302170
12.640	0.91304466
12.645	0.91306761
12.650	0.91309053
12.655	0.91311345
12.660	0.91313635
12.665	0.91315923
12.670	0.91318210
12.675	0.91320495
12.680	0.91322779
12.685	0.91325061
12.690	0.91327342
12.695	0.91329622
12.700	0.91331900
12.705	0.91334176
12.710	0.91336451
12.715	0.91338724
12.720	0.91340996
12.725	0.91343267
12.730	0.91345536
12.735	0.91347803
12.740	0.91350069
12.745	0.91352334
12.750	0.91354597
12.755	0.91356858
12.760	0.91359118
12.765	0.91361377
12.770	0.91363634
12.775	0.91365890
12.780	0.91368144
12.785	0.91370397
12.790	0.91372648
12.795	0.91374898
12.800	0.91377146
12.805	0.91379393
12.810	0.91381639
12.815	0.91383883
12.820	0.91386125
12.825	0.91388366
12.830	0.91390606
12.835	0.91392844
12.840	0.91395081
12.845	0.91397316
12.850	0.91399550
12.855	0.91401782
12.860	0.91404013
12.865	0.91406242
12.870	0.91408470
12.875	0.91410697
12.880	0.91412922
12.885	0.91415146
12.890	0.91417368
12.895	0.91419589
12.900	0.91421809
12.905	0.91424027
12.910	0.91426243
12.915	0.91428458
12.920	0.91430672
12.925	0.91432884
12.930	0.91435095
12.935	0.91437305
12.940	0.91439513
12.945	0.91441719
12.950	0.91443924
12.955	0.91446128
12.960	0.91448331
12.965	0.91450531
12.970	0.91452731
12.975	0.91454929
12.980	0.91457126
12.985	0.91459321
12.990	0.91461515
12.995	0.91463707
13.000	0.91465899
13.005	0.91468088
13.010	0.91470277
13.015	0.91472463
13.020	0.91474649
13.025	0.91476833
13.030	0.91479016
13.035	0.91481197
13.040	0.91483377
13.045	0.91485555
13.050	0.91487733
13.055	0.91489908
13.060	0.91492083
13.065	0.91494256
13.070	0.91496427
13.075	0.91498598
13.080	0.91500766
13.085	0.91502934
13.090	0.91505100
13.095	0.91507265
13.100	0.91509428
13.105	0.91511590
13.110	0.91513750
13.115	0.91515910
13.120	0.91518067
13.125	0.91520224
13.130	0.91522379
13.135	0.91524533
13.140	0.91526685
13.145	0.91528836
13.150	0.91530986
13.155	0.91533134
13.160	0.91535281
13.165	0.91537427
13.170	0.91539571
13.175	0.91541714
13.180	0.91543855
13.185	0.91545995
13.190	0.91548134
13.195	0.91550272
13.200	0.91552408
13.205	0.91554543
13.210	0.91556676
13.215	0.91558808
13.220	0.91560939
13.225	0.91563068
13.230	0.91565196
13.235	0.91567323
13.240	0.91569448
13.245	0.91571573
13.250	0.91573695
13.255	0.91575817
13.260	0.91577937
13.265	0.91580055
13.270	0.91582173
13.275	0.91584289
13.280	0.91586404
13.285	0.91588517
13.290	0.91590629
13.295	0.91592740
13.300	0.91594849
13.305	0.91596958
13.310	0.91599064
13.315	0.91601170
13.320	0.91603274
13.325	0.91605377
13.330	0.91607478
13.335	0.91609579
13.340	0.91611678
13.345	0.91613775
13.350	0.91615872
13.355	0.91617967
13.360	0.91620060
13.365	0.91622153
13.370	0.91624244
13.375	0.91626334
13.380	0.91628422
13.385	0.91630509
13.390	0.91632595
13.395	0.91634680
13.400	0.91636763
13.405	0.91638845
13.410	0.91640926
13.415	0.91643005
13.420	0.91645084
13.425	0.91647160
13.430	0.91649236
13.435	0.91651310
13.440	0.91653383
13.445	0.91655455
13.450	0.91657525
13.455	0.91659595
13.460	0.91661662
13.465	0.91663729
13.470	0.91665794
13.475	0.91667858
13.480	0.91669921
13.485	0.91671983
13.490	0.91674043
13.495	0.91676102
13.500	0.91678160
13.505	0.91680216
13.510	0.91682271
13.515	0.91684325
13.520	0.91686378
13.525	0.91688429
13.530	0.91690479
13.535	0.91692528
13.540	0.91694576
13.545	0.91696622
13.550	0.91698667
13.555	0.91700711
13.560	0.91702753
13.565	0.91704795
13.570	0.91706835
13.575	0.91708874
13.580	0.91710911
13.585	0.91712947
13.590	0.91714983
13.595	0.91717016
13.600	0.91719049
13.605	0.91721080
13.610	0.91723110
13.615	0.91725139
13.620	0.91727167
13.625	0.91729193
13.630	0.91731218
13.635	0.91733242
13.640	0.91735265
13.645	0.91737286
13.650	0.91739306
13.655	0.91741325
13.660	0.91743343
13.665	0.91745360
13.670	0.91747375
13.675	0.91749389
13.680	0.91751402
13.685	0.91753413
13.690	0.91755424
13.695	0.91757433
13.700	0.91759441
13.705	0.91761448
13.710	0.91763453
13.715	0.91765457
13.720	0.91767460
13.725	0.91769462
13.730	0.91771463
13.735	0.91773462
13.740	0.91775460
13.745	0.91777457
13.750	0.91779453
13.755	0.91781448
13.760	0.91783441
13.765	0.91785433
13.770	0.91787424
13.775	0.91789414
13.780	0.91791403
13.785	0.91793390
13.790	0.91795376
13.795	0.91797361
13.800	0.91799345
13.805	0.91801328
13.810	0.91803309
13.815	0.91805289
13.820	0.91807268
13.825	0.91809246
13.830	0.91811222
13.835	0.91813198
13.840	0.91815172
13.845	0.91817145
13.850	0.91819117
13.855	0.91821088
13.860	0.91823057
13.865	0.91825026
13.870	0.91826993
13.875	0.91828959
13.880	0.91830923
13.885	0.91832887
13.890	0.91834849
13.895	0.91836811
13.900	0.91838771
13.905	0.91840730
13.910	0.91842687
13.915	0.91844644
13.920	0.91846599
13.925	0.91848553
13.930	0.91850506
13.935	0.91852458
13.940	0.91854409
13.945	0.91856359
13.950	0.91858307
13.955	0.91860254
13.960	0.91862200
13.965	0.91864145
13.970	0.91866089
13.975	0.91868031
13.980	0.91869973
13.985	0.91871913
13.990	0.91873852
13.995	0.91875790
14.000	0.91877727
14.005	0.91879663
14.010	0.91881597
14.015	0.91883531
14.020	0.91885463
14.025	0.91887394
14.030	0.91889324
14.035	0.91891253
14.040	0.91893180
14.045	0.91895107
14.050	0.91897032
14.055	0.91898956
14.060	0.91900879
14.065	0.91902801
14.070	0.91904722
14.075	0.91906642
14.080	0.91908560
14.085	0.91910478
14.090	0.91912394
14.095	0.91914309
14.100	0.91916223
14.105	0.91918136
14.110	0.91920048
14.115	0.91921958
14.120	0.91923868
14.125	0.91925776
14.130	0.91927683
14.135	0.91929589
14.140	0.91931494
14.145	0.91933398
14.150	0.91935301
14.155	0.91937203
14.160	0.91939103
14.165	0.91941002
14.170	0.91942901
14.175	0.91944798
14.180	0.91946694
14.185	0.91948589
14.190	0.91950483
14.195	0.91952375
14.200	0.91954267
14.205	0.91956158
14.210	0.91958047
14.215	0.91959935
14.220	0.91961822
14.225	0.91963708
14.230	0.91965593
14.235	0.91967477
14.240	0.91969360
14.245	0.91971242
14.250	0.91973122
14.255	0.91975002
14.260	0.91976880
14.265	0.91978757
14.270	0.91980634
14.275	0.91982509
14.280	0.91984383
14.285	0.91986256
14.290	0.91988127
14.295	0.91989998
14.300	0.91991868
14.305	0.91993736
14.310	0.91995604
14.315	0.91997470
14.320	0.91999335
14.325	0.92001199
14.330	0.92003063
14.335	0.92004925
14.340	0.92006786
14.345	0.92008645
14.350	0.92010504
14.355	0.92012362
14.360	0.92014219
14.365	0.92016074
14.370	0.92017929
14.375	0.92019782
14.380	0.92021634
14.385	0.92023486
14.390	0.92025336
14.395	0.92027185
14.400	0.92029033
14.405	0.92030880
14.410	0.92032726
14.415	0.92034571
14.420	0.92036415
14.425	0.92038257
14.430	0.92040099
14.435	0.92041940
14.440	0.92043779
14.445	0.92045618
14.450	0.92047455
14.455	0.92049291
14.460	0.92051127
14.465	0.92052961
14.470	0.92054794
14.475	0.92056626
14.480	0.92058457
14.485	0.92060287
14.490	0.92062116
14.495	0.92063944
14.500	0.92065771
14.505	0.92067597
14.510	0.92069422
14.515	0.92071246
14.520	0.92073068
14.525	0.92074890
14.530	0.92076710
14.535	0.92078530
14.540	0.92080349
14.545	0.92082166
14.550	0.92083982
14.555	0.92085798
14.560	0.92087612
14.565	0.92089426
14.570	0.92091238
14.575	0.92093049
14.580	0.92094859
14.585	0.92096669
14.590	0.92098477
14.595	0.92100284
14.600	0.92102090
14.605	0.92103895
14.610	0.92105699
14.615	0.92107502
14.620	0.92109304
14.625	0.92111105
14.630	0.92112905
14.635	0.92114704
14.640	0.92116502
14.645	0.92118298
14.650	0.92120094
14.655	0.92121889
14.660	0.92123683
14.665	0.92125476
14.670	0.92127267
14.675	0.92129058
14.680	0.92130848
14.685	0.92132637
14.690	0.92134424
14.695	0.92136211
14.700	0.92137997
14.705	0.92139781
14.710	0.92141565
14.715	0.92143348
14.720	0.92145129
14.725	0.92146910
14.730	0.92148690
14.735	0.92150468
14.740	0.92152246
14.745	0.92154022
14.750	0.92155798
14.755	0.92157573
14.760	0.92159346
14.765	0.92161119
14.770	0.92162890
14.775	0.92164661
14.780	0.92166431
14.785	0.92168199
14.790	0.92169967
14.795	0.92171733
14.800	0.92173499
14.805	0.92175264
14.810	0.92177027
14.815	0.92178790
14.820	0.92180552
14.825	0.92182312
14.830	0.92184072
14.835	0.92185831
14.840	0.92187588
14.845	0.92189345
14.850	0.92191101
14.855	0.92192856
14.860	0.92194609
14.865	0.92196362
14.870	0.92198114
14.875	0.92199865
14.880	0.92201615
14.885	0.92203364
14.890	0.92205111
14.895	0.92206858
14.900	0.92208604
14.905	0.92210349
14.910	0.92212093
14.915	0.92213836
14.920	0.92215578
14.925	0.92217319
14.930	0.92219059
14.935	0.92220799
14.940	0.92222537
14.945	0.92224274
14.950	0.92226010
14.955	0.92227745
14.960	0.92229480
14.965	0.92231213
14.970	0.92232945
14.975	0.92234677
14.980	0.92236407
14.985	0.92238137
14.990	0.92239865
14.995	0.92241593
15.000	0.92243319
15.005	0.92245045
15.010	0.92246770
15.015	0.92248493
15.020	0.92250216
15.025	0.92251938
15.030	0.92253659
15.035	0.92255379
15.040	0.92257098
15.045	0.92258815
15.050	0.92260533
15.055	0.92262249
15.060	0.92263964
15.065	0.92265678
15.070	0.92267391
15.075	0.92269104
15.080	0.92270815
15.085	0.92272525
15.090	0.92274235
15.095	0.92275943
15.100	0.92277651
15.105	0.92279358
15.110	0.92281063
15.115	0.92282768
15.120	0.92284472
15.125	0.92286175
15.130	0.92287877
15.135	0.92289578
15.140	0.92291278
15.145	0.92292977
15.150	0.92294675
15.155	0.92296372
15.160	0.92298069
15.165	0.92299764
15.170	0.92301459
15.175	0.92303152
15.180	0.92304845
15.185	0.92306536
15.190	0.92308227
15.195	0.92309917
15.200	0.92311606
15.205	0.92313294
15.210	0.92314981
15.215	0.92316667
15.220	0.92318352
15.225	0.92320037
15.230	0.92321720
15.235	0.92323403
15.240	0.92325084
15.245	0.92326765
15.250	0.92328444
15.255	0.92330123
15.260	0.92331801
15.265	0.92333478
15.270	0.92335154
15.275	0.92336829
15.280	0.92338503
15.285	0.92340177
15.290	0.92341849
15.295	0.92343521
15.300	0.92345191
15.305	0.92346861
15.310	0.92348530
15.315	0.92350197
15.320	0.92351864
15.325	0.92353530
15.330	0.92355195
15.335	0.92356860
15.340	0.92358523
15.345	0.92360185
15.350	0.92361847
15.355	0.92363508
15.360	0.92365167
15.365	0.92366826
15.370	0.92368484
15.375	0.92370141
15.380	0.92371797
15.385	0.92373452
15.390	0.92375107
15.395	0.92376760
15.400	0.92378413
15.405	0.92380064
15.410	0.92381715
15.415	0.92383365
15.420	0.92385014
15.425	0.92386662
15.430	0.92388309
15.435	0.92389955
15.440	0.92391601
15.445	0.92393245
15.450	0.92394889
15.455	0.92396532
15.460	0.92398174
15.465	0.92399815
15.470	0.92401455
15.475	0.92403094
15.480	0.92404732
15.485	0.92406370
15.490	0.92408006
15.495	0.92409642
15.500	0.92411277
15.505	0.92412911
15.510	0.92414544
15.515	0.92416176
15.520	0.92417807
15.525	0.92419438
15.530	0.92421067
15.535	0.92422696
15.540	0.92424324
15.545	0.92425951
15.550	0.92427577
15.555	0.92429202
15.560	0.92430826
15.565	0.92432450
15.570	0.92434072
15.575	0.92435694
15.580	0.92437315
15.585	0.92438935
15.590	0.92440554
15.595	0.92442172
15.600	0.92443789
15.605	0.92445406
15.610	0.92447022
15.615	0.92448636
15.620	0.92450250
15.625	0.92451864
15.630	0.92453476
15.635	0.92455087
15.640	0.92456698
15.645	0.92458307
15.650	0.92459916
15.655	0.92461524
15.660	0.92463131
15.665	0.92464737
15.670	0.92466343
15.675	0.92467947
15.680	0.92469551
15.685	0.92471154
15.690	0.92472756
15.695	0.92474357
15.700	0.92475957
15.705	0.92477556
15.710	0.92479155
15.715	0.92480753
15.720	0.92482350
15.725	0.92483946
15.730	0.92485541
15.735	0.92487135
15.740	0.92488729
15.745	0.92490321
15.750	0.92491913
15.755	0.92493504
15.760	0.92495094
15.765	0.92496683
15.770	0.92498272
15.775	0.92499860
15.780	0.92501446
15.785	0.92503032
15.790	0.92504617
15.795	0.92506202
15.800	0.92507785
15.805	0.92509368
15.810	0.92510949
15.815	0.92512530
15.820	0.92514110
15.825	0.92515690
15.830	0.92517268
15.835	0.92518846
15.840	0.92520422
15.845	0.92521998
15.850	0.92523574
15.855	0.92525148
15.860	0.92526721
15.865	0.92528294
15.870	0.92529866
15.875	0.92531437
15.880	0.92533007
15.885	0.92534576
15.890	0.92536145
15.895	0.92537712
15.900	0.92539279
15.905	0.92540845
15.910	0.92542411
15.915	0.92543975
15.920	0.92545539
15.925	0.92547101
15.930	0.92548663
15.935	0.92550224
15.940	0.92551785
15.945	0.92553344
15.950	0.92554903
15.955	0.92556461
15.960	0.92558018
15.965	0.92559574
15.970	0.92561130
15.975	0.92562684
15.980	0.92564238
15.985	0.92565791
15.990	0.92567343
15.995	0.92568895
16.000	0.92570445
16.005	0.92571995
16.010	0.92573544
16.015	0.92575092
16.020	0.92576639
16.025	0.92578186
16.030	0.92579732
16.035	0.92581277
16.040	0.92582821
16.045	0.92584364
16.050	0.92585907
16.055	0.92587449
16.060	0.92588989
16.065	0.92590530
16.070	0.92592069
16.075	0.92593608
16.080	0.92595145
16.085	0.92596682
16.090	0.92598218
16.095	0.92599754
16.100	0.92601288
16.105	0.92602822
16.110	0.92604355
16.115	0.92605887
16.120	0.92607419
16.125	0.92608949
16.130	0.92610479
16.135	0.92612008
16.140	0.92613536
16.145	0.92615064
16.150	0.92616591
16.155	0.92618116
16.160	0.92619642
16.165	0.92621166
16.170	0.92622689
16.175	0.92624212
16.180	0.92625734
16.185	0.92627255
16.190	0.92628776
16.195	0.92630295
16.200	0.92631814
16.205	0.92633332
16.210	0.92634849
16.215	0.92636366
16.220	0.92637882
16.225	0.92639396
16.230	0.92640911
16.235	0.92642424
16.240	0.92643937
16.245	0.92645448
16.250	0.92646959
16.255	0.92648470
16.260	0.92649979
16.265	0.92651488
16.270	0.92652996
16.275	0.92654503
16.280	0.92656009
16.285	0.92657515
16.290	0.92659020
16.295	0.92660524
16.300	0.92662027
16.305	0.92663530
16.310	0.92665032
16.315	0.92666533
16.320	0.92668033
16.325	0.92669532
16.330	0.92671031
16.335	0.92672529
16.340	0.92674026
16.345	0.92675523
16.350	0.92677018
16.355	0.92678513
16.360	0.92680008
16.365	0.92681501
16.370	0.92682994
16.375	0.92684485
16.380	0.92685977
16.385	0.92687467
16.390	0.92688957
16.395	0.92690445
16.400	0.92691933
16.405	0.92693421
16.410	0.92694907
16.415	0.92696393
16.420	0.92697878
16.425	0.92699363
16.430	0.92700846
16.435	0.92702329
16.440	0.92703811
16.445	0.92705292
16.450	0.92706773
16.455	0.92708253
16.460	0.92709732
16.465	0.92711210
16.470	0.92712688
16.475	0.92714164
16.480	0.92715640
16.485	0.92717116
16.490	0.92718590
16.495	0.92720064
16.500	0.92721537
16.505	0.92723010
16.510	0.92724481
16.515	0.92725952
16.520	0.92727422
16.525	0.92728892
16.530	0.92730360
16.535	0.92731828
16.540	0.92733295
16.545	0.92734762
16.550	0.92736227
16.555	0.92737692
16.560	0.92739156
16.565	0.92740620
16.570	0.92742083
16.575	0.92743545
16.580	0.92745006
16.585	0.92746466
16.590	0.92747926
16.595	0.92749385
16.600	0.92750844
16.605	0.92752301
16.610	0.92753758
16.615	0.92755214
16.620	0.92756670
16.625	0.92758124
16.630	0.92759578
16.635	0.92761031
16.640	0.92762484
16.645	0.92763936
16.650	0.92765387
16.655	0.92766837
16.660	0.92768287
16.665	0.92769736
16.670	0.92771184
16.675	0.92772631
16.680	0.92774078
16.685	0.92775524
16.690	0.92776969
16.695	0.92778414
16.700	0.92779857
16.705	0.92781300
16.710	0.92782743
16.715	0.92784184
16.720	0.92785625
16.725	0.92787066
16.730	0.92788505
16.735	0.92789944
16.740	0.92791382
16.745	0.92792819
16.750	0.92794256
16.755	0.92795692
16.760	0.92797127
16.765	0.92798562
16.770	0.92799995
16.775	0.92801428
16.780	0.92802861
16.785	0.92804292
16.790	0.92805723
16.795	0.92807154
16.800	0.92808583
16.805	0.92810012
16.810	0.92811440
16.815	0.92812867
16.820	0.92814294
16.825	0.92815720
16.830	0.92817145
16.835	0.92818570
16.840	0.92819994
16.845	0.92821417
16.850	0.92822839
16.855	0.92824261
16.860	0.92825682
16.865	0.92827102
16.870	0.92828522
16.875	0.92829941
16.880	0.92831359
16.885	0.92832777
16.890	0.92834194
16.895	0.92835610
16.900	0.92837025
16.905	0.92838440
16.910	0.92839854
16.915	0.92841267
16.920	0.92842680
16.925	0.92844092
16.930	0.92845503
16.935	0.92846914
16.940	0.92848324
16.945	0.92849733
16.950	0.92851141
16.955	0.92852549
16.960	0.92853956
16.965	0.92855363
16.970	0.92856768
16.975	0.92858173
16.980	0.92859578
16.985	0.92860981
16.990	0.92862384
16.995	0.92863787
17.000	0.92865188
17.005	0.92866589
17.010	0.92867989
17.015	0.92869389
17.020	0.92870788
17.025	0.92872186
17.030	0.92873583
17.035	0.92874980
17.040	0.92876376
17.045	0.92877772
17.050	0.92879167
17.055	0.92880561
17.060	0.92881954
17.065	0.92883347
17.070	0.92884739
17.075	0.92886130
17.080	0.92887521
17.085	0.92888911
17.090	0.92890300
17.095	0.92891689
17.100	0.92893077
17.105	0.92894464
17.110	0.92895851
17.115	0.92897237
17.120	0.92898622
17.125	0.92900006
17.130	0.92901390
17.135	0.92902774
17.140	0.92904156
17.145	0.92905538
17.150	0.92906919
17.155	0.92908300
17.160	0.92909680
17.165	0.92911059
17.170	0.92912437
17.175	0.92913815
17.180	0.92915193
17.185	0.92916569
17.190	0.92917945
17.195	0.92919320
17.200	0.92920695
17.205	0.92922069
17.210	0.92923442
17.215	0.92924814
17.220	0.92926186
17.225	0.92927557
17.230	0.92928928
17.235	0.92930298
17.240	0.92931667
17.245	0.92933036
17.250	0.92934404
17.255	0.92935771
17.260	0.92937137
17.265	0.92938503
17.270	0.92939869
17.275	0.92941233
17.280	0.92942597
17.285	0.92943960
17.290	0.92945323
17.295	0.92946685
17.300	0.92948046
17.305	0.92949407
17.310	0.92950767
17.315	0.92952126
17.320	0.92953485
17.325	0.92954843
17.330	0.92956201
17.335	0.92957557
17.340	0.92958913
17.345	0.92960269
17.350	0.92961624
17.355	0.92962978
17.360	0.92964331
17.365	0.92965684
17.370	0.92967036
17.375	0.92968388
17.380	0.92969739
17.385	0.92971089
17.390	0.92972439
17.395	0.92973788
17.400	0.92975136
17.405	0.92976483
17.410	0.92977831
17.415	0.92979177
17.420	0.92980523
17.425	0.92981868
17.430	0.92983212
17.435	0.92984556
17.440	0.92985899
17.445	0.92987242
17.450	0.92988583
17.455	0.92989925
17.460	0.92991265
17.465	0.92992605
17.470	0.92993945
17.475	0.92995283
17.480	0.92996621
17.485	0.92997959
17.490	0.92999295
17.495	0.93000632
17.500	0.93001967
17.505	0.93003302
17.510	0.93004636
17.515	0.93005970
17.520	0.93007303
17.525	0.93008635
17.530	0.93009967
17.535	0.93011298
17.540	0.93012628
17.545	0.93013958
17.550	0.93015287
17.555	0.93016616
17.560	0.93017944
17.565	0.93019271
17.570	0.93020597
17.575	0.93021923
17.580	0.93023249
17.585	0.93024574
17.590	0.93025898
17.595	0.93027221
17.600	0.93028544
17.605	0.93029866
17.610	0.93031188
17.615	0.93032509
17.620	0.93033829
17.625	0.93035149
17.630	0.93036468
17.635	0.93037787
17.640	0.93039104
17.645	0.93040422
17.650	0.93041738
17.655	0.93043054
17.660	0.93044370
17.665	0.93045685
17.670	0.93046999
17.675	0.93048312
17.680	0.93049625
17.685	0.93050937
17.690	0.93052249
17.695	0.93053560
17.700	0.93054871
17.705	0.93056180
17.710	0.93057490
17.715	0.93058798
17.720	0.93060106
17.725	0.93061413
17.730	0.93062720
17.735	0.93064026
17.740	0.93065332
17.745	0.93066637
17.750	0.93067941
17.755	0.93069245
17.760	0.93070548
17.765	0.93071850
17.770	0.93073152
17.775	0.93074453
17.780	0.93075754
17.785	0.93077054
17.790	0.93078353
17.795	0.93079652
17.800	0.93080950
17.805	0.93082248
17.810	0.93083545
17.815	0.93084841
17.820	0.93086137
17.825	0.93087432
17.830	0.93088727
17.835	0.93090021
17.840	0.93091314
17.845	0.93092607
17.850	0.93093899
17.855	0.93095190
17.860	0.93096481
17.865	0.93097772
17.870	0.93099061
17.875	0.93100350
17.880	0.93101639
17.885	0.93102927
17.890	0.93104214
17.895	0.93105501
17.900	0.93106787
17.905	0.93108073
17.910	0.93109358
17.915	0.93110642
17.920	0.93111926
17.925	0.93113209
17.930	0.93114491
17.935	0.93115773
17.940	0.93117055
17.945	0.93118335
17.950	0.93119615
17.955	0.93120895
17.960	0.93122174
17.965	0.93123452
17.970	0.93124730
17.975	0.93126007
17.980	0.93127284
17.985	0.93128560
17.990	0.93129835
17.995	0.93131110
18.000	0.93132384
18.005	0.93133658
18.010	0.93134931
18.015	0.93136204
18.020	0.93137475
18.025	0.93138747
18.030	0.93140017
18.035	0.93141287
18.040	0.93142557
18.045	0.93143826
18.050	0.93145094
18.055	0.93146362
18.060	0.93147629
18.065	0.93148896
18.070	0.93150162
18.075	0.93151427
18.080	0.93152692
18.085	0.93153956
18.090	0.93155220
18.095	0.93156483
18.100	0.93157746
18.105	0.93159008
18.110	0.93160269
18.115	0.93161530
18.120	0.93162790
18.125	0.93164050
18.130	0.93165309
18.135	0.93166567
18.140	0.93167825
18.145	0.93169082
18.150	0.93170339
18.155	0.93171595
18.160	0.93172851
18.165	0.93174106
18.170	0.93175360
18.175	0.93176614
18.180	0.93177867
18.185	0.93179120
18.190	0.93180372
18.195	0.93181624
18.200	0.93182875
18.205	0.93184125
18.210	0.93185375
18.215	0.93186624
18.220	0.93187873
18.225	0.93189121
18.230	0.93190368
18.235	0.93191615
18.240	0.93192862
18.245	0.93194108
18.250	0.93195353
18.255	0.93196598
18.260	0.93197842
18.265	0.93199085
18.270	0.93200328
18.275	0.93201571
18.280	0.93202813
18.285	0.93204054
18.290	0.93205295
18.295	0.93206535
18.300	0.93207774
18.305	0.93209013
18.310	0.93210252
18.315	0.93211490
18.320	0.93212727
18.325	0.93213964
18.330	0.93215200
18.335	0.93216436
18.340	0.93217671
18.345	0.93218906
18.350	0.93220140
18.355	0.93221373
18.360	0.93222606
18.365	0.93223838
18.370	0.93225070
18.375	0.93226301
18.380	0.93227532
18.385	0.93228762
18.390	0.93229991
18.395	0.93231220
18.400	0.93232449
18.405	0.93233676
18.410	0.93234904
18.415	0.93236130
18.420	0.93237357
18.425	0.93238582
18.430	0.93239807
18.435	0.93241032
18.440	0.93242256
18.445	0.93243479
18.450	0.93244702
18.455	0.93245924
18.460	0.93247146
18.465	0.93248367
18.470	0.93249588
18.475	0.93250808
18.480	0.93252027
18.485	0.93253246
18.490	0.93254465
18.495	0.93255683
18.500	0.93256900
18.505	0.93258117
18.510	0.93259333
18.515	0.93260549
18.520	0.93261764
18.525	0.93262979
18.530	0.93264193
18.535	0.93265406
18.540	0.93266619
18.545	0.93267832
18.550	0.93269043
18.555	0.93270255
18.560	0.93271466
18.565	0.93272676
18.570	0.93273886
18.575	0.93275095
18.580	0.93276303
18.585	0.93277511
18.590	0.93278719
18.595	0.93279926
18.600	0.93281132
18.605	0.93282338
18.610	0.93283544
18.615	0.93284748
18.620	0.93285953
18.625	0.93287157
18.630	0.93288360
18.635	0.93289562
18.640	0.93290765
18.645	0.93291966
18.650	0.93293167
18.655	0.93294368
18.660	0.93295568
18.665	0.93296767
18.670	0.93297966
18.675	0.93299164
18.680	0.93300362
18.685	0.93301560
18.690	0.93302756
18.695	0.93303953
18.700	0.93305148
18.705	0.93306344
18.710	0.93307538
18.715	0.93308732
18.720	0.93309926
18.725	0.93311119
18.730	0.93312312
18.735	0.93313504
18.740	0.93314695
18.745	0.93315886
18.750	0.93317076
18.755	0.93318266
18.760	0.93319456
18.765	0.93320644
18.770	0.93321833
18.775	0.93323020
18.780	0.93324208
18.785	0.93325394
18.790	0.93326581
18.795	0.93327766
18.800	0.93328951
18.805	0.93330136
18.810	0.93331320
18.815	0.93332504
18.820	0.93333687
18.825	0.93334869
18.830	0.93336051
18.835	0.93337233
18.840	0.93338414
18.845	0.93339594
18.850	0.93340774
18.855	0.93341953
18.860	0.93343132
18.865	0.93344310
18.870	0.93345488
18.875	0.93346666
18.880	0.93347842
18.885	0.93349019
18.890	0.93350194
18.895	0.93351369
18.900	0.93352544
18.905	0.93353718
18.910	0.93354892
18.915	0.93356065
18.920	0.93357238
18.925	0.93358410
18.930	0.93359581
18.935	0.93360753
18.940	0.93361923
18.945	0.93363093
18.950	0.93364263
18.955	0.93365432
18.960	0.93366600
18.965	0.93367768
18.970	0.93368936
18.975	0.93370103
18.980	0.93371269
18.985	0.93372435
18.990	0.93373601
18.995	0.93374765
19.000	0.93375930
19.005	0.93377094
19.010	0.93378257
19.015	0.93379420
19.020	0.93380582
19.025	0.93381744
19.030	0.93382906
19.035	0.93384066
19.040	0.93385227
19.045	0.93386387
19.050	0.93387546
19.055	0.93388705
19.060	0.93389863
19.065	0.93391021
19.070	0.93392178
19.075	0.93393335
19.080	0.93394491
19.085	0.93395647
19.090	0.93396802
19.095	0.93397957
19.100	0.93399111
19.105	0.93400265
19.110	0.93401418
19.115	0.93402571
19.120	0.93403723
19.125	0.93404875
19.130	0.93406026
19.135	0.93407177
19.140	0.93408327
19.145	0.93409477
19.150	0.93410626
19.155	0.93411775
19.160	0.93412923
19.165	0.93414071
19.170	0.93415218
19.175	0.93416365
19.180	0.93417511
19.185	0.93418657
19.190	0.93419802
19.195	0.93420947
19.200	0.93422091
19.205	0.93423235
19.210	0.93424378
19.215	0.93425521
19.220	0.93426663
19.225	0.93427805
19.230	0.93428946
19.235	0.93430087
19.240	0.93431227
19.245	0.93432367
19.250	0.93433506
19.255	0.93434645
19.260	0.93435784
19.265	0.93436921
19.270	0.93438059
19.275	0.93439196
19.280	0.93440332
19.285	0.93441468
19.290	0.93442603
19.295	0.93443738
19.300	0.93444872
19.305	0.93446006
19.310	0.93447140
19.315	0.93448273
19.320	0.93449405
19.325	0.93450537
19.330	0.93451669
19.335	0.93452799
19.340	0.93453930
19.345	0.93455060
19.350	0.93456189
19.355	0.93457318
19.360	0.93458447
19.365	0.93459575
19.370	0.93460703
19.375	0.93461830
19.380	0.93462956
19.385	0.93464082
19.390	0.93465208
19.395	0.93466333
19.400	0.93467458
19.405	0.93468582
19.410	0.93469706
19.415	0.93470829
19.420	0.93471952
19.425	0.93473074
19.430	0.93474196
19.435	0.93475317
19.440	0.93476438
19.445	0.93477558
19.450	0.93478678
19.455	0.93479797
19.460	0.93480916
19.465	0.93482035
19.470	0.93483152
19.475	0.93484270
19.480	0.93485387
19.485	0.93486503
19.490	0.93487619
19.495	0.93488735
19.500	0.93489850
19.505	0.93490965
19.510	0.93492079
19.515	0.93493192
19.520	0.93494305
19.525	0.93495418
19.530	0.93496530
19.535	0.93497642
19.540	0.93498753
19.545	0.93499864
19.550	0.93500974
19.555	0.93502084
19.560	0.93503194
19.565	0.93504302
19.570	0.93505411
19.575	0.93506519
19.580	0.93507626
19.585	0.93508733
19.590	0.93509840
19.595	0.93510946
19.600	0.93512051
19.605	0.93513157
19.610	0.93514261
19.615	0.93515365
19.620	0.93516469
19.625	0.93517572
19.630	0.93518675
19.635	0.93519777
19.640	0.93520879
19.645	0.93521981
19.650	0.93523082
19.655	0.93524182
19.660	0.93525282
19.665	0.93526381
19.670	0.93527480
19.675	0.93528579
19.680	0.93529677
19.685	0.93530775
19.690	0.93531872
19.695	0.93532969
19.700	0.93534065
19.705	0.93535161
19.710	0.93536256
19.715	0.93537351
19.720	0.93538445
19.725	0.93539539
19.730	0.93540633
19.735	0.93541726
19.740	0.93542818
19.745	0.93543910
19.750	0.93545002
19.755	0.93546093
19.760	0.93547184
19.765	0.93548274
19.770	0.93549364
19.775	0.93550453
19.780	0.93551542
19.785	0.93552630
19.790	0.93553718
19.795	0.93554806
19.800	0.93555893
19.805	0.93556979
19.810	0.93558066
19.815	0.93559151
19.820	0.93560236
19.825	0.93561321
19.830	0.93562405
19.835	0.93563489
19.840	0.93564573
19.845	0.93565656
19.850	0.93566738
19.855	0.93567820
19.860	0.93568902
19.865	0.93569983
19.870	0.93571063
19.875	0.93572144
19.880	0.93573223
19.885	0.93574303
19.890	0.93575382
19.895	0.93576460
19.900	0.93577538
19.905	0.93578615
19.910	0.93579692
19.915	0.93580769
19.920	0.93581845
19.925	0.93582921
19.930	0.93583996
19.935	0.93585071
19.940	0.93586145
19.945	0.93587219
19.950	0.93588292
19.955	0.93589365
19.960	0.93590438
19.965	0.93591510
19.970	0.93592582
19.975	0.93593653
19.980	0.93594724
19.985	0.93595794
19.990	0.93596864
19.995	0.93597933
20.000	0.93599002
20.005	0.93600071
20.010	0.93601139
20.015	0.93602206
20.020	0.93603274
20.025	0.93604340
20.030	0.93605407
20.035	0.93606473
20.040	0.93607538
20.045	0.93608603
20.050	0.93609667
20.055	0.93610732
20.060	0.93611795
20.065	0.93612858
20.070	0.93613921
20.075	0.93614983
20.080	0.93616045
20.085	0.93617107
20.090	0.93618168
20.095	0.93619228
20.100	0.93620288
20.105	0.93621348
20.110	0.93622407
20.115	0.93623466
20.120	0.93624524
20.125	0.93625582
20.130	0.93626640
20.135	0.93627697
20.140	0.93628754
20.145	0.93629810
20.150	0.93630865
20.155	0.93631921
20.160	0.93632976
20.165	0.93634030
20.170	0.93635084
20.175	0.93636138
20.180	0.93637191
20.185	0.93638243
20.190	0.93639296
20.195	0.93640347
20.200	0.93641399
20.205	0.93642450
20.210	0.93643500
20.215	0.93644550
20.220	0.93645600
20.225	0.93646649
20.230	0.93647698
20.235	0.93648746
20.240	0.93649794
20.245	0.93650842
20.250	0.93651889
20.255	0.93652935
20.260	0.93653982
20.265	0.93655027
20.270	0.93656073
20.275	0.93657118
20.280	0.93658162
20.285	0.93659206
20.290	0.93660250
20.295	0.93661293
20.300	0.93662336
20.305	0.93663378
20.310	0.93664420
20.315	0.93665461
20.320	0.93666502
20.325	0.93667543
20.330	0.93668583
20.335	0.93669623
20.340	0.93670662
20.345	0.93671701
20.350	0.93672740
20.355	0.93673778
20.360	0.93674815
20.365	0.93675853
20.370	0.93676889
20.375	0.93677926
20.380	0.93678962
20.385	0.93679997
20.390	0.93681032
20.395	0.93682067
20.400	0.93683101
20.405	0.93684135
20.410	0.93685168
20.415	0.93686201
20.420	0.93687234
20.425	0.93688266
20.430	0.93689298
20.435	0.93690329
20.440	0.93691360
20.445	0.93692390
20.450	0.93693420
20.455	0.93694450
20.460	0.93695479
20.465	0.93696508
20.470	0.93697536
20.475	0.93698564
20.480	0.93699592
20.485	0.93700619
20.490	0.93701646
20.495	0.93702672
20.500	0.93703698
20.505	0.93704723
20.510	0.93705748
20.515	0.93706773
20.520	0.93707797
20.525	0.93708821
20.530	0.93709844
20.535	0.93710867
20.540	0.93711890
20.545	0.93712912
20.550	0.93713933
20.555	0.93714955
20.560	0.93715975
20.565	0.93716996
20.570	0.93718016
20.575	0.93719036
20.580	0.93720055
20.585	0.93721074
20.590	0.93722092
20.595	0.93723110
20.600	0.93724127
20.605	0.93725145
20.610	0.93726161
20.615	0.93727178
20.620	0.93728194
20.625	0.93729209
20.630	0.93730224
20.635	0.93731239
20.640	0.93732253
20.645	0.93733267
20.650	0.93734280
20.655	0.93735294
20.660	0.93736306
20.665	0.93737318
20.670	0.93738330
20.675	0.93739342
20.680	0.93740353
20.685	0.93741363
20.690	0.93742373
20.695	0.93743383
20.700	0.93744393
20.705	0.93745401
20.710	0.93746410
20.715	0.93747418
20.720	0.93748426
20.725	0.93749433
20.730	0.93750440
20.735	0.93751447
20.740	0.93752453
20.745	0.93753459
20.750	0.93754464
20.755	0.93755469
20.760	0.93756473
20.765	0.93757478
20.770	0.93758481
20.775	0.93759485
20.780	0.93760487
20.785	0.93761490
20.790	0.93762492
20.795	0.93763494
20.800	0.93764495
20.805	0.93765496
20.810	0.93766496
20.815	0.93767496
20.820	0.93768496
20.825	0.93769495
20.830	0.93770494
20.835	0.93771493
20.840	0.93772491
20.845	0.93773489
20.850	0.93774486
20.855	0.93775483
20.860	0.93776479
20.865	0.93777475
20.870	0.93778471
20.875	0.93779466
20.880	0.93780461
20.885	0.93781456
20.890	0.93782450
20.895	0.93783444
20.900	0.93784437
20.905	0.93785430
20.910	0.93786422
20.915	0.93787415
20.920	0.93788406
20.925	0.93789398
20.930	0.93790389
20.935	0.93791379
20.940	0.93792369
20.945	0.93793359
20.950	0.93794348
20.955	0.93795337
20.960	0.93796326
20.965	0.93797314
20.970	0.93798302
20.975	0.93799289
20.980	0.93800276
20.985	0.93801263
20.990	0.93802249
20.995	0.93803235
21.000	0.93804221
21.005	0.93805206
21.010	0.93806190
21.015	0.93807174
21.020	0.93808158
21.025	0.93809142
21.030	0.93810125
21.035	0.93811108
21.040	0.93812090
21.045	0.93813072
21.050	0.93814053
21.055	0.93815035
21.060	0.93816015
21.065	0.93816996
21.070	0.93817976
21.075	0.93818955
21.080	0.93819935
21.085	0.93820913
21.090	0.93821892
21.095	0.93822870
21.100	0.93823848
21.105	0.93824825
21.110	0.93825802
21.115	0.93826778
21.120	0.93827754
21.125	0.93828730
21.130	0.93829705
21.135	0.93830680
21.140	0.93831655
21.145	0.93832629
21.150	0.93833603
21.155	0.93834576
21.160	0.93835550
21.165	0.93836522
21.170	0.93837494
21.175	0.93838466
21.180	0.93839438
21.185	0.93840409
21.190	0.93841380
21.195	0.93842350
21.200	0.93843320
21.205	0.93844290
21.210	0.93845259
21.215	0.93846228
21.220	0.93847196
21.225	0.93848164
21.230	0.93849132
21.235	0.93850099
21.240	0.93851066
21.245	0.93852033
21.250	0.93852999
21.255	0.93853965
21.260	0.93854930
21.265	0.93855895
21.270	0.93856860
21.275	0.93857824
21.280	0.93858788
21.285	0.93859752
21.290	0.93860715
21.295	0.93861678
21.300	0.93862640
21.305	0.93863602
21.310	0.93864564
21.315	0.93865525
21.320	0.93866486
21.325	0.93867447
21.330	0.93868407
21.335	0.93869366
21.340	0.93870326
21.345	0.93871285
21.350	0.93872244
21.355	0.93873202
21.360	0.93874160
21.365	0.93875117
