0.250	1.00000000
0.255	0.97401307
0.260	0.94931173
0.265	0.92580409
0.270	0.90340666
0.275	0.88204340
0.280	0.86164495
0.285	0.84214790
0.290	0.82349417
0.295	0.80563054
0.300	0.78850806
0.305	0.77208173
0.310	0.75631004
0.315	0.74115472
0.320	0.72658036
0.325	0.71255419
0.330	0.69904587
0.335	0.68602720
0.340	0.67347200
0.345	0.66135590
0.350	0.64965621
0.355	0.63835176
0.360	0.62742279
0.365	0.61685082
0.370	0.60661859
0.375	0.59670989
0.380	0.58710955
0.385	0.57780333
0.390	0.56877785
0.395	0.56002052
0.400	0.55151951
0.405	0.54326366
0.410	0.53524247
0.415	0.52744600
0.420	0.51986489
0.425	0.51249029
0.430	0.50531382
0.435	0.49832756
0.440	0.49152400
0.445	0.48489603
0.450	0.47843690
0.455	0.47214020
0.460	0.46599984
0.465	0.46001005
0.470	0.45416532
0.475	0.44846042
0.480	0.44289037
0.485	0.43745042
0.490	0.43213604
0.495	0.42694291
0.500	0.42186692
0.505	0.41690412
0.510	0.41205076
0.515	0.40730325
0.520	0.40265814
0.525	0.39811216
0.530	0.39366214
0.535	0.38930507
0.540	0.38503807
0.545	0.38085836
0.550	0.37676329
0.555	0.37275031
0.560	0.36881696
0.565	0.36496090
0.570	0.36117987
0.575	0.35747171
0.580	0.35383431
0.585	0.35026568
0.590	0.34676388
0.595	0.34332706
0.600	0.33995342
0.605	0.33664124
0.610	0.33338885
0.615	0.33019466
0.620	0.32705712
0.625	0.32397473
0.630	0.32094606
0.635	0.31796972
0.640	0.31504436
0.645	0.31216871
0.650	0.30934149
0.655	0.30656151
0.660	0.30382759
0.665	0.30113860
0.670	0.29849345
0.675	0.29589109
0.680	0.29333048
0.685	0.29081063
0.690	0.28833059
0.695	0.28588942
0.700	0.28348622
0.705	0.28112012
0.710	0.27879028
0.715	0.27649586
0.720	0.27423609
0.725	0.27201017
0.730	0.26981736
0.735	0.26765694
0.740	0.26552820
0.745	0.26343045
0.750	0.26136303
0.755	0.25932528
0.760	0.25731659
0.765	0.25533634
0.770	0.25338393
0.775	0.25145879
0.780	0.24956036
0.785	0.24768809
0.790	0.24584145
0.795	0.24401993
0.800	0.24222301
0.805	0.24045021
0.810	0.23870105
0.815	0.23697508
0.820	0.23527183
0.825	0.23359087
0.830	0.23193176
0.835	0.23029409
0.840	0.22867746
0.845	0.22708146
0.850	0.22550570
0.855	0.22394982
0.860	0.22241344
0.865	0.22089620
0.870	0.21939775
0.875	0.21791775
0.880	0.21645587
0.885	0.21501177
0.890	0.21358515
0.895	0.21217570
0.900	0.21078310
0.905	0.20940707
0.910	0.20804731
0.915	0.20670354
0.920	0.20537549
0.925	0.20406288
0.930	0.20276546
0.935	0.20148296
0.940	0.20021514
0.945	0.19896175
0.950	0.19772254
0.955	0.19649729
0.960	0.19528575
0.965	0.19408772
0.970	0.19290296
0.975	0.19173126
0.980	0.19057242
0.985	0.18942622
0.990	0.18829246
0.995	0.18717094
1.000	0.18606148
1.005	0.18496388
1.010	0.18387795
1.015	0.18280352
1.020	0.18174041
1.025	0.18068844
1.030	0.17964744
1.035	0.17861724
1.040	0.17759769
1.045	0.17658862
1.050	0.17558987
1.055	0.17460129
1.060	0.17362272
1.065	0.17265403
1.070	0.17169506
1.075	0.17074567
1.080	0.16980572
1.085	0.16887508
1.090	0.16795360
1.095	0.16704117
1.100	0.16613764
1.105	0.16524290
1.110	0.16435681
1.115	0.16347926
1.120	0.16261012
1.125	0.16174929
1.130	0.16089663
1.135	0.16005204
1.140	0.15921542
1.145	0.15838664
1.150	0.15756560
1.155	0.15675219
1.160	0.15594632
1.165	0.15514788
1.170	0.15435677
1.175	0.15357290
1.180	0.15279616
1.185	0.15202646
1.190	0.15126371
1.195	0.15050782
1.200	0.14975870
1.205	0.14901625
1.210	0.14828040
1.215	0.14755106
1.220	0.14682814
1.225	0.14611157
1.230	0.14540125
1.235	0.14469712
1.240	0.14399909
1.245	0.14330708
1.250	0.14262103
1.255	0.14194085
1.260	0.14126647
1.265	0.14059783
1.270	0.13993485
1.275	0.13927745
1.280	0.13862558
1.285	0.13797917
1.290	0.13733814
1.295	0.13670244
1.300	0.13607199
1.305	0.13544674
1.310	0.13482662
1.315	0.13421158
1.320	0.13360155
1.325	0.13299647
1.330	0.13239628
1.335	0.13180094
1.340	0.13121037
1.345	0.13062453
1.350	0.13004335
1.355	0.12946680
1.360	0.12889480
1.365	0.12832732
1.370	0.12776429
1.375	0.12720567
1.380	0.12665141
1.385	0.12610146
1.390	0.12555577
1.395	0.12501429
1.400	0.12447697
1.405	0.12394377
1.410	0.12341465
1.415	0.12288955
1.420	0.12236844
1.425	0.12185126
1.430	0.12133798
1.435	0.12082856
1.440	0.12032295
1.445	0.11982110
1.450	0.11932299
1.455	0.11882856
1.460	0.11833779
1.465	0.11785063
1.470	0.11736703
1.475	0.11688698
1.480	0.11641042
1.485	0.11593732
1.490	0.11546764
1.495	0.11500135
1.500	0.11453841
1.505	0.11407880
1.510	0.11362246
1.515	0.11316937
1.520	0.11271950
1.525	0.11227281
1.530	0.11182927
1.535	0.11138885
1.540	0.11095152
1.545	0.11051724
1.550	0.11008598
1.555	0.10965772
1.560	0.10923242
1.565	0.10881006
1.570	0.10839060
1.575	0.10797401
1.580	0.10756027
1.585	0.10714935
1.590	0.10674123
1.595	0.10633586
1.600	0.10593323
1.605	0.10553332
1.610	0.10513608
1.615	0.10474151
1.620	0.10434956
1.625	0.10396022
1.630	0.10357346
1.635	0.10318926
1.640	0.10280760
1.645	0.10242844
1.650	0.10205176
1.655	0.10167755
1.660	0.10130577
1.665	0.10093640
1.670	0.10056943
1.675	0.10020483
1.680	0.09984258
1.685	0.09948265
1.690	0.09912502
1.695	0.09876968
1.700	0.09841660
1.705	0.09806576
1.710	0.09771714
1.715	0.09737072
1.720	0.09702648
1.725	0.09668440
1.730	0.09634447
1.735	0.09600665
1.740	0.09567093
1.745	0.09533730
1.750	0.09500573
1.755	0.09467621
1.760	0.09434872
1.765	0.09402323
1.770	0.09369974
1.775	0.09337823
1.780	0.09305867
1.785	0.09274104
1.790	0.09242535
1.795	0.09211156
1.800	0.09179965
1.805	0.09148962
1.810	0.09118145
1.815	0.09087512
1.820	0.09057061
1.825	0.09026792
1.830	0.08996701
1.835	0.08966789
1.840	0.08937053
1.845	0.08907491
1.850	0.08878103
1.855	0.08848887
1.860	0.08819841
1.865	0.08790964
1.870	0.08762255
1.875	0.08733712
1.880	0.08705334
1.885	0.08677119
1.890	0.08649066
1.895	0.08621174
1.900	0.08593441
1.905	0.08565867
1.910	0.08538449
1.915	0.08511187
1.920	0.08484078
1.925	0.08457123
1.930	0.08430320
1.935	0.08403667
1.940	0.08377163
1.945	0.08350807
1.950	0.08324598
1.955	0.08298535
1.960	0.08272616
1.965	0.08246841
1.970	0.08221208
1.975	0.08195716
1.980	0.08170364
1.985	0.08145151
1.990	0.08120075
1.995	0.08095136
2.000	0.08070333
2.005	0.08045665
2.010	0.08021130
2.015	0.07996727
2.020	0.07972456
2.025	0.07948315
2.030	0.07924303
2.035	0.07900420
2.040	0.07876665
2.045	0.07853036
2.050	0.07829532
2.055	0.07806153
2.060	0.07782897
2.065	0.07759764
2.070	0.07736752
2.075	0.07713862
2.080	0.07691091
2.085	0.07668439
2.090	0.07645905
2.095	0.07623488
2.100	0.07601188
2.105	0.07579003
2.110	0.07556932
2.115	0.07534976
2.120	0.07513132
2.125	0.07491400
2.130	0.07469779
2.135	0.07448269
2.140	0.07426868
2.145	0.07405576
2.150	0.07384392
2.155	0.07363315
2.160	0.07342344
2.165	0.07321480
2.170	0.07300720
2.175	0.07280064
2.180	0.07259511
2.185	0.07239061
2.190	0.07218713
2.195	0.07198466
2.200	0.07178319
2.205	0.07158273
2.210	0.07138325
2.215	0.07118475
2.220	0.07098723
2.225	0.07079068
2.230	0.07059509
2.235	0.07040046
2.240	0.07020677
2.245	0.07001403
2.250	0.06982222
2.255	0.06963134
2.260	0.06944138
2.265	0.06925234
2.270	0.06906421
2.275	0.06887698
2.280	0.06869065
2.285	0.06850521
2.290	0.06832066
2.295	0.06813698
2.300	0.06795418
2.305	0.06777224
2.310	0.06759116
2.315	0.06741094
2.320	0.06723157
2.325	0.06705304
2.330	0.06687535
2.335	0.06669849
2.340	0.06652245
2.345	0.06634724
2.350	0.06617284
2.355	0.06599926
2.360	0.06582647
2.365	0.06565449
2.370	0.06548330
2.375	0.06531290
2.380	0.06514328
2.385	0.06497444
2.390	0.06480637
2.395	0.06463907
2.400	0.06447254
2.405	0.06430676
2.410	0.06414173
2.415	0.06397746
2.420	0.06381392
2.425	0.06365113
2.430	0.06348906
2.435	0.06332773
2.440	0.06316712
2.445	0.06300723
2.450	0.06284805
2.455	0.06268959
2.460	0.06253183
2.465	0.06237477
2.470	0.06221841
2.475	0.06206273
2.480	0.06190775
2.485	0.06175345
2.490	0.06159983
2.495	0.06144689
2.500	0.06129461
2.505	0.06114300
2.510	0.06099206
2.515	0.06084177
2.520	0.06069213
2.525	0.06054315
2.530	0.06039481
2.535	0.06024711
2.540	0.06010005
2.545	0.05995362
2.550	0.05980782
2.555	0.05966265
2.560	0.05951810
2.565	0.05937417
2.570	0.05923086
2.575	0.05908815
2.580	0.05894605
2.585	0.05880455
2.590	0.05866366
2.595	0.05852336
2.600	0.05838365
2.605	0.05824453
2.610	0.05810599
2.615	0.05796804
2.620	0.05783066
2.625	0.05769386
2.630	0.05755763
2.635	0.05742197
2.640	0.05728687
2.645	0.05715234
2.650	0.05701836
2.655	0.05688493
2.660	0.05675206
2.665	0.05661973
2.670	0.05648795
2.675	0.05635671
2.680	0.05622600
2.685	0.05609583
2.690	0.05596620
2.695	0.05583709
2.700	0.05570851
2.705	0.05558045
2.710	0.05545291
2.715	0.05532588
2.720	0.05519937
2.725	0.05507337
2.730	0.05494788
2.735	0.05482289
2.740	0.05469840
2.745	0.05457441
2.750	0.05445092
2.755	0.05432792
2.760	0.05420541
2.765	0.05408339
2.770	0.05396185
2.775	0.05384079
2.780	0.05372021
2.785	0.05360011
2.790	0.05348048
2.795	0.05336133
2.800	0.05324264
2.805	0.05312442
2.810	0.05300666
2.815	0.05288936
2.820	0.05277252
2.825	0.05265613
2.830	0.05254020
2.835	0.05242471
2.840	0.05230968
2.845	0.05219509
2.850	0.05208094
2.855	0.05196723
2.860	0.05185396
2.865	0.05174113
2.870	0.05162872
2.875	0.05151675
2.880	0.05140521
2.885	0.05129409
2.890	0.05118340
2.895	0.05107313
2.900	0.05096328
2.905	0.05085384
2.910	0.05074482
2.915	0.05063621
2.920	0.05052801
2.925	0.05042021
2.930	0.05031283
2.935	0.05020584
2.940	0.05009926
2.945	0.04999307
2.950	0.04988729
2.955	0.04978189
2.960	0.04967689
2.965	0.04957228
2.970	0.04946806
2.975	0.04936423
2.980	0.04926078
2.985	0.04915771
2.990	0.04905502
2.995	0.04895271
3.000	0.04885078
3.005	0.04874922
3.010	0.04864803
3.015	0.04854721
3.020	0.04844676
3.025	0.04834668
3.030	0.04824696
3.035	0.04814760
3.040	0.04804861
3.045	0.04794997
3.050	0.04785169
3.055	0.04775377
3.060	0.04765620
3.065	0.04755898
3.070	0.04746211
3.075	0.04736558
3.080	0.04726941
3.085	0.04717357
3.090	0.04707808
3.095	0.04698294
3.100	0.04688812
3.105	0.04679365
3.110	0.04669951
3.115	0.04660571
3.120	0.04651224
3.125	0.04641910
3.130	0.04632628
3.135	0.04623380
3.140	0.04614164
3.145	0.04604980
3.150	0.04595829
3.155	0.04586709
3.160	0.04577622
3.165	0.04568566
3.170	0.04559542
3.175	0.04550549
3.180	0.04541587
3.185	0.04532657
3.190	0.04523757
3.195	0.04514888
3.200	0.04506050
3.205	0.04497243
3.210	0.04488465
3.215	0.04479718
3.220	0.04471001
3.225	0.04462314
3.230	0.04453657
3.235	0.04445029
3.240	0.04436430
3.245	0.04427861
3.250	0.04419321
3.255	0.04410810
3.260	0.04402328
3.265	0.04393875
3.270	0.04385450
3.275	0.04377054
3.280	0.04368686
3.285	0.04360347
3.290	0.04352035
3.295	0.04343751
3.300	0.04335495
3.305	0.04327267
3.310	0.04319066
3.315	0.04310892
3.320	0.04302746
3.325	0.04294627
3.330	0.04286535
3.335	0.04278470
3.340	0.04270431
3.345	0.04262419
3.350	0.04254434
3.355	0.04246475
3.360	0.04238542
3.365	0.04230635
3.370	0.04222754
3.375	0.04214899
3.380	0.04207070
3.385	0.04199267
3.390	0.04191489
3.395	0.04183736
3.400	0.04176009
3.405	0.04168306
3.410	0.04160629
3.415	0.04152977
3.420	0.04145349
3.425	0.04137746
3.430	0.04130168
3.435	0.04122614
3.440	0.04115084
3.445	0.04107579
3.450	0.04100098
3.455	0.04092641
3.460	0.04085207
3.465	0.04077798
3.470	0.04070412
3.475	0.04063049
3.480	0.04055711
3.485	0.04048395
3.490	0.04041103
3.495	0.04033834
3.500	0.04026587
3.505	0.04019364
3.510	0.04012164
3.515	0.04004986
3.520	0.03997831
3.525	0.03990698
3.530	0.03983588
3.535	0.03976500
3.540	0.03969435
3.545	0.03962391
3.550	0.03955370
3.555	0.03948370
3.560	0.03941392
3.565	0.03934436
3.570	0.03927502
3.575	0.03920589
3.580	0.03913697
3.585	0.03906827
3.590	0.03899978
3.595	0.03893150
3.600	0.03886344
3.605	0.03879558
3.610	0.03872793
3.615	0.03866049
3.620	0.03859325
3.625	0.03852622
3.630	0.03845940
3.635	0.03839278
3.640	0.03832636
3.645	0.03826015
3.650	0.03819414
3.655	0.03812832
3.660	0.03806271
3.665	0.03799730
3.670	0.03793208
3.675	0.03786706
3.680	0.03780224
3.685	0.03773761
3.690	0.03767318
3.695	0.03760894
3.700	0.03754489
3.705	0.03748104
3.710	0.03741738
3.715	0.03735390
3.720	0.03729062
3.725	0.03722752
3.730	0.03716462
3.735	0.03710190
3.740	0.03703937
3.745	0.03697702
3.750	0.03691486
3.755	0.03685288
3.760	0.03679108
3.765	0.03672947
3.770	0.03666804
3.775	0.03660679
3.780	0.03654572
3.785	0.03648482
3.790	0.03642411
3.795	0.03636358
3.800	0.03630322
3.805	0.03624304
3.810	0.03618303
3.815	0.03612320
3.820	0.03606354
3.825	0.03600406
3.830	0.03594475
3.835	0.03588561
3.840	0.03582665
3.845	0.03576785
3.850	0.03570922
3.855	0.03565076
3.860	0.03559247
3.865	0.03553435
3.870	0.03547640
3.875	0.03541861
3.880	0.03536099
3.885	0.03530353
3.890	0.03524624
3.895	0.03518911
3.900	0.03513214
3.905	0.03507534
3.910	0.03501870
3.915	0.03496221
3.920	0.03490589
3.925	0.03484973
3.930	0.03479373
3.935	0.03473789
3.940	0.03468220
3.945	0.03462667
3.950	0.03457130
3.955	0.03451608
3.960	0.03446102
3.965	0.03440611
3.970	0.03435136
3.975	0.03429676
3.980	0.03424231
3.985	0.03418802
3.990	0.03413387
3.995	0.03407988
4.000	0.03402604
4.005	0.03397235
4.010	0.03391881
4.015	0.03386541
4.020	0.03381216
4.025	0.03375906
4.030	0.03370611
4.035	0.03365330
4.040	0.03360064
4.045	0.03354813
4.050	0.03349576
4.055	0.03344353
4.060	0.03339144
4.065	0.03333950
4.070	0.03328770
4.075	0.03323605
4.080	0.03318453
4.085	0.03313315
4.090	0.03308192
4.095	0.03303082
4.100	0.03297986
4.105	0.03292904
4.110	0.03287836
4.115	0.03282782
4.120	0.03277741
4.125	0.03272714
4.130	0.03267700
4.135	0.03262700
4.140	0.03257714
4.145	0.03252740
4.150	0.03247780
4.155	0.03242834
4.160	0.03237901
4.165	0.03232981
4.170	0.03228074
4.175	0.03223180
4.180	0.03218299
4.185	0.03213431
4.190	0.03208577
4.195	0.03203735
4.200	0.03198906
4.205	0.03194090
4.210	0.03189286
4.215	0.03184495
4.220	0.03179717
4.225	0.03174952
4.230	0.03170199
4.235	0.03165458
4.240	0.03160731
4.245	0.03156015
4.250	0.03151312
4.255	0.03146621
4.260	0.03141943
4.265	0.03137276
4.270	0.03132622
4.275	0.03127980
4.280	0.03123351
4.285	0.03118733
4.290	0.03114127
4.295	0.03109533
4.300	0.03104951
4.305	0.03100381
4.310	0.03095823
4.315	0.03091277
4.320	0.03086742
4.325	0.03082219
4.330	0.03077708
4.335	0.03073209
4.340	0.03068721
4.345	0.03064244
4.350	0.03059779
4.355	0.03055325
4.360	0.03050883
4.365	0.03046452
4.370	0.03042033
4.375	0.03037625
4.380	0.03033228
4.385	0.03028842
4.390	0.03024467
4.395	0.03020104
4.400	0.03015751
4.405	0.03011410
4.410	0.03007079
4.415	0.03002760
4.420	0.02998451
4.425	0.02994154
4.430	0.02989867
4.435	0.02985591
4.440	0.02981326
4.445	0.02977071
4.450	0.02972827
4.455	0.02968594
4.460	0.02964371
4.465	0.02960159
4.470	0.02955958
4.475	0.02951767
4.480	0.02947586
4.485	0.02943416
4.490	0.02939256
4.495	0.02935107
4.500	0.02930968
4.505	0.02926839
4.510	0.02922720
4.515	0.02918612
4.520	0.02914513
4.525	0.02910425
4.530	0.02906347
4.535	0.02902279
4.540	0.02898221
4.545	0.02894173
4.550	0.02890135
4.555	0.02886107
4.560	0.02882088
4.565	0.02878080
4.570	0.02874081
4.575	0.02870092
4.580	0.02866113
4.585	0.02862144
4.590	0.02858184
4.595	0.02854234
4.600	0.02850293
4.605	0.02846362
4.610	0.02842441
4.615	0.02838529
4.620	0.02834627
4.625	0.02830734
4.630	0.02826850
4.635	0.02822976
4.640	0.02819111
4.645	0.02815255
4.650	0.02811409
4.655	0.02807572
4.660	0.02803744
4.665	0.02799925
4.670	0.02796116
4.675	0.02792315
4.680	0.02788524
4.685	0.02784742
4.690	0.02780968
4.695	0.02777204
4.700	0.02773449
4.705	0.02769702
4.710	0.02765965
4.715	0.02762236
4.720	0.02758517
4.725	0.02754806
4.730	0.02751103
4.735	0.02747410
4.740	0.02743725
4.745	0.02740049
4.750	0.02736382
4.755	0.02732723
4.760	0.02729073
4.765	0.02725432
4.770	0.02721799
4.775	0.02718174
4.780	0.02714558
4.785	0.02710951
4.790	0.02707351
4.795	0.02703761
4.800	0.02700178
4.805	0.02696604
4.810	0.02693039
4.815	0.02689481
4.820	0.02685932
4.825	0.02682391
4.830	0.02678859
4.835	0.02675334
4.840	0.02671818
4.845	0.02668310
4.850	0.02664810
4.855	0.02661318
4.860	0.02657834
4.865	0.02654358
4.870	0.02650890
4.875	0.02647430
4.880	0.02643978
4.885	0.02640534
4.890	0.02637097
4.895	0.02633669
4.900	0.02630249
4.905	0.02626836
4.910	0.02623431
4.915	0.02620034
4.920	0.02616644
4.925	0.02613263
4.930	0.02609889
4.935	0.02606522
4.940	0.02603163
4.945	0.02599812
4.950	0.02596469
4.955	0.02593133
4.960	0.02589804
4.965	0.02586483
4.970	0.02583170
4.975	0.02579864
4.980	0.02576565
4.985	0.02573274
4.990	0.02569991
4.995	0.02566714
5.000	0.02563445
5.005	0.02560183
5.010	0.02556929
5.015	0.02553682
5.020	0.02550442
5.025	0.02547209
5.030	0.02543984
5.035	0.02540766
5.040	0.02537555
5.045	0.02534351
5.050	0.02531154
5.055	0.02527964
5.060	0.02524781
5.065	0.02521606
5.070	0.02518437
5.075	0.02515275
5.080	0.02512121
5.085	0.02508973
5.090	0.02505832
5.095	0.02502698
5.100	0.02499572
5.105	0.02496451
5.110	0.02493338
5.115	0.02490232
5.120	0.02487132
5.125	0.02484039
5.130	0.02480953
5.135	0.02477874
5.140	0.02474801
5.145	0.02471736
5.150	0.02468676
5.155	0.02465624
5.160	0.02462578
5.165	0.02459539
5.170	0.02456506
5.175	0.02453480
5.180	0.02450460
5.185	0.02447447
5.190	0.02444441
5.195	0.02441441
5.200	0.02438447
5.205	0.02435460
5.210	0.02432479
5.215	0.02429505
5.220	0.02426537
5.225	0.02423576
5.230	0.02420620
5.235	0.02417672
5.240	0.02414729
5.245	0.02411793
5.250	0.02408863
5.255	0.02405939
5.260	0.02403022
5.265	0.02400111
5.270	0.02397206
5.275	0.02394307
5.280	0.02391414
5.285	0.02388528
5.290	0.02385647
5.295	0.02382773
5.300	0.02379905
5.305	0.02377043
5.310	0.02374187
5.315	0.02371337
5.320	0.02368493
5.325	0.02365655
5.330	0.02362823
5.335	0.02359997
5.340	0.02357176
5.345	0.02354362
5.350	0.02351554
5.355	0.02348751
5.360	0.02345955
5.365	0.02343164
5.370	0.02340379
5.375	0.02337600
5.380	0.02334827
5.385	0.02332060
5.390	0.02329298
5.395	0.02326542
5.400	0.02323792
5.405	0.02321047
5.410	0.02318308
5.415	0.02315575
5.420	0.02312848
5.425	0.02310126
5.430	0.02307410
5.435	0.02304699
5.440	0.02301994
5.445	0.02299295
5.450	0.02296601
5.455	0.02293913
5.460	0.02291230
5.465	0.02288553
5.470	0.02285881
5.475	0.02283215
5.480	0.02280554
5.485	0.02277899
5.490	0.02275249
5.495	0.02272605
5.500	0.02269966
5.505	0.02267332
5.510	0.02264704
5.515	0.02262081
5.520	0.02259463
5.525	0.02256851
5.530	0.02254244
5.535	0.02251642
5.540	0.02249046
5.545	0.02246455
5.550	0.02243869
5.555	0.02241288
5.560	0.02238713
5.565	0.02236142
5.570	0.02233577
5.575	0.02231018
5.580	0.02228463
5.585	0.02225913
5.590	0.02223369
5.595	0.02220829
5.600	0.02218295
5.605	0.02215766
5.610	0.02213242
5.615	0.02210723
5.620	0.02208209
5.625	0.02205700
5.630	0.02203196
5.635	0.02200697
5.640	0.02198203
5.645	0.02195714
5.650	0.02193230
5.655	0.02190751
5.660	0.02188277
5.665	0.02185808
5.670	0.02183343
5.675	0.02180884
5.680	0.02178429
5.685	0.02175979
5.690	0.02173534
5.695	0.02171094
5.700	0.02168659
5.705	0.02166228
5.710	0.02163803
5.715	0.02161382
5.720	0.02158966
5.725	0.02156554
5.730	0.02154148
5.735	0.02151746
5.740	0.02149348
5.745	0.02146956
5.750	0.02144568
5.755	0.02142185
5.760	0.02139806
5.765	0.02137432
5.770	0.02135063
5.775	0.02132698
5.780	0.02130338
5.785	0.02127983
5.790	0.02125632
5.795	0.02123286
5.800	0.02120944
5.805	0.02118607
5.810	0.02116274
5.815	0.02113946
5.820	0.02111622
5.825	0.02109303
5.830	0.02106988
5.835	0.02104678
5.840	0.02102372
5.845	0.02100071
5.850	0.02097774
5.855	0.02095481
5.860	0.02093193
5.865	0.02090909
5.870	0.02088630
5.875	0.02086355
5.880	0.02084085
5.885	0.02081818
5.890	0.02079556
5.895	0.02077299
5.900	0.02075045
5.905	0.02072796
5.910	0.02070552
5.915	0.02068311
5.920	0.02066075
5.925	0.02063843
5.930	0.02061615
5.935	0.02059392
5.940	0.02057172
5.945	0.02054957
5.950	0.02052746
5.955	0.02050540
5.960	0.02048337
5.965	0.02046139
5.970	0.02043945
5.975	0.02041755
5.980	0.02039569
5.985	0.02037387
5.990	0.02035209
5.995	0.02033035
6.000	0.02030866
6.005	0.02028700
6.010	0.02026539
6.015	0.02024381
6.020	0.02022228
6.025	0.02020079
6.030	0.02017933
6.035	0.02015792
6.040	0.02013655
6.045	0.02011521
6.050	0.02009392
6.055	0.02007266
6.060	0.02005145
6.065	0.02003027
6.070	0.02000914
6.075	0.01998804
6.080	0.01996698
6.085	0.01994597
6.090	0.01992499
6.095	0.01990404
6.100	0.01988314
6.105	0.01986228
6.110	0.01984145
6.115	0.01982067
6.120	0.01979992
6.125	0.01977921
6.130	0.01975853
6.135	0.01973790
6.140	0.01971730
6.145	0.01969674
6.150	0.01967622
6.155	0.01965574
6.160	0.01963529
6.165	0.01961489
6.170	0.01959451
6.175	0.01957418
6.180	0.01955388
6.185	0.01953362
6.190	0.01951340
6.195	0.01949321
6.200	0.01947306
6.205	0.01945295
6.210	0.01943287
6.215	0.01941283
6.220	0.01939283
6.225	0.01937286
6.230	0.01935293
6.235	0.01933303
6.240	0.01931317
6.245	0.01929335
6.250	0.01927356
6.255	0.01925381
6.260	0.01923409
6.265	0.01921441
6.270	0.01919477
6.275	0.01917516
6.280	0.01915558
6.285	0.01913604
6.290	0.01911653
6.295	0.01909706
6.300	0.01907763
6.305	0.01905823
6.310	0.01903886
6.315	0.01901953
6.320	0.01900023
6.325	0.01898097
6.330	0.01896174
6.335	0.01894255
6.340	0.01892339
6.345	0.01890426
6.350	0.01888517
6.355	0.01886611
6.360	0.01884709
6.365	0.01882810
6.370	0.01880914
6.375	0.01879022
6.380	0.01877133
6.385	0.01875247
6.390	0.01873365
6.395	0.01871486
6.400	0.01869610
6.405	0.01867738
6.410	0.01865869
6.415	0.01864003
6.420	0.01862140
6.425	0.01860281
6.430	0.01858425
6.435	0.01856572
6.440	0.01854723
6.445	0.01852877
6.450	0.01851034
6.455	0.01849194
6.460	0.01847357
6.465	0.01845524
6.470	0.01843694
6.475	0.01841867
6.480	0.01840043
6.485	0.01838222
6.490	0.01836405
6.495	0.01834590
6.500	0.01832779
6.505	0.01830971
6.510	0.01829166
6.515	0.01827365
6.520	0.01825566
6.525	0.01823770
6.530	0.01821978
6.535	0.01820189
6.540	0.01818402
6.545	0.01816619
6.550	0.01814839
6.555	0.01813062
6.560	0.01811288
6.565	0.01809517
6.570	0.01807749
6.575	0.01805984
6.580	0.01804223
6.585	0.01802464
6.590	0.01800708
6.595	0.01798955
6.600	0.01797205
6.605	0.01795459
6.610	0.01793715
6.615	0.01791974
6.620	0.01790236
6.625	0.01788501
6.630	0.01786769
6.635	0.01785040
6.640	0.01783314
6.645	0.01781591
6.650	0.01779871
6.655	0.01778154
6.660	0.01776439
6.665	0.01774728
6.670	0.01773019
6.675	0.01771313
6.680	0.01769611
6.685	0.01767911
6.690	0.01766214
6.695	0.01764519
6.700	0.01762828
6.705	0.01761140
6.710	0.01759454
6.715	0.01757771
6.720	0.01756091
6.725	0.01754414
6.730	0.01752740
6.735	0.01751068
6.740	0.01749399
6.745	0.01747733
6.750	0.01746070
6.755	0.01744410
6.760	0.01742752
6.765	0.01741097
6.770	0.01739445
6.775	0.01737796
6.780	0.01736149
6.785	0.01734505
6.790	0.01732864
6.795	0.01731226
6.800	0.01729590
6.805	0.01727957
6.810	0.01726327
6.815	0.01724700
6.820	0.01723075
6.825	0.01721453
6.830	0.01719833
6.835	0.01718216
6.840	0.01716602
6.845	0.01714991
6.850	0.01713382
6.855	0.01711776
6.860	0.01710172
6.865	0.01708572
6.870	0.01706973
6.875	0.01705378
6.880	0.01703785
6.885	0.01702194
6.890	0.01700607
6.895	0.01699022
6.900	0.01697439
6.905	0.01695859
6.910	0.01694282
6.915	0.01692707
6.920	0.01691135
6.925	0.01689565
6.930	0.01687998
6.935	0.01686433
6.940	0.01684871
6.945	0.01683312
6.950	0.01681755
6.955	0.01680200
6.960	0.01678649
6.965	0.01677099
6.970	0.01675552
6.975	0.01674008
6.980	0.01672466
6.985	0.01670927
6.990	0.01669390
6.995	0.01667856
7.000	0.01666324
7.005	0.01664794
7.010	0.01663267
7.015	0.01661743
7.020	0.01660221
7.025	0.01658701
7.030	0.01657184
7.035	0.01655669
7.040	0.01654157
7.045	0.01652647
7.050	0.01651140
7.055	0.01649635
7.060	0.01648132
7.065	0.01646632
7.070	0.01645134
7.075	0.01643639
7.080	0.01642146
7.085	0.01640655
7.090	0.01639167
7.095	0.01637681
7.100	0.01636198
7.105	0.01634716
7.110	0.01633238
7.115	0.01631761
7.120	0.01630287
7.125	0.01628815
7.130	0.01627346
7.135	0.01625879
7.140	0.01624414
7.145	0.01622951
7.150	0.01621491
7.155	0.01620033
7.160	0.01618578
7.165	0.01617125
7.170	0.01615674
7.175	0.01614225
7.180	0.01612779
7.185	0.01611335
7.190	0.01609893
7.195	0.01608453
7.200	0.01607016
7.205	0.01605581
7.210	0.01604148
7.215	0.01602717
7.220	0.01601289
7.225	0.01599863
7.230	0.01598439
7.235	0.01597018
7.240	0.01595598
7.245	0.01594181
7.250	0.01592766
7.255	0.01591353
7.260	0.01589943
7.265	0.01588534
7.270	0.01587128
7.275	0.01585724
7.280	0.01584322
7.285	0.01582923
7.290	0.01581525
7.295	0.01580130
7.300	0.01578737
7.305	0.01577346
7.310	0.01575957
7.315	0.01574570
7.320	0.01573186
7.325	0.01571803
7.330	0.01570423
7.335	0.01569045
7.340	0.01567669
7.345	0.01566295
7.350	0.01564923
7.355	0.01563554
7.360	0.01562186
7.365	0.01560821
7.370	0.01559457
7.375	0.01558096
7.380	0.01556737
7.385	0.01555380
7.390	0.01554025
7.395	0.01552672
7.400	0.01551321
7.405	0.01549972
7.410	0.01548626
7.415	0.01547281
7.420	0.01545938
7.425	0.01544598
7.430	0.01543259
7.435	0.01541923
7.440	0.01540588
7.445	0.01539256
7.450	0.01537925
7.455	0.01536597
7.460	0.01535270
7.465	0.01533946
7.470	0.01532624
7.475	0.01531303
7.480	0.01529985
7.485	0.01528669
7.490	0.01527354
7.495	0.01526042
7.500	0.01524731
7.505	0.01523423
7.510	0.01522116
7.515	0.01520812
7.520	0.01519509
7.525	0.01518209
7.530	0.01516910
7.535	0.01515613
7.540	0.01514319
7.545	0.01513026
7.550	0.01511735
7.555	0.01510446
7.560	0.01509159
7.565	0.01507874
7.570	0.01506591
7.575	0.01505310
7.580	0.01504030
7.585	0.01502753
7.590	0.01501478
7.595	0.01500204
7.600	0.01498932
7.605	0.01497663
7.610	0.01496395
7.615	0.01495129
7.620	0.01493864
7.625	0.01492602
7.630	0.01491342
7.635	0.01490083
7.640	0.01488827
7.645	0.01487572
7.650	0.01486319
7.655	0.01485068
7.660	0.01483819
7.665	0.01482571
7.670	0.01481326
7.675	0.01480082
7.680	0.01478840
7.685	0.01477600
7.690	0.01476362
7.695	0.01475125
7.700	0.01473891
7.705	0.01472658
7.710	0.01471427
7.715	0.01470198
7.720	0.01468971
7.725	0.01467745
7.730	0.01466521
7.735	0.01465300
7.740	0.01464079
7.745	0.01462861
7.750	0.01461644
7.755	0.01460430
7.760	0.01459217
7.765	0.01458005
7.770	0.01456796
7.775	0.01455588
7.780	0.01454382
7.785	0.01453178
7.790	0.01451975
7.795	0.01450775
7.800	0.01449576
7.805	0.01448378
7.810	0.01447183
7.815	0.01445989
7.820	0.01444797
7.825	0.01443607
7.830	0.01442418
7.835	0.01441231
7.840	0.01440046
7.845	0.01438863
7.850	0.01437681
7.855	0.01436501
7.860	0.01435322
7.865	0.01434146
7.870	0.01432971
7.875	0.01431798
7.880	0.01430626
7.885	0.01429456
7.890	0.01428288
7.895	0.01427121
7.900	0.01425956
7.905	0.01424793
7.910	0.01423632
7.915	0.01422472
7.920	0.01421314
7.925	0.01420157
7.930	0.01419002
7.935	0.01417849
7.940	0.01416697
7.945	0.01415548
7.950	0.01414399
7.955	0.01413253
7.960	0.01412107
7.965	0.01410964
7.970	0.01409822
7.975	0.01408682
7.980	0.01407544
7.985	0.01406407
7.990	0.01405271
7.995	0.01404138
8.000	0.01403006
8.005	0.01401875
8.010	0.01400746
8.015	0.01399619
8.020	0.01398493
8.025	0.01397369
8.030	0.01396246
8.035	0.01395126
8.040	0.01394006
8.045	0.01392888
8.050	0.01391772
8.055	0.01390658
8.060	0.01389544
8.065	0.01388433
8.070	0.01387323
8.075	0.01386215
8.080	0.01385108
8.085	0.01384002
8.090	0.01382899
8.095	0.01381797
8.100	0.01380696
8.105	0.01379597
8.110	0.01378499
8.115	0.01377403
8.120	0.01376309
8.125	0.01375216
8.130	0.01374124
8.135	0.01373034
8.140	0.01371946
8.145	0.01370859
8.150	0.01369774
8.155	0.01368690
8.160	0.01367607
8.165	0.01366527
8.170	0.01365447
8.175	0.01364369
8.180	0.01363293
8.185	0.01362218
8.190	0.01361145
8.195	0.01360073
8.200	0.01359002
8.205	0.01357933
8.210	0.01356866
8.215	0.01355800
8.220	0.01354735
8.225	0.01353672
8.230	0.01352611
8.235	0.01351551
8.240	0.01350492
8.245	0.01349435
8.250	0.01348379
8.255	0.01347325
8.260	0.01346272
8.265	0.01345220
8.270	0.01344170
8.275	0.01343122
8.280	0.01342075
8.285	0.01341029
8.290	0.01339985
8.295	0.01338942
8.300	0.01337901
8.305	0.01336861
8.310	0.01335822
8.315	0.01334785
8.320	0.01333749
8.325	0.01332715
8.330	0.01331682
8.335	0.01330651
8.340	0.01329620
8.345	0.01328592
8.350	0.01327565
8.355	0.01326539
8.360	0.01325514
8.365	0.01324491
8.370	0.01323469
8.375	0.01322449
8.380	0.01321430
8.385	0.01320412
8.390	0.01319396
8.395	0.01318381
8.400	0.01317368
8.405	0.01316356
8.410	0.01315345
8.415	0.01314336
8.420	0.01313328
8.425	0.01312321
8.430	0.01311316
8.435	0.01310312
8.440	0.01309309
8.445	0.01308308
8.450	0.01307308
8.455	0.01306310
8.460	0.01305312
8.465	0.01304317
8.470	0.01303322
8.475	0.01302329
8.480	0.01301337
8.485	0.01300346
8.490	0.01299357
8.495	0.01298369
8.500	0.01297383
8.505	0.01296397
8.510	0.01295413
8.515	0.01294431
8.520	0.01293449
8.525	0.01292469
8.530	0.01291491
8.535	0.01290513
8.540	0.01289537
8.545	0.01288562
8.550	0.01287589
8.555	0.01286616
8.560	0.01285646
8.565	0.01284676
8.570	0.01283707
8.575	0.01282740
8.580	0.01281775
8.585	0.01280810
8.590	0.01279847
8.595	0.01278885
8.600	0.01277924
8.605	0.01276965
8.610	0.01276006
8.615	0.01275049
8.620	0.01274094
8.625	0.01273139
8.630	0.01272186
8.635	0.01271234
8.640	0.01270284
8.645	0.01269334
8.650	0.01268386
8.655	0.01267439
8.660	0.01266493
8.665	0.01265549
8.670	0.01264606
8.675	0.01263664
8.680	0.01262723
8.685	0.01261784
8.690	0.01260845
8.695	0.01259908
8.700	0.01258972
8.705	0.01258038
8.710	0.01257104
8.715	0.01256172
8.720	0.01255241
8.725	0.01254312
8.730	0.01253383
8.735	0.01252456
8.740	0.01251529
8.745	0.01250605
8.750	0.01249681
8.755	0.01248758
8.760	0.01247837
8.765	0.01246917
8.770	0.01245998
8.775	0.01245080
8.780	0.01244164
8.785	0.01243248
8.790	0.01242334
8.795	0.01241421
8.800	0.01240509
8.805	0.01239598
8.810	0.01238689
8.815	0.01237781
8.820	0.01236873
8.825	0.01235967
8.830	0.01235063
8.835	0.01234159
8.840	0.01233257
8.845	0.01232355
8.850	0.01231455
8.855	0.01230556
8.860	0.01229658
8.865	0.01228761
8.870	0.01227866
8.875	0.01226971
8.880	0.01226078
8.885	0.01225186
8.890	0.01224295
8.895	0.01223405
8.900	0.01222516
8.905	0.01221629
8.910	0.01220742
8.915	0.01219857
8.920	0.01218973
8.925	0.01218090
8.930	0.01217208
8.935	0.01216327
8.940	0.01215447
8.945	0.01214569
8.950	0.01213691
8.955	0.01212815
8.960	0.01211939
8.965	0.01211065
8.970	0.01210192
8.975	0.01209320
8.980	0.01208449
8.985	0.01207580
8.990	0.01206711
8.995	0.01205844
9.000	0.01204977
9.005	0.01204112
9.010	0.01203247
9.015	0.01202384
9.020	0.01201522
9.025	0.01200661
9.030	0.01199801
9.035	0.01198942
9.040	0.01198085
9.045	0.01197228
9.050	0.01196372
9.055	0.01195518
9.060	0.01194664
9.065	0.01193812
9.070	0.01192961
9.075	0.01192110
9.080	0.01191261
9.085	0.01190413
9.090	0.01189566
9.095	0.01188720
9.100	0.01187875
9.105	0.01187031
9.110	0.01186188
9.115	0.01185347
9.120	0.01184506
9.125	0.01183666
9.130	0.01182828
9.135	0.01181990
9.140	0.01181153
9.145	0.01180318
9.150	0.01179483
9.155	0.01178650
9.160	0.01177817
9.165	0.01176986
9.170	0.01176156
9.175	0.01175326
9.180	0.01174498
9.185	0.01173671
9.190	0.01172845
9.195	0.01172019
9.200	0.01171195
9.205	0.01170372
9.210	0.01169550
9.215	0.01168729
9.220	0.01167908
9.225	0.01167089
9.230	0.01166271
9.235	0.01165454
9.240	0.01164638
9.245	0.01163823
9.250	0.01163009
9.255	0.01162196
9.260	0.01161383
9.265	0.01160572
9.270	0.01159762
9.275	0.01158953
9.280	0.01158145
9.285	0.01157338
9.290	0.01156532
9.295	0.01155726
9.300	0.01154922
9.305	0.01154119
9.310	0.01153317
9.315	0.01152515
9.320	0.01151715
9.325	0.01150916
9.330	0.01150118
9.335	0.01149320
9.340	0.01148524
9.345	0.01147728
9.350	0.01146934
9.355	0.01146141
9.360	0.01145348
9.365	0.01144556
9.370	0.01143766
9.375	0.01142976
9.380	0.01142188
9.385	0.01141400
9.390	0.01140613
9.395	0.01139827
9.400	0.01139042
9.405	0.01138258
9.410	0.01137475
9.415	0.01136693
9.420	0.01135912
9.425	0.01135132
9.430	0.01134353
9.435	0.01133575
9.440	0.01132797
9.445	0.01132021
9.450	0.01131246
9.455	0.01130471
9.460	0.01129697
9.465	0.01128925
9.470	0.01128153
9.475	0.01127382
9.480	0.01126612
9.485	0.01125843
9.490	0.01125075
9.495	0.01124308
9.500	0.01123542
9.505	0.01122777
9.510	0.01122012
9.515	0.01121249
9.520	0.01120486
9.525	0.01119725
9.530	0.01118964
9.535	0.01118204
9.540	0.01117445
9.545	0.01116687
9.550	0.01115930
9.555	0.01115174
9.560	0.01114419
9.565	0.01113664
9.570	0.01112911
9.575	0.01112158
9.580	0.01111407
9.585	0.01110656
9.590	0.01109906
9.595	0.01109157
9.600	0.01108409
9.605	0.01107661
9.610	0.01106915
9.615	0.01106169
9.620	0.01105425
9.625	0.01104681
9.630	0.01103938
9.635	0.01103196
9.640	0.01102455
9.645	0.01101715
9.650	0.01100975
9.655	0.01100237
9.660	0.01099499
9.665	0.01098763
9.670	0.01098027
9.675	0.01097292
9.680	0.01096558
9.685	0.01095824
9.690	0.01095092
9.695	0.01094360
9.700	0.01093630
9.705	0.01092900
9.710	0.01092171
9.715	0.01091442
9.720	0.01090715
9.725	0.01089989
9.730	0.01089263
9.735	0.01088538
9.740	0.01087814
9.745	0.01087091
9.750	0.01086369
9.755	0.01085648
9.760	0.01084927
9.765	0.01084208
9.770	0.01083489
9.775	0.01082771
9.780	0.01082054
9.785	0.01081337
9.790	0.01080622
9.795	0.01079907
9.800	0.01079193
9.805	0.01078480
9.810	0.01077768
9.815	0.01077057
9.820	0.01076346
9.825	0.01075636
9.830	0.01074927
9.835	0.01074219
9.840	0.01073512
9.845	0.01072806
9.850	0.01072100
9.855	0.01071395
9.860	0.01070691
9.865	0.01069988
9.870	0.01069285
9.875	0.01068584
9.880	0.01067883
9.885	0.01067183
9.890	0.01066484
9.895	0.01065786
9.900	0.01065088
9.905	0.01064391
9.910	0.01063695
9.915	0.01063000
9.920	0.01062306
9.925	0.01061612
9.930	0.01060920
9.935	0.01060228
9.940	0.01059537
9.945	0.01058846
9.950	0.01058157
9.955	0.01057468
9.960	0.01056780
9.965	0.01056092
9.970	0.01055406
9.975	0.01054720
9.980	0.01054036
9.985	0.01053351
9.990	0.01052668
9.995	0.01051986
10.000	0.01051304
10.005	0.01050623
10.010	0.01049943
10.015	0.01049263
10.020	0.01048584
10.025	0.01047907
10.030	0.01047229
10.035	0.01046553
10.040	0.01045877
10.045	0.01045203
10.050	0.01044529
10.055	0.01043855
10.060	0.01043183
10.065	0.01042511
10.070	0.01041840
10.075	0.01041170
10.080	0.01040500
10.085	0.01039831
10.090	0.01039163
10.095	0.01038496
10.100	0.01037830
10.105	0.01037164
10.110	0.01036499
10.115	0.01035835
10.120	0.01035171
10.125	0.01034509
10.130	0.01033847
10.135	0.01033185
10.140	0.01032525
10.145	0.01031865
10.150	0.01031206
10.155	0.01030548
10.160	0.01029890
10.165	0.01029233
10.170	0.01028577
10.175	0.01027922
10.180	0.01027267
10.185	0.01026613
10.190	0.01025960
10.195	0.01025308
10.200	0.01024656
10.205	0.01024005
10.210	0.01023355
10.215	0.01022705
10.220	0.01022057
10.225	0.01021408
10.230	0.01020761
10.235	0.01020114
10.240	0.01019469
10.245	0.01018823
10.250	0.01018179
10.255	0.01017535
10.260	0.01016892
10.265	0.01016250
10.270	0.01015608
10.275	0.01014967
10.280	0.01014327
10.285	0.01013688
10.290	0.01013049
10.295	0.01012411
10.300	0.01011773
10.305	0.01011137
10.310	0.01010501
10.315	0.01009865
10.320	0.01009231
10.325	0.01008597
10.330	0.01007964
10.335	0.01007331
10.340	0.01006700
10.345	0.01006069
10.350	0.01005438
10.355	0.01004808
10.360	0.01004179
10.365	0.01003551
10.370	0.01002924
10.375	0.01002297
10.380	0.01001670
10.385	0.01001045
10.390	0.01000420
10.395	0.00999796
10.400	0.00999172
10.405	0.00998550
10.410	0.00997927
10.415	0.00997306
10.420	0.00996685
10.425	0.00996065
10.430	0.00995446
10.435	0.00994827
10.440	0.00994209
10.445	0.00993591
10.450	0.00992975
10.455	0.00992359
10.460	0.00991743
10.465	0.00991129
10.470	0.00990515
10.475	0.00989901
10.480	0.00989289
10.485	0.00988677
10.490	0.00988065
10.495	0.00987454
10.500	0.00986844
10.505	0.00986235
10.510	0.00985626
10.515	0.00985018
10.520	0.00984411
10.525	0.00983804
10.530	0.00983198
10.535	0.00982593
10.540	0.00981988
10.545	0.00981384
10.550	0.00980780
10.555	0.00980177
10.560	0.00979575
10.565	0.00978974
10.570	0.00978373
10.575	0.00977773
10.580	0.00977173
10.585	0.00976574
10.590	0.00975976
10.595	0.00975378
10.600	0.00974781
10.605	0.00974185
10.610	0.00973589
10.615	0.00972994
10.620	0.00972400
10.625	0.00971806
10.630	0.00971213
10.635	0.00970620
10.640	0.00970028
10.645	0.00969437
10.650	0.00968846
10.655	0.00968256
10.660	0.00967667
10.665	0.00967078
10.670	0.00966490
10.675	0.00965902
10.680	0.00965316
10.685	0.00964729
10.690	0.00964144
10.695	0.00963559
10.700	0.00962974
10.705	0.00962391
10.710	0.00961808
10.715	0.00961225
10.720	0.00960643
10.725	0.00960062
10.730	0.00959481
10.735	0.00958901
10.740	0.00958322
10.745	0.00957743
10.750	0.00957165
10.755	0.00956587
10.760	0.00956010
10.765	0.00955434
10.770	0.00954858
10.775	0.00954283
10.780	0.00953709
10.785	0.00953135
10.790	0.00952561
10.795	0.00951989
10.800	0.00951417
10.805	0.00950845
10.810	0.00950274
10.815	0.00949704
10.820	0.00949134
10.825	0.00948565
10.830	0.00947997
10.835	0.00947429
10.840	0.00946861
10.845	0.00946295
10.850	0.00945729
10.855	0.00945163
10.860	0.00944598
10.865	0.00944034
10.870	0.00943470
10.875	0.00942907
10.880	0.00942345
10.885	0.00941783
10.890	0.00941221
10.895	0.00940660
10.900	0.00940100
10.905	0.00939541
10.910	0.00938982
10.915	0.00938423
10.920	0.00937865
10.925	0.00937308
10.930	0.00936751
10.935	0.00936195
10.940	0.00935640
10.945	0.00935085
10.950	0.00934530
10.955	0.00933976
10.960	0.00933423
10.965	0.00932871
10.970	0.00932318
10.975	0.00931767
10.980	0.00931216
10.985	0.00930666
10.990	0.00930116
10.995	0.00929567
11.000	0.00929018
11.005	0.00928470
11.010	0.00927922
11.015	0.00927375
11.020	0.00926829
11.025	0.00926283
11.030	0.00925738
11.035	0.00925193
11.040	0.00924649
11.045	0.00924106
11.050	0.00923563
11.055	0.00923020
11.060	0.00922478
11.065	0.00921937
11.070	0.00921396
11.075	0.00920856
11.080	0.00920316
11.085	0.00919777
11.090	0.00919239
11.095	0.00918701
11.100	0.00918163
11.105	0.00917626
11.110	0.00917090
11.115	0.00916554
11.120	0.00916019
11.125	0.00915484
11.130	0.00914950
11.135	0.00914417
11.140	0.00913884
11.145	0.00913351
11.150	0.00912819
11.155	0.00912288
11.160	0.00911757
11.165	0.00911226
11.170	0.00910697
11.175	0.00910167
11.180	0.00909639
11.185	0.00909111
11.190	0.00908583
11.195	0.00908056
11.200	0.00907529
11.205	0.00907003
11.210	0.00906478
11.215	0.00905953
11.220	0.00905428
11.225	0.00904904
11.230	0.00904381
11.235	0.00903858
11.240	0.00903336
11.245	0.00902814
11.250	0.00902293
11.255	0.00901772
11.260	0.00901252
11.265	0.00900732
11.270	0.00900213
11.275	0.00899695
11.280	0.00899177
11.285	0.00898659
11.290	0.00898142
11.295	0.00897626
11.300	0.00897110
11.305	0.00896594
11.310	0.00896079
11.315	0.00895565
11.320	0.00895051
11.325	0.00894537
11.330	0.00894025
11.335	0.00893512
11.340	0.00893000
11.345	0.00892489
11.350	0.00891978
11.355	0.00891468
11.360	0.00890958
11.365	0.00890449
11.370	0.00889940
11.375	0.00889432
11.380	0.00888924
11.385	0.00888417
11.390	0.00887910
11.395	0.00887404
11.400	0.00886898
11.405	0.00886393
11.410	0.00885888
11.415	0.00885384
11.420	0.00884880
11.425	0.00884377
11.430	0.00883874
11.435	0.00883372
11.440	0.00882871
11.445	0.00882369
11.450	0.00881869
11.455	0.00881369
11.460	0.00880869
11.465	0.00880370
11.470	0.00879871
11.475	0.00879373
11.480	0.00878875
11.485	0.00878378
11.490	0.00877881
11.495	0.00877385
11.500	0.00876889
11.505	0.00876394
11.510	0.00875899
11.515	0.00875405
11.520	0.00874911
11.525	0.00874418
11.530	0.00873925
11.535	0.00873433
11.540	0.00872941
11.545	0.00872450
11.550	0.00871959
11.555	0.00871468
11.560	0.00870978
11.565	0.00870489
11.570	0.00870000
11.575	0.00869512
11.580	0.00869024
11.585	0.00868536
11.590	0.00868049
11.595	0.00867563
11.600	0.00867077
11.605	0.00866591
11.610	0.00866106
11.615	0.00865622
11.620	0.00865137
11.625	0.00864654
11.630	0.00864171
11.635	0.00863688
11.640	0.00863206
11.645	0.00862724
11.650	0.00862243
11.655	0.00861762
11.660	0.00861281
11.665	0.00860802
11.670	0.00860322
11.675	0.00859843
11.680	0.00859365
11.685	0.00858887
11.690	0.00858409
11.695	0.00857932
11.700	0.00857456
11.705	0.00856979
11.710	0.00856504
11.715	0.00856029
11.720	0.00855554
11.725	0.00855080
11.730	0.00854606
11.735	0.00854132
11.740	0.00853659
11.745	0.00853187
11.750	0.00852715
11.755	0.00852243
11.760	0.00851772
11.765	0.00851302
11.770	0.00850832
11.775	0.00850362
11.780	0.00849893
11.785	0.00849424
11.790	0.00848956
11.795	0.00848488
11.800	0.00848020
11.805	0.00847553
11.810	0.00847087
11.815	0.00846621
11.820	0.00846155
11.825	0.00845690
11.830	0.00845225
11.835	0.00844761
11.840	0.00844297
11.845	0.00843834
11.850	0.00843371
11.855	0.00842908
11.860	0.00842446
11.865	0.00841985
11.870	0.00841523
11.875	0.00841063
11.880	0.00840602
11.885	0.00840143
11.890	0.00839683
11.895	0.00839224
11.900	0.00838766
11.905	0.00838308
11.910	0.00837850
11.915	0.00837393
11.920	0.00836936
11.925	0.00836480
11.930	0.00836024
11.935	0.00835568
11.940	0.00835113
11.945	0.00834659
11.950	0.00834205
11.955	0.00833751
11.960	0.00833298
11.965	0.00832845
11.970	0.00832392
11.975	0.00831940
11.980	0.00831489
11.985	0.00831038
11.990	0.00830587
11.995	0.00830137
12.000	0.00829687
12.005	0.00829238
12.010	0.00828789
12.015	0.00828340
12.020	0.00827892
12.025	0.00827444
12.030	0.00826997
12.035	0.00826550
12.040	0.00826104
12.045	0.00825658
12.050	0.00825212
12.055	0.00824767
12.060	0.00824322
12.065	0.00823878
12.070	0.00823434
12.075	0.00822991
12.080	0.00822548
12.085	0.00822105
12.090	0.00821663
12.095	0.00821221
12.100	0.00820779
12.105	0.00820339
12.110	0.00819898
12.115	0.00819458
12.120	0.00819018
12.125	0.00818579
12.130	0.00818140
12.135	0.00817701
12.140	0.00817263
12.145	0.00816826
12.150	0.00816388
12.155	0.00815952
12.160	0.00815515
12.165	0.00815079
12.170	0.00814644
12.175	0.00814208
12.180	0.00813774
12.185	0.00813339
12.190	0.00812905
12.195	0.00812472
12.200	0.00812038
12.205	0.00811606
12.210	0.00811173
12.215	0.00810741
12.220	0.00810310
12.225	0.00809879
12.230	0.00809448
12.235	0.00809018
12.240	0.00808588
12.245	0.00808158
12.250	0.00807729
12.255	0.00807300
12.260	0.00806872
12.265	0.00806444
12.270	0.00806016
12.275	0.00805589
12.280	0.00805163
12.285	0.00804736
12.290	0.00804310
12.295	0.00803885
12.300	0.00803460
12.305	0.00803035
12.310	0.00802610
12.315	0.00802186
12.320	0.00801763
12.325	0.00801340
12.330	0.00800917
12.335	0.00800495
12.340	0.00800072
12.345	0.00799651
12.350	0.00799230
12.355	0.00798809
12.360	0.00798388
12.365	0.00797968
12.370	0.00797549
12.375	0.00797129
12.380	0.00796710
12.385	0.00796292
12.390	0.00795874
12.395	0.00795456
12.400	0.00795039
12.405	0.00794622
12.410	0.00794205
12.415	0.00793789
12.420	0.00793373
12.425	0.00792957
12.430	0.00792542
12.435	0.00792128
12.440	0.00791713
12.445	0.00791300
12.450	0.00790886
12.455	0.00790473
12.460	0.00790060
12.465	0.00789648
12.470	0.00789236
12.475	0.00788824
12.480	0.00788413
12.485	0.00788002
12.490	0.00787591
12.495	0.00787181
12.500	0.00786771
12.505	0.00786362
12.510	0.00785953
12.515	0.00785544
12.520	0.00785136
12.525	0.00784728
12.530	0.00784320
12.535	0.00783913
12.540	0.00783507
12.545	0.00783100
12.550	0.00782694
12.555	0.00782288
12.560	0.00781883
12.565	0.00781478
12.570	0.00781074
12.575	0.00780669
12.580	0.00780265
12.585	0.00779862
12.590	0.00779459
12.595	0.00779056
12.600	0.00778654
12.605	0.00778252
12.610	0.00777850
12.615	0.00777449
12.620	0.00777048
12.625	0.00776647
12.630	0.00776247
12.635	0.00775847
12.640	0.00775448
12.645	0.00775049
12.650	0.00774650
12.655	0.00774252
12.660	0.00773853
12.665	0.00773456
12.670	0.00773058
12.675	0.00772662
12.680	0.00772265
12.685	0.00771869
12.690	0.00771473
12.695	0.00771077
12.700	0.00770682
12.705	0.00770287
12.710	0.00769893
12.715	0.00769499
12.720	0.00769105
12.725	0.00768712
12.730	0.00768318
12.735	0.00767926
12.740	0.00767533
12.745	0.00767141
12.750	0.00766750
12.755	0.00766358
12.760	0.00765968
12.765	0.00765577
12.770	0.00765187
12.775	0.00764797
12.780	0.00764407
12.785	0.00764018
12.790	0.00763629
12.795	0.00763241
12.800	0.00762853
12.805	0.00762465
12.810	0.00762077
12.815	0.00761690
12.820	0.00761303
12.825	0.00760917
12.830	0.00760531
12.835	0.00760145
12.840	0.00759760
12.845	0.00759375
12.850	0.00758990
12.855	0.00758606
12.860	0.00758222
12.865	0.00757838
12.870	0.00757455
12.875	0.00757072
12.880	0.00756689
12.885	0.00756307
12.890	0.00755925
12.895	0.00755543
12.900	0.00755162
12.905	0.00754781
12.910	0.00754400
12.915	0.00754020
12.920	0.00753640
12.925	0.00753260
12.930	0.00752881
12.935	0.00752502
12.940	0.00752123
12.945	0.00751745
12.950	0.00751367
12.955	0.00750989
12.960	0.00750612
12.965	0.00750235
12.970	0.00749859
12.975	0.00749482
12.980	0.00749106
12.985	0.00748731
12.990	0.00748355
12.995	0.00747980
13.000	0.00747606
13.005	0.00747232
13.010	0.00746858
13.015	0.00746484
13.020	0.00746111
13.025	0.00745738
13.030	0.00745365
13.035	0.00744993
13.040	0.00744621
13.045	0.00744249
13.050	0.00743878
13.055	0.00743506
13.060	0.00743136
13.065	0.00742765
13.070	0.00742395
13.075	0.00742026
13.080	0.00741656
13.085	0.00741287
13.090	0.00740918
13.095	0.00740550
13.100	0.00740182
13.105	0.00739814
13.110	0.00739446
13.115	0.00739079
13.120	0.00738712
13.125	0.00738346
13.130	0.00737980
13.135	0.00737614
13.140	0.00737248
13.145	0.00736883
13.150	0.00736518
13.155	0.00736153
13.160	0.00735789
13.165	0.00735425
13.170	0.00735061
13.175	0.00734698
13.180	0.00734335
13.185	0.00733972
13.190	0.00733610
13.195	0.00733248
13.200	0.00732886
13.205	0.00732525
13.210	0.00732163
13.215	0.00731803
13.220	0.00731442
13.225	0.00731082
13.230	0.00730722
13.235	0.00730362
13.240	0.00730003
13.245	0.00729644
13.250	0.00729285
13.255	0.00728927
13.260	0.00728569
13.265	0.00728211
13.270	0.00727854
13.275	0.00727497
13.280	0.00727140
13.285	0.00726783
13.290	0.00726427
13.295	0.00726071
13.300	0.00725716
13.305	0.00725360
13.310	0.00725005
13.315	0.00724651
13.320	0.00724296
13.325	0.00723942
13.330	0.00723589
13.335	0.00723235
13.340	0.00722882
13.345	0.00722529
13.350	0.00722176
13.355	0.00721824
13.360	0.00721472
13.365	0.00721121
13.370	0.00720769
13.375	0.00720418
13.380	0.00720067
13.385	0.00719717
13.390	0.00719367
13.395	0.00719017
13.400	0.00718668
13.405	0.00718318
13.410	0.00717969
13.415	0.00717621
13.420	0.00717272
13.425	0.00716924
13.430	0.00716576
13.435	0.00716229
13.440	0.00715882
13.445	0.00715535
13.450	0.00715188
13.455	0.00714842
13.460	0.00714496
13.465	0.00714150
13.470	0.00713805
13.475	0.00713460
13.480	0.00713115
13.485	0.00712770
13.490	0.00712426
13.495	0.00712082
13.500	0.00711739
13.505	0.00711395
13.510	0.00711052
13.515	0.00710709
13.520	0.00710367
13.525	0.00710025
13.530	0.00709683
13.535	0.00709341
13.540	0.00709000
13.545	0.00708659
13.550	0.00708318
13.555	0.00707978
13.560	0.00707637
13.565	0.00707297
13.570	0.00706958
13.575	0.00706619
13.580	0.00706280
13.585	0.00705941
13.590	0.00705602
13.595	0.00705264
13.600	0.00704926
13.605	0.00704589
13.610	0.00704251
13.615	0.00703914
13.620	0.00703577
13.625	0.00703241
13.630	0.00702905
13.635	0.00702569
13.640	0.00702233
13.645	0.00701898
13.650	0.00701563
13.655	0.00701228
13.660	0.00700893
13.665	0.00700559
13.670	0.00700225
13.675	0.00699892
13.680	0.00699558
13.685	0.00699225
13.690	0.00698892
13.695	0.00698560
13.700	0.00698227
13.705	0.00697895
13.710	0.00697564
13.715	0.00697232
13.720	0.00696901
13.725	0.00696570
13.730	0.00696239
13.735	0.00695909
13.740	0.00695579
13.745	0.00695249
13.750	0.00694920
13.755	0.00694590
13.760	0.00694261
13.765	0.00693933
13.770	0.00693604
13.775	0.00693276
13.780	0.00692948
13.785	0.00692621
13.790	0.00692293
13.795	0.00691966
13.800	0.00691639
13.805	0.00691313
13.810	0.00690987
13.815	0.00690661
13.820	0.00690335
13.825	0.00690010
13.830	0.00689684
13.835	0.00689359
13.840	0.00689035
13.845	0.00688710
13.850	0.00688386
13.855	0.00688062
13.860	0.00687739
13.865	0.00687416
13.870	0.00687093
13.875	0.00686770
13.880	0.00686447
13.885	0.00686125
13.890	0.00685803
13.895	0.00685481
13.900	0.00685160
13.905	0.00684839
13.910	0.00684518
13.915	0.00684197
13.920	0.00683877
13.925	0.00683557
13.930	0.00683237
13.935	0.00682917
13.940	0.00682598
13.945	0.00682279
13.950	0.00681960
13.955	0.00681641
13.960	0.00681323
13.965	0.00681005
13.970	0.00680687
13.975	0.00680370
13.980	0.00680053
13.985	0.00679736
13.990	0.00679419
13.995	0.00679102
14.000	0.00678786
14.005	0.00678470
14.010	0.00678155
14.015	0.00677839
14.020	0.00677524
14.025	0.00677209
14.030	0.00676894
14.035	0.00676580
14.040	0.00676266
14.045	0.00675952
14.050	0.00675638
14.055	0.00675325
14.060	0.00675012
14.065	0.00674699
14.070	0.00674386
14.075	0.00674074
14.080	0.00673762
14.085	0.00673450
14.090	0.00673138
14.095	0.00672827
14.100	0.00672516
14.105	0.00672205
14.110	0.00671894
14.115	0.00671584
14.120	0.00671274
14.125	0.00670964
14.130	0.00670654
14.135	0.00670345
14.140	0.00670036
14.145	0.00669727
14.150	0.00669419
14.155	0.00669110
14.160	0.00668802
14.165	0.00668494
14.170	0.00668187
14.175	0.00667879
14.180	0.00667572
14.185	0.00667265
14.190	0.00666959
14.195	0.00666652
14.200	0.00666346
14.205	0.00666040
14.210	0.00665735
14.215	0.00665429
14.220	0.00665124
14.225	0.00664819
14.230	0.00664515
14.235	0.00664210
14.240	0.00663906
14.245	0.00663602
14.250	0.00663299
14.255	0.00662995
14.260	0.00662692
14.265	0.00662389
14.270	0.00662087
14.275	0.00661784
14.280	0.00661482
14.285	0.00661180
14.290	0.00660878
14.295	0.00660577
14.300	0.00660275
14.305	0.00659974
14.310	0.00659674
14.315	0.00659373
14.320	0.00659073
14.325	0.00658773
14.330	0.00658473
14.335	0.00658174
14.340	0.00657874
14.345	0.00657575
14.350	0.00657276
14.355	0.00656978
14.360	0.00656679
14.365	0.00656381
14.370	0.00656083
14.375	0.00655786
14.380	0.00655488
14.385	0.00655191
14.390	0.00654894
14.395	0.00654598
14.400	0.00654301
14.405	0.00654005
14.410	0.00653709
14.415	0.00653413
14.420	0.00653118
14.425	0.00652822
14.430	0.00652527
14.435	0.00652232
14.440	0.00651938
14.445	0.00651643
14.450	0.00651349
14.455	0.00651055
14.460	0.00650762
14.465	0.00650468
14.470	0.00650175
14.475	0.00649882
14.480	0.00649590
14.485	0.00649297
14.490	0.00649005
14.495	0.00648713
14.500	0.00648421
14.505	0.00648129
14.510	0.00647838
14.515	0.00647547
14.520	0.00647256
14.525	0.00646965
14.530	0.00646675
14.535	0.00646385
14.540	0.00646095
14.545	0.00645805
14.550	0.00645515
14.555	0.00645226
14.560	0.00644937
14.565	0.00644648
14.570	0.00644360
14.575	0.00644071
14.580	0.00643783
14.585	0.00643495
14.590	0.00643208
14.595	0.00642920
14.600	0.00642633
14.605	0.00642346
14.610	0.00642059
14.615	0.00641772
14.620	0.00641486
14.625	0.00641200
14.630	0.00640914
14.635	0.00640628
14.640	0.00640343
14.645	0.00640058
14.650	0.00639773
14.655	0.00639488
14.660	0.00639203
14.665	0.00638919
14.670	0.00638635
14.675	0.00638351
14.680	0.00638067
14.685	0.00637784
14.690	0.00637501
14.695	0.00637218
14.700	0.00636935
14.705	0.00636652
14.710	0.00636370
14.715	0.00636088
14.720	0.00635806
14.725	0.00635524
14.730	0.00635243
14.735	0.00634961
14.740	0.00634680
14.745	0.00634400
14.750	0.00634119
14.755	0.00633839
14.760	0.00633558
14.765	0.00633279
14.770	0.00632999
14.775	0.00632719
14.780	0.00632440
14.785	0.00632161
14.790	0.00631882
14.795	0.00631603
14.800	0.00631325
14.805	0.00631047
14.810	0.00630769
14.815	0.00630491
14.820	0.00630213
14.825	0.00629936
14.830	0.00629659
14.835	0.00629382
14.840	0.00629105
14.845	0.00628829
14.850	0.00628552
14.855	0.00628276
14.860	0.00628000
14.865	0.00627725
14.870	0.00627449
14.875	0.00627174
14.880	0.00626899
14.885	0.00626624
14.890	0.00626350
14.895	0.00626075
14.900	0.00625801
14.905	0.00625527
14.910	0.00625253
14.915	0.00624980
14.920	0.00624707
14.925	0.00624434
14.930	0.00624161
14.935	0.00623888
14.940	0.00623615
14.945	0.00623343
14.950	0.00623071
14.955	0.00622799
14.960	0.00622528
14.965	0.00622256
14.970	0.00621985
14.975	0.00621714
14.980	0.00621443
14.985	0.00621172
14.990	0.00620902
14.995	0.00620632
15.000	0.00620362
15.005	0.00620092
15.010	0.00619822
15.015	0.00619553
15.020	0.00619284
15.025	0.00619015
15.030	0.00618746
15.035	0.00618477
15.040	0.00618209
15.045	0.00617941
15.050	0.00617673
15.055	0.00617405
15.060	0.00617138
15.065	0.00616870
15.070	0.00616603
15.075	0.00616336
15.080	0.00616070
15.085	0.00615803
15.090	0.00615537
15.095	0.00615271
15.100	0.00615005
15.105	0.00614739
15.110	0.00614473
15.115	0.00614208
15.120	0.00613943
15.125	0.00613678
15.130	0.00613413
15.135	0.00613149
15.140	0.00612884
15.145	0.00612620
15.150	0.00612356
15.155	0.00612093
15.160	0.00611829
15.165	0.00611566
15.170	0.00611303
15.175	0.00611040
15.180	0.00610777
15.185	0.00610515
15.190	0.00610252
15.195	0.00609990
15.200	0.00609728
15.205	0.00609466
15.210	0.00609205
15.215	0.00608944
15.220	0.00608682
15.225	0.00608422
15.230	0.00608161
15.235	0.00607900
15.240	0.00607640
15.245	0.00607380
15.250	0.00607120
15.255	0.00606860
15.260	0.00606600
15.265	0.00606341
15.270	0.00606082
15.275	0.00605823
15.280	0.00605564
15.285	0.00605305
15.290	0.00605047
15.295	0.00604789
15.300	0.00604531
15.305	0.00604273
15.310	0.00604015
15.315	0.00603758
15.320	0.00603501
15.325	0.00603243
15.330	0.00602987
15.335	0.00602730
15.340	0.00602473
15.345	0.00602217
15.350	0.00601961
15.355	0.00601705
15.360	0.00601449
15.365	0.00601194
15.370	0.00600939
15.375	0.00600683
15.380	0.00600428
15.385	0.00600174
15.390	0.00599919
15.395	0.00599665
15.400	0.00599410
15.405	0.00599156
15.410	0.00598903
15.415	0.00598649
15.420	0.00598396
15.425	0.00598142
15.430	0.00597889
15.435	0.00597636
15.440	0.00597384
15.445	0.00597131
15.450	0.00596879
15.455	0.00596627
15.460	0.00596375
15.465	0.00596123
15.470	0.00595871
15.475	0.00595620
15.480	0.00595369
15.485	0.00595118
15.490	0.00594867
15.495	0.00594616
15.500	0.00594366
15.505	0.00594116
15.510	0.00593866
15.515	0.00593616
15.520	0.00593366
15.525	0.00593116
15.530	0.00592867
15.535	0.00592618
15.540	0.00592369
15.545	0.00592120
15.550	0.00591871
15.555	0.00591623
15.560	0.00591375
15.565	0.00591127
15.570	0.00590879
15.575	0.00590631
15.580	0.00590384
15.585	0.00590136
15.590	0.00589889
15.595	0.00589642
15.600	0.00589395
15.605	0.00589149
15.610	0.00588902
15.615	0.00588656
15.620	0.00588410
15.625	0.00588164
15.630	0.00587918
15.635	0.00587673
15.640	0.00587427
15.645	0.00587182
15.650	0.00586937
15.655	0.00586692
15.660	0.00586448
15.665	0.00586203
15.670	0.00585959
15.675	0.00585715
15.680	0.00585471
15.685	0.00585227
15.690	0.00584984
15.695	0.00584740
15.700	0.00584497
15.705	0.00584254
15.710	0.00584011
15.715	0.00583769
15.720	0.00583526
15.725	0.00583284
15.730	0.00583042
15.735	0.00582800
15.740	0.00582558
15.745	0.00582316
15.750	0.00582075
15.755	0.00581834
15.760	0.00581593
15.765	0.00581352
15.770	0.00581111
15.775	0.00580870
15.780	0.00580630
15.785	0.00580390
15.790	0.00580150
15.795	0.00579910
15.800	0.00579670
15.805	0.00579431
15.810	0.00579191
15.815	0.00578952
15.820	0.00578713
15.825	0.00578474
15.830	0.00578236
15.835	0.00577997
15.840	0.00577759
15.845	0.00577521
15.850	0.00577283
15.855	0.00577045
15.860	0.00576807
15.865	0.00576570
15.870	0.00576333
15.875	0.00576095
15.880	0.00575859
15.885	0.00575622
15.890	0.00575385
15.895	0.00575149
15.900	0.00574912
15.905	0.00574676
15.910	0.00574441
15.915	0.00574205
15.920	0.00573969
15.925	0.00573734
15.930	0.00573499
15.935	0.00573263
15.940	0.00573029
15.945	0.00572794
15.950	0.00572559
15.955	0.00572325
15.960	0.00572091
15.965	0.00571857
15.970	0.00571623
15.975	0.00571389
15.980	0.00571156
15.985	0.00570922
15.990	0.00570689
15.995	0.00570456
16.000	0.00570223
16.005	0.00569990
16.010	0.00569758
16.015	0.00569525
16.020	0.00569293
16.025	0.00569061
16.030	0.00568829
16.035	0.00568598
16.040	0.00568366
16.045	0.00568135
16.050	0.00567903
16.055	0.00567672
16.060	0.00567441
16.065	0.00567211
16.070	0.00566980
16.075	0.00566750
16.080	0.00566519
16.085	0.00566289
16.090	0.00566060
16.095	0.00565830
16.100	0.00565600
16.105	0.00565371
16.110	0.00565142
16.115	0.00564912
16.120	0.00564684
16.125	0.00564455
16.130	0.00564226
16.135	0.00563998
16.140	0.00563769
16.145	0.00563541
16.150	0.00563313
16.155	0.00563086
16.160	0.00562858
16.165	0.00562631
16.170	0.00562403
16.175	0.00562176
16.180	0.00561949
16.185	0.00561722
16.190	0.00561496
16.195	0.00561269
16.200	0.00561043
16.205	0.00560817
16.210	0.00560591
16.215	0.00560365
16.220	0.00560139
16.225	0.00559913
16.230	0.00559688
16.235	0.00559463
16.240	0.00559238
16.245	0.00559013
16.250	0.00558788
16.255	0.00558564
16.260	0.00558339
16.265	0.00558115
16.270	0.00557891
16.275	0.00557667
16.280	0.00557443
16.285	0.00557219
16.290	0.00556996
16.295	0.00556773
16.300	0.00556549
16.305	0.00556326
16.310	0.00556104
16.315	0.00555881
16.320	0.00555658
16.325	0.00555436
16.330	0.00555214
16.335	0.00554992
16.340	0.00554770
16.345	0.00554548
16.350	0.00554326
16.355	0.00554105
16.360	0.00553884
16.365	0.00553662
16.370	0.00553441
16.375	0.00553221
16.380	0.00553000
16.385	0.00552779
16.390	0.00552559
16.395	0.00552339
16.400	0.00552119
16.405	0.00551899
16.410	0.00551679
16.415	0.00551460
16.420	0.00551240
16.425	0.00551021
16.430	0.00550802
16.435	0.00550583
16.440	0.00550364
16.445	0.00550145
16.450	0.00549927
16.455	0.00549708
16.460	0.00549490
16.465	0.00549272
16.470	0.00549054
16.475	0.00548836
16.480	0.00548619
16.485	0.00548401
16.490	0.00548184
16.495	0.00547967
16.500	0.00547750
16.505	0.00547533
16.510	0.00547316
16.515	0.00547100
16.520	0.00546883
16.525	0.00546667
16.530	0.00546451
16.535	0.00546235
16.540	0.00546019
16.545	0.00545803
16.550	0.00545588
16.555	0.00545372
16.560	0.00545157
16.565	0.00544942
16.570	0.00544727
16.575	0.00544513
16.580	0.00544298
16.585	0.00544083
16.590	0.00543869
16.595	0.00543655
16.600	0.00543441
16.605	0.00543227
16.610	0.00543013
16.615	0.00542800
16.620	0.00542586
16.625	0.00542373
16.630	0.00542160
16.635	0.00541947
16.640	0.00541734
16.645	0.00541521
16.650	0.00541309
16.655	0.00541096
16.660	0.00540884
16.665	0.00540672
16.670	0.00540460
16.675	0.00540248
16.680	0.00540037
16.685	0.00539825
16.690	0.00539614
16.695	0.00539402
16.700	0.00539191
16.705	0.00538980
16.710	0.00538769
16.715	0.00538559
16.720	0.00538348
16.725	0.00538138
16.730	0.00537928
16.735	0.00537718
16.740	0.00537508
16.745	0.00537298
16.750	0.00537088
16.755	0.00536879
16.760	0.00536669
16.765	0.00536460
16.770	0.00536251
16.775	0.00536042
16.780	0.00535833
16.785	0.00535625
16.790	0.00535416
16.795	0.00535208
16.800	0.00535000
16.805	0.00534791
16.810	0.00534584
16.815	0.00534376
16.820	0.00534168
16.825	0.00533961
16.830	0.00533753
16.835	0.00533546
16.840	0.00533339
16.845	0.00533132
16.850	0.00532925
16.855	0.00532718
16.860	0.00532512
16.865	0.00532306
16.870	0.00532099
16.875	0.00531893
16.880	0.00531687
16.885	0.00531481
16.890	0.00531276
16.895	0.00531070
16.900	0.00530865
16.905	0.00530659
16.910	0.00530454
16.915	0.00530249
16.920	0.00530044
16.925	0.00529840
16.930	0.00529635
16.935	0.00529431
16.940	0.00529226
16.945	0.00529022
16.950	0.00528818
16.955	0.00528614
16.960	0.00528411
16.965	0.00528207
16.970	0.00528004
16.975	0.00527800
16.980	0.00527597
16.985	0.00527394
16.990	0.00527191
16.995	0.00526988
17.000	0.00526786
17.005	0.00526583
17.010	0.00526381
17.015	0.00526178
17.020	0.00525976
17.025	0.00525774
17.030	0.00525573
17.035	0.00525371
17.040	0.00525169
17.045	0.00524968
17.050	0.00524767
17.055	0.00524565
17.060	0.00524364
17.065	0.00524164
17.070	0.00523963
17.075	0.00523762
17.080	0.00523562
17.085	0.00523361
17.090	0.00523161
17.095	0.00522961
17.100	0.00522761
17.105	0.00522561
17.110	0.00522362
17.115	0.00522162
17.120	0.00521963
17.125	0.00521763
17.130	0.00521564
17.135	0.00521365
17.140	0.00521166
17.145	0.00520968
17.150	0.00520769
17.155	0.00520571
17.160	0.00520372
17.165	0.00520174
17.170	0.00519976
17.175	0.00519778
17.180	0.00519580
17.185	0.00519383
17.190	0.00519185
17.195	0.00518988
17.200	0.00518790
17.205	0.00518593
17.210	0.00518396
17.215	0.00518199
17.220	0.00518003
17.225	0.00517806
17.230	0.00517609
17.235	0.00517413
17.240	0.00517217
17.245	0.00517021
17.250	0.00516825
17.255	0.00516629
17.260	0.00516433
17.265	0.00516238
17.270	0.00516042
17.275	0.00515847
17.280	0.00515652
17.285	0.00515457
17.290	0.00515262
17.295	0.00515067
17.300	0.00514872
17.305	0.00514678
17.310	0.00514483
17.315	0.00514289
17.320	0.00514095
17.325	0.00513901
17.330	0.00513707
17.335	0.00513513
17.340	0.00513319
17.345	0.00513126
17.350	0.00512932
17.355	0.00512739
17.360	0.00512546
17.365	0.00512353
17.370	0.00512160
17.375	0.00511967
17.380	0.00511775
17.385	0.00511582
17.390	0.00511390
17.395	0.00511198
17.400	0.00511006
17.405	0.00510814
17.410	0.00510622
17.415	0.00510430
17.420	0.00510238
17.425	0.00510047
17.430	0.00509856
17.435	0.00509664
17.440	0.00509473
17.445	0.00509282
17.450	0.00509091
17.455	0.00508901
17.460	0.00508710
17.465	0.00508520
17.470	0.00508329
17.475	0.00508139
17.480	0.00507949
17.485	0.00507759
17.490	0.00507569
17.495	0.00507379
17.500	0.00507190
17.505	0.00507000
17.510	0.00506811
17.515	0.00506622
17.520	0.00506433
17.525	0.00506244
17.530	0.00506055
17.535	0.00505866
17.540	0.00505677
17.545	0.00505489
17.550	0.00505300
17.555	0.00505112
17.560	0.00504924
17.565	0.00504736
17.570	0.00504548
17.575	0.00504360
17.580	0.00504173
17.585	0.00503985
17.590	0.00503798
17.595	0.00503611
17.600	0.00503424
17.605	0.00503237
17.610	0.00503050
17.615	0.00502863
17.620	0.00502676
17.625	0.00502490
17.630	0.00502303
17.635	0.00502117
17.640	0.00501931
17.645	0.00501745
17.650	0.00501559
17.655	0.00501373
17.660	0.00501187
17.665	0.00501002
17.670	0.00500816
17.675	0.00500631
17.680	0.00500446
17.685	0.00500261
17.690	0.00500076
17.695	0.00499891
17.700	0.00499706
17.705	0.00499522
17.710	0.00499337
17.715	0.00499153
17.720	0.00498968
17.725	0.00498784
17.730	0.00498600
17.735	0.00498416
17.740	0.00498233
17.745	0.00498049
17.750	0.00497865
17.755	0.00497682
17.760	0.00497499
17.765	0.00497316
17.770	0.00497133
17.775	0.00496950
17.780	0.00496767
17.785	0.00496584
17.790	0.00496401
17.795	0.00496219
17.800	0.00496037
17.805	0.00495854
17.810	0.00495672
17.815	0.00495490
17.820	0.00495308
17.825	0.00495127
17.830	0.00494945
17.835	0.00494763
17.840	0.00494582
17.845	0.00494401
17.850	0.00494220
17.855	0.00494038
17.860	0.00493858
17.865	0.00493677
17.870	0.00493496
17.875	0.00493315
17.880	0.00493135
17.885	0.00492955
17.890	0.00492774
17.895	0.00492594
17.900	0.00492414
17.905	0.00492234
17.910	0.00492054
17.915	0.00491875
17.920	0.00491695
17.925	0.00491516
17.930	0.00491336
17.935	0.00491157
17.940	0.00490978
17.945	0.00490799
17.950	0.00490620
17.955	0.00490441
17.960	0.00490263
17.965	0.00490084
17.970	0.00489906
17.975	0.00489728
17.980	0.00489549
17.985	0.00489371
17.990	0.00489193
17.995	0.00489016
18.000	0.00488838
18.005	0.00488660
18.010	0.00488483
18.015	0.00488305
18.020	0.00488128
18.025	0.00487951
18.030	0.00487774
18.035	0.00487597
18.040	0.00487420
18.045	0.00487243
18.050	0.00487067
18.055	0.00486890
18.060	0.00486714
18.065	0.00486538
18.070	0.00486361
18.075	0.00486185
18.080	0.00486009
18.085	0.00485834
18.090	0.00485658
18.095	0.00485482
18.100	0.00485307
18.105	0.00485131
18.110	0.00484956
18.115	0.00484781
18.120	0.00484606
18.125	0.00484431
18.130	0.00484256
18.135	0.00484082
18.140	0.00483907
18.145	0.00483732
18.150	0.00483558
18.155	0.00483384
18.160	0.00483210
18.165	0.00483036
18.170	0.00482862
18.175	0.00482688
18.180	0.00482514
18.185	0.00482340
18.190	0.00482167
18.195	0.00481994
18.200	0.00481820
18.205	0.00481647
18.210	0.00481474
18.215	0.00481301
18.220	0.00481128
18.225	0.00480956
18.230	0.00480783
18.235	0.00480610
18.240	0.00480438
18.245	0.00480266
18.250	0.00480093
18.255	0.00479921
18.260	0.00479749
18.265	0.00479578
18.270	0.00479406
18.275	0.00479234
18.280	0.00479063
18.285	0.00478891
18.290	0.00478720
18.295	0.00478549
18.300	0.00478377
18.305	0.00478206
18.310	0.00478036
18.315	0.00477865
18.320	0.00477694
18.325	0.00477524
18.330	0.00477353
18.335	0.00477183
18.340	0.00477012
18.345	0.00476842
18.350	0.00476672
18.355	0.00476502
18.360	0.00476332
18.365	0.00476163
18.370	0.00475993
18.375	0.00475824
18.380	0.00475654
18.385	0.00475485
18.390	0.00475316
18.395	0.00475147
18.400	0.00474978
18.405	0.00474809
18.410	0.00474640
18.415	0.00474471
18.420	0.00474303
18.425	0.00474134
18.430	0.00473966
18.435	0.00473798
18.440	0.00473630
18.445	0.00473461
18.450	0.00473294
18.455	0.00473126
18.460	0.00472958
18.465	0.00472790
18.470	0.00472623
18.475	0.00472455
18.480	0.00472288
18.485	0.00472121
18.490	0.00471954
18.495	0.00471787
18.500	0.00471620
18.505	0.00471453
18.510	0.00471286
18.515	0.00471120
18.520	0.00470953
18.525	0.00470787
18.530	0.00470621
18.535	0.00470455
18.540	0.00470288
18.545	0.00470122
18.550	0.00469957
18.555	0.00469791
18.560	0.00469625
18.565	0.00469460
18.570	0.00469294
18.575	0.00469129
18.580	0.00468964
18.585	0.00468798
18.590	0.00468633
18.595	0.00468468
18.600	0.00468304
18.605	0.00468139
18.610	0.00467974
18.615	0.00467810
18.620	0.00467645
18.625	0.00467481
18.630	0.00467317
18.635	0.00467153
18.640	0.00466989
18.645	0.00466825
18.650	0.00466661
18.655	0.00466497
18.660	0.00466333
18.665	0.00466170
18.670	0.00466006
18.675	0.00465843
18.680	0.00465680
18.685	0.00465517
18.690	0.00465354
18.695	0.00465191
18.700	0.00465028
18.705	0.00464865
18.710	0.00464703
18.715	0.00464540
18.720	0.00464378
18.725	0.00464215
18.730	0.00464053
18.735	0.00463891
18.740	0.00463729
18.745	0.00463567
18.750	0.00463405
18.755	0.00463244
18.760	0.00463082
18.765	0.00462920
18.770	0.00462759
18.775	0.00462598
18.780	0.00462436
18.785	0.00462275
18.790	0.00462114
18.795	0.00461953
18.800	0.00461792
18.805	0.00461632
18.810	0.00461471
18.815	0.00461310
18.820	0.00461150
18.825	0.00460990
18.830	0.00460829
18.835	0.00460669
18.840	0.00460509
18.845	0.00460349
18.850	0.00460189
18.855	0.00460030
18.860	0.00459870
18.865	0.00459710
18.870	0.00459551
18.875	0.00459392
18.880	0.00459232
18.885	0.00459073
18.890	0.00458914
18.895	0.00458755
18.900	0.00458596
18.905	0.00458437
18.910	0.00458279
18.915	0.00458120
18.920	0.00457961
18.925	0.00457803
18.930	0.00457645
18.935	0.00457487
18.940	0.00457328
18.945	0.00457170
18.950	0.00457012
18.955	0.00456855
18.960	0.00456697
18.965	0.00456539
18.970	0.00456382
18.975	0.00456224
18.980	0.00456067
18.985	0.00455910
18.990	0.00455752
18.995	0.00455595
19.000	0.00455438
19.005	0.00455281
19.010	0.00455125
19.015	0.00454968
19.020	0.00454811
19.025	0.00454655
19.030	0.00454498
19.035	0.00454342
19.040	0.00454186
19.045	0.00454030
19.050	0.00453874
19.055	0.00453718
19.060	0.00453562
19.065	0.00453406
19.070	0.00453251
19.075	0.00453095
19.080	0.00452940
19.085	0.00452784
19.090	0.00452629
19.095	0.00452474
19.100	0.00452319
19.105	0.00452164
19.110	0.00452009
19.115	0.00451854
19.120	0.00451699
19.125	0.00451544
19.130	0.00451390
19.135	0.00451235
19.140	0.00451081
19.145	0.00450927
19.150	0.00450773
19.155	0.00450619
19.160	0.00450465
19.165	0.00450311
19.170	0.00450157
19.175	0.00450003
19.180	0.00449850
19.185	0.00449696
19.190	0.00449543
19.195	0.00449389
19.200	0.00449236
19.205	0.00449083
19.210	0.00448930
19.215	0.00448777
19.220	0.00448624
19.225	0.00448471
19.230	0.00448319
19.235	0.00448166
19.240	0.00448013
19.245	0.00447861
19.250	0.00447709
19.255	0.00447556
19.260	0.00447404
19.265	0.00447252
19.270	0.00447100
19.275	0.00446948
19.280	0.00446797
19.285	0.00446645
19.290	0.00446493
19.295	0.00446342
19.300	0.00446190
19.305	0.00446039
19.310	0.00445888
19.315	0.00445737
19.320	0.00445585
19.325	0.00445434
19.330	0.00445284
19.335	0.00445133
19.340	0.00444982
19.345	0.00444831
19.350	0.00444681
19.355	0.00444530
19.360	0.00444380
19.365	0.00444230
19.370	0.00444080
19.375	0.00443930
19.380	0.00443780
19.385	0.00443630
19.390	0.00443480
19.395	0.00443330
19.400	0.00443181
19.405	0.00443031
19.410	0.00442881
19.415	0.00442732
19.420	0.00442583
19.425	0.00442434
19.430	0.00442285
19.435	0.00442135
19.440	0.00441987
19.445	0.00441838
19.450	0.00441689
19.455	0.00441540
19.460	0.00441392
19.465	0.00441243
19.470	0.00441095
19.475	0.00440946
19.480	0.00440798
19.485	0.00440650
19.490	0.00440502
19.495	0.00440354
19.500	0.00440206
19.505	0.00440058
19.510	0.00439911
19.515	0.00439763
19.520	0.00439615
19.525	0.00439468
19.530	0.00439321
19.535	0.00439173
19.540	0.00439026
19.545	0.00438879
19.550	0.00438732
19.555	0.00438585
19.560	0.00438438
19.565	0.00438292
19.570	0.00438145
19.575	0.00437998
19.580	0.00437852
19.585	0.00437705
19.590	0.00437559
19.595	0.00437413
19.600	0.00437267
19.605	0.00437121
19.610	0.00436975
19.615	0.00436829
19.620	0.00436683
19.625	0.00436537
19.630	0.00436392
19.635	0.00436246
19.640	0.00436100
19.645	0.00435955
19.650	0.00435810
19.655	0.00435665
19.660	0.00435519
19.665	0.00435374
19.670	0.00435229
19.675	0.00435085
19.680	0.00434940
19.685	0.00434795
19.690	0.00434650
19.695	0.00434506
19.700	0.00434361
19.705	0.00434217
19.710	0.00434073
19.715	0.00433929
19.720	0.00433784
19.725	0.00433640
19.730	0.00433496
19.735	0.00433353
19.740	0.00433209
19.745	0.00433065
19.750	0.00432921
19.755	0.00432778
19.760	0.00432634
19.765	0.00432491
19.770	0.00432348
19.775	0.00432205
19.780	0.00432062
19.785	0.00431918
19.790	0.00431776
19.795	0.00431633
19.800	0.00431490
19.805	0.00431347
19.810	0.00431205
19.815	0.00431062
19.820	0.00430920
19.825	0.00430777
19.830	0.00430635
19.835	0.00430493
19.840	0.00430351
19.845	0.00430209
19.850	0.00430067
19.855	0.00429925
19.860	0.00429783
19.865	0.00429641
19.870	0.00429500
19.875	0.00429358
19.880	0.00429217
19.885	0.00429075
19.890	0.00428934
19.895	0.00428793
19.900	0.00428651
19.905	0.00428510
19.910	0.00428369
19.915	0.00428229
19.920	0.00428088
19.925	0.00427947
19.930	0.00427806
19.935	0.00427666
19.940	0.00427525
19.945	0.00427385
19.950	0.00427244
19.955	0.00427104
19.960	0.00426964
19.965	0.00426824
19.970	0.00426684
19.975	0.00426544
19.980	0.00426404
19.985	0.00426264
19.990	0.00426125
19.995	0.00425985
20.000	0.00425846
20.005	0.00425706
20.010	0.00425567
20.015	0.00425428
20.020	0.00425288
20.025	0.00425149
20.030	0.00425010
20.035	0.00424871
20.040	0.00424732
20.045	0.00424593
20.050	0.00424455
20.055	0.00424316
20.060	0.00424178
20.065	0.00424039
20.070	0.00423901
20.075	0.00423762
20.080	0.00423624
20.085	0.00423486
20.090	0.00423348
20.095	0.00423210
20.100	0.00423072
20.105	0.00422934
20.110	0.00422796
20.115	0.00422659
20.120	0.00422521
20.125	0.00422383
20.130	0.00422246
20.135	0.00422109
20.140	0.00421971
20.145	0.00421834
20.150	0.00421697
20.155	0.00421560
20.160	0.00421423
20.165	0.00421286
20.170	0.00421149
20.175	0.00421012
20.180	0.00420876
20.185	0.00420739
20.190	0.00420602
20.195	0.00420466
20.200	0.00420330
20.205	0.00420193
20.210	0.00420057
20.215	0.00419921
20.220	0.00419785
20.225	0.00419649
20.230	0.00419513
20.235	0.00419377
20.240	0.00419241
20.245	0.00419106
20.250	0.00418970
20.255	0.00418835
20.260	0.00418699
20.265	0.00418564
20.270	0.00418429
20.275	0.00418293
20.280	0.00418158
20.285	0.00418023
20.290	0.00417888
20.295	0.00417753
20.300	0.00417618
20.305	0.00417484
20.310	0.00417349
20.315	0.00417214
20.320	0.00417080
20.325	0.00416945
20.330	0.00416811
20.335	0.00416677
20.340	0.00416543
20.345	0.00416408
20.350	0.00416274
20.355	0.00416140
20.360	0.00416006
20.365	0.00415873
20.370	0.00415739
20.375	0.00415605
20.380	0.00415471
20.385	0.00415338
20.390	0.00415204
20.395	0.00415071
20.400	0.00414938
20.405	0.00414804
20.410	0.00414671
20.415	0.00414538
20.420	0.00414405
20.425	0.00414272
20.430	0.00414139
20.435	0.00414007
20.440	0.00413874
20.445	0.00413741
20.450	0.00413609
20.455	0.00413476
20.460	0.00413344
20.465	0.00413211
20.470	0.00413079
20.475	0.00412947
20.480	0.00412815
20.485	0.00412683
20.490	0.00412551
20.495	0.00412419
20.500	0.00412287
20.505	0.00412155
20.510	0.00412024
20.515	0.00411892
20.520	0.00411761
20.525	0.00411629
20.530	0.00411498
20.535	0.00411366
20.540	0.00411235
20.545	0.00411104
20.550	0.00410973
20.555	0.00410842
20.560	0.00410711
20.565	0.00410580
20.570	0.00410449
20.575	0.00410319
20.580	0.00410188
20.585	0.00410057
20.590	0.00409927
20.595	0.00409796
20.600	0.00409666
20.605	0.00409536
20.610	0.00409405
20.615	0.00409275
20.620	0.00409145
20.625	0.00409015
20.630	0.00408885
20.635	0.00408756
20.640	0.00408626
20.645	0.00408496
20.650	0.00408366
20.655	0.00408237
20.660	0.00408107
20.665	0.00407978
20.670	0.00407849
20.675	0.00407719
20.680	0.00407590
20.685	0.00407461
20.690	0.00407332
20.695	0.00407203
20.700	0.00407074
20.705	0.00406945
20.710	0.00406816
20.715	0.00406688
20.720	0.00406559
20.725	0.00406430
20.730	0.00406302
20.735	0.00406174
20.740	0.00406045
20.745	0.00405917
20.750	0.00405789
20.755	0.00405661
20.760	0.00405533
20.765	0.00405405
20.770	0.00405277
20.775	0.00405149
20.780	0.00405021
20.785	0.00404893
20.790	0.00404766
20.795	0.00404638
20.800	0.00404511
20.805	0.00404383
20.810	0.00404256
20.815	0.00404129
20.820	0.00404001
20.825	0.00403874
20.830	0.00403747
20.835	0.00403620
20.840	0.00403493
20.845	0.00403366
20.850	0.00403240
20.855	0.00403113
20.860	0.00402986
20.865	0.00402860
20.870	0.00402733
20.875	0.00402607
20.880	0.00402480
20.885	0.00402354
20.890	0.00402228
20.895	0.00402102
20.900	0.00401975
20.905	0.00401849
20.910	0.00401723
20.915	0.00401598
20.920	0.00401472
20.925	0.00401346
20.930	0.00401220
20.935	0.00401095
20.940	0.00400969
20.945	0.00400844
20.950	0.00400718
20.955	0.00400593
20.960	0.00400468
20.965	0.00400342
20.970	0.00400217
20.975	0.00400092
20.980	0.00399967
20.985	0.00399842
20.990	0.00399717
20.995	0.00399593
21.000	0.00399468
21.005	0.00399343
21.010	0.00399219
21.015	0.00399094
21.020	0.00398970
21.025	0.00398845
21.030	0.00398721
21.035	0.00398597
21.040	0.00398473
21.045	0.00398349
21.050	0.00398225
21.055	0.00398101
21.060	0.00397977
21.065	0.00397853
21.070	0.00397729
21.075	0.00397605
21.080	0.00397482
21.085	0.00397358
21.090	0.00397235
21.095	0.00397111
21.100	0.00396988
21.105	0.00396865
21.110	0.00396741
21.115	0.00396618
21.120	0.00396495
21.125	0.00396372
21.130	0.00396249
21.135	0.00396126
21.140	0.00396003
21.145	0.00395881
21.150	0.00395758
21.155	0.00395635
21.160	0.00395513
21.165	0.00395390
21.170	0.00395268
21.175	0.00395145
21.180	0.00395023
21.185	0.00394901
21.190	0.00394779
21.195	0.00394657
21.200	0.00394535
21.205	0.00394413
21.210	0.00394291
21.215	0.00394169
21.220	0.00394047
21.225	0.00393925
21.230	0.00393804
21.235	0.00393682
21.240	0.00393561
21.245	0.00393439
21.250	0.00393318
21.255	0.00393197
21.260	0.00393075
21.265	0.00392954
21.270	0.00392833
21.275	0.00392712
21.280	0.00392591
21.285	0.00392470
21.290	0.00392349
21.295	0.00392228
21.300	0.00392108
21.305	0.00391987
21.310	0.00391867
21.315	0.00391746
21.320	0.00391626
21.325	0.00391505
21.330	0.00391385
21.335	0.00391265
21.340	0.00391144
21.345	0.00391024
21.350	0.00390904
21.355	0.00390784
21.360	0.00390664
21.365	0.00390544
