0.250	0.59999998
0.255	0.59996748
0.260	0.59987729
0.265	0.59973211
0.270	0.59953449
0.275	0.59928681
0.280	0.59899131
0.285	0.59865012
0.290	0.59826525
0.295	0.59783859
0.300	0.59737197
0.305	0.59686710
0.310	0.59632564
0.315	0.59574916
0.320	0.59513917
0.325	0.59449711
0.330	0.59382439
0.335	0.59312233
0.340	0.59239221
0.345	0.59163529
0.350	0.59085276
0.355	0.59004577
0.360	0.58921543
0.365	0.58836282
0.370	0.58748898
0.375	0.58659492
0.380	0.58568161
0.385	0.58475000
0.390	0.58380098
0.395	0.58283545
0.400	0.58185425
0.405	0.58085822
0.410	0.57984815
0.415	0.57882482
0.420	0.57778897
0.425	0.57674133
0.430	0.57568259
0.435	0.57461344
0.440	0.57353453
0.445	0.57244650
0.450	0.57134994
0.455	0.57024546
0.460	0.56913363
0.465	0.56801499
0.470	0.56689008
0.475	0.56575941
0.480	0.56462348
0.485	0.56348276
0.490	0.56233771
0.495	0.56118878
0.500	0.56003638
0.505	0.55888094
0.510	0.55772285
0.515	0.55656248
0.520	0.55540021
0.525	0.55423637
0.530	0.55307132
0.535	0.55190537
0.540	0.55073884
0.545	0.54957201
0.550	0.54840519
0.555	0.54723863
0.560	0.54607261
0.565	0.54490737
0.570	0.54374316
0.575	0.54258020
0.580	0.54141871
0.585	0.54025890
0.590	0.53910098
0.595	0.53794513
0.600	0.53679154
0.605	0.53564037
0.610	0.53449180
0.615	0.53334598
0.620	0.53220306
0.625	0.53106319
0.630	0.52992649
0.635	0.52879309
0.640	0.52766312
0.645	0.52653669
0.650	0.52541391
0.655	0.52429488
0.660	0.52317970
0.665	0.52206846
0.670	0.52096125
0.675	0.51985814
0.680	0.51875921
0.685	0.51766454
0.690	0.51657418
0.695	0.51548821
0.700	0.51440668
0.705	0.51332964
0.710	0.51225715
0.715	0.51118925
0.720	0.51012598
0.725	0.50906738
0.730	0.50801349
0.735	0.50696435
0.740	0.50591998
0.745	0.50488041
0.750	0.50384566
0.755	0.50281576
0.760	0.50179072
0.765	0.50077056
0.770	0.49975530
0.775	0.49874495
0.780	0.49773952
0.785	0.49673901
0.790	0.49574344
0.795	0.49475281
0.800	0.49376711
0.805	0.49278636
0.810	0.49181055
0.815	0.49083968
0.820	0.48987374
0.825	0.48891273
0.830	0.48795665
0.835	0.48700548
0.840	0.48605923
0.845	0.48511786
0.850	0.48418139
0.855	0.48324979
0.860	0.48232305
0.865	0.48140117
0.870	0.48048411
0.875	0.47957188
0.880	0.47866444
0.885	0.47776179
0.890	0.47686391
0.895	0.47597078
0.900	0.47508238
0.905	0.47419869
0.910	0.47331969
0.915	0.47244536
0.920	0.47157567
0.925	0.47071062
0.930	0.46985017
0.935	0.46899430
0.940	0.46814300
0.945	0.46729623
0.950	0.46645397
0.955	0.46561621
0.960	0.46478291
0.965	0.46395406
0.970	0.46312962
0.975	0.46230958
0.980	0.46149390
0.985	0.46068257
0.990	0.45987555
0.995	0.45907283
1.000	0.45827438
1.005	0.45748017
1.010	0.45669017
1.015	0.45590437
1.020	0.45512273
1.025	0.45434523
1.030	0.45357185
1.035	0.45280255
1.040	0.45203732
1.045	0.45127612
1.050	0.45051893
1.055	0.44976573
1.060	0.44901648
1.065	0.44827117
1.070	0.44752976
1.075	0.44679223
1.080	0.44605856
1.085	0.44532872
1.090	0.44460268
1.095	0.44388043
1.100	0.44316192
1.105	0.44244714
1.110	0.44173607
1.115	0.44102867
1.120	0.44032492
1.125	0.43962481
1.130	0.43892829
1.135	0.43823535
1.140	0.43754596
1.145	0.43686011
1.150	0.43617775
1.155	0.43549888
1.160	0.43482346
1.165	0.43415147
1.170	0.43348289
1.175	0.43281769
1.180	0.43215585
1.185	0.43149735
1.190	0.43084216
1.195	0.43019026
1.200	0.42954162
1.205	0.42889623
1.210	0.42825406
1.215	0.42761509
1.220	0.42697929
1.225	0.42634664
1.230	0.42571713
1.235	0.42509072
1.240	0.42446740
1.245	0.42384715
1.250	0.42322993
1.255	0.42261574
1.260	0.42200455
1.265	0.42139634
1.270	0.42079108
1.275	0.42018876
1.280	0.41958936
1.285	0.41899285
1.290	0.41839922
1.295	0.41780844
1.300	0.41722050
1.305	0.41663537
1.310	0.41605304
1.315	0.41547348
1.320	0.41489667
1.325	0.41432260
1.330	0.41375125
1.335	0.41318259
1.340	0.41261662
1.345	0.41205330
1.350	0.41149262
1.355	0.41093457
1.360	0.41037912
1.365	0.40982625
1.370	0.40927595
1.375	0.40872821
1.380	0.40818299
1.385	0.40764029
1.390	0.40710008
1.395	0.40656236
1.400	0.40602709
1.405	0.40549427
1.410	0.40496388
1.415	0.40443590
1.420	0.40391031
1.425	0.40338710
1.430	0.40286626
1.435	0.40234776
1.440	0.40183158
1.445	0.40131772
1.450	0.40080616
1.455	0.40029687
1.460	0.39978986
1.465	0.39928509
1.470	0.39878256
1.475	0.39828225
1.480	0.39778414
1.485	0.39728822
1.490	0.39679447
1.495	0.39630288
1.500	0.39581344
1.505	0.39532613
1.510	0.39484094
1.515	0.39435785
1.520	0.39387684
1.525	0.39339791
1.530	0.39292104
1.535	0.39244621
1.540	0.39197342
1.545	0.39150264
1.550	0.39103387
1.555	0.39056709
1.560	0.39010229
1.565	0.38963945
1.570	0.38917857
1.575	0.38871962
1.580	0.38826261
1.585	0.38780750
1.590	0.38735430
1.595	0.38690298
1.600	0.38645355
1.605	0.38600597
1.610	0.38556025
1.615	0.38511637
1.620	0.38467431
1.625	0.38423407
1.630	0.38379564
1.635	0.38335899
1.640	0.38292413
1.645	0.38249104
1.650	0.38205970
1.655	0.38163011
1.660	0.38120226
1.665	0.38077613
1.670	0.38035171
1.675	0.37992900
1.680	0.37950798
1.685	0.37908863
1.690	0.37867096
1.695	0.37825495
1.700	0.37784058
1.705	0.37742785
1.710	0.37701675
1.715	0.37660727
1.720	0.37619940
1.725	0.37579312
1.730	0.37538843
1.735	0.37498532
1.740	0.37458377
1.745	0.37418379
1.750	0.37378535
1.755	0.37338845
1.760	0.37299308
1.765	0.37259922
1.770	0.37220688
1.775	0.37181604
1.780	0.37142669
1.785	0.37103882
1.790	0.37065243
1.795	0.37026750
1.800	0.36988403
1.805	0.36950200
1.810	0.36912141
1.815	0.36874225
1.820	0.36836451
1.825	0.36798818
1.830	0.36761326
1.835	0.36723972
1.840	0.36686758
1.845	0.36649681
1.850	0.36612742
1.855	0.36575938
1.860	0.36539270
1.865	0.36502737
1.870	0.36466337
1.875	0.36430070
1.880	0.36393935
1.885	0.36357932
1.890	0.36322059
1.895	0.36286316
1.900	0.36250702
1.905	0.36215217
1.910	0.36179859
1.915	0.36144628
1.920	0.36109523
1.925	0.36074543
1.930	0.36039688
1.935	0.36004957
1.940	0.35970349
1.945	0.35935863
1.950	0.35901500
1.955	0.35867257
1.960	0.35833134
1.965	0.35799132
1.970	0.35765248
1.975	0.35731483
1.980	0.35697835
1.985	0.35664304
1.990	0.35630890
1.995	0.35597591
2.000	0.35564407
2.005	0.35531338
2.010	0.35498382
2.015	0.35465539
2.020	0.35432809
2.025	0.35400190
2.030	0.35367683
2.035	0.35335286
2.040	0.35302999
2.045	0.35270822
2.050	0.35238753
2.055	0.35206792
2.060	0.35174939
2.065	0.35143193
2.070	0.35111553
2.075	0.35080018
2.080	0.35048589
2.085	0.35017265
2.090	0.34986044
2.095	0.34954927
2.100	0.34923913
2.105	0.34893001
2.110	0.34862191
2.115	0.34831482
2.120	0.34800874
2.125	0.34770366
2.130	0.34739958
2.135	0.34709648
2.140	0.34679438
2.145	0.34649325
2.150	0.34619309
2.155	0.34589391
2.160	0.34559569
2.165	0.34529843
2.170	0.34500212
2.175	0.34470676
2.180	0.34441235
2.185	0.34411888
2.190	0.34382633
2.195	0.34353472
2.200	0.34324404
2.205	0.34295427
2.210	0.34266542
2.215	0.34237747
2.220	0.34209044
2.225	0.34180430
2.230	0.34151906
2.235	0.34123471
2.240	0.34095124
2.245	0.34066866
2.250	0.34038696
2.255	0.34010613
2.260	0.33982617
2.265	0.33954707
2.270	0.33926883
2.275	0.33899144
2.280	0.33871491
2.285	0.33843922
2.290	0.33816438
2.295	0.33789037
2.300	0.33761720
2.305	0.33734486
2.310	0.33707334
2.315	0.33680264
2.320	0.33653276
2.325	0.33626370
2.330	0.33599544
2.335	0.33572799
2.340	0.33546133
2.345	0.33519548
2.350	0.33493042
2.355	0.33466614
2.360	0.33440265
2.365	0.33413995
2.370	0.33387802
2.375	0.33361686
2.380	0.33335647
2.385	0.33309685
2.390	0.33283799
2.395	0.33257989
2.400	0.33232255
2.405	0.33206595
2.410	0.33181011
2.415	0.33155500
2.420	0.33130064
2.425	0.33104702
2.430	0.33079412
2.435	0.33054196
2.440	0.33029052
2.445	0.33003980
2.450	0.32978981
2.455	0.32954053
2.460	0.32929196
2.465	0.32904410
2.470	0.32879695
2.475	0.32855049
2.480	0.32830474
2.485	0.32805968
2.490	0.32781532
2.495	0.32757164
2.500	0.32732865
2.505	0.32708634
2.510	0.32684471
2.515	0.32660376
2.520	0.32636348
2.525	0.32612386
2.530	0.32588492
2.535	0.32564664
2.540	0.32540902
2.545	0.32517206
2.550	0.32493575
2.555	0.32470009
2.560	0.32446508
2.565	0.32423072
2.570	0.32399700
2.575	0.32376391
2.580	0.32353147
2.585	0.32329966
2.590	0.32306847
2.595	0.32283792
2.600	0.32260799
2.605	0.32237869
2.610	0.32215000
2.615	0.32192193
2.620	0.32169447
2.625	0.32146762
2.630	0.32124138
2.635	0.32101575
2.640	0.32079072
2.645	0.32056629
2.650	0.32034246
2.655	0.32011922
2.660	0.31989657
2.665	0.31967452
2.670	0.31945305
2.675	0.31923216
2.680	0.31901186
2.685	0.31879213
2.690	0.31857298
2.695	0.31835441
2.700	0.31813640
2.705	0.31791897
2.710	0.31770210
2.715	0.31748580
2.720	0.31727005
2.725	0.31705487
2.730	0.31684024
2.735	0.31662617
2.740	0.31641265
2.745	0.31619967
2.750	0.31598725
2.755	0.31577537
2.760	0.31556403
2.765	0.31535323
2.770	0.31514297
2.775	0.31493324
2.780	0.31472405
2.785	0.31451538
2.790	0.31430725
2.795	0.31409964
2.800	0.31389256
2.805	0.31368599
2.810	0.31347995
2.815	0.31327442
2.820	0.31306941
2.825	0.31286492
2.830	0.31266093
2.835	0.31245745
2.840	0.31225448
2.845	0.31205201
2.850	0.31185004
2.855	0.31164858
2.860	0.31144761
2.865	0.31124714
2.870	0.31104716
2.875	0.31084768
2.880	0.31064868
2.885	0.31045017
2.890	0.31025215
2.895	0.31005461
2.900	0.30985755
2.905	0.30966098
2.910	0.30946488
2.915	0.30926925
2.920	0.30907410
2.925	0.30887943
2.930	0.30868522
2.935	0.30849148
2.940	0.30829820
2.945	0.30810540
2.950	0.30791305
2.955	0.30772116
2.960	0.30752973
2.965	0.30733876
2.970	0.30714825
2.975	0.30695818
2.980	0.30676857
2.985	0.30657941
2.990	0.30639070
2.995	0.30620243
3.000	0.30601460
3.005	0.30582722
3.010	0.30564028
3.015	0.30545378
3.020	0.30526771
3.025	0.30508208
3.030	0.30489688
3.035	0.30471212
3.040	0.30452779
3.045	0.30434388
3.050	0.30416040
3.055	0.30397735
3.060	0.30379472
3.065	0.30361251
3.070	0.30343072
3.075	0.30324935
3.080	0.30306840
3.085	0.30288786
3.090	0.30270773
3.095	0.30252802
3.100	0.30234872
3.105	0.30216983
3.110	0.30199134
3.115	0.30181326
3.120	0.30163559
3.125	0.30145831
3.130	0.30128144
3.135	0.30110497
3.140	0.30092889
3.145	0.30075321
3.150	0.30057793
3.155	0.30040304
3.160	0.30022854
3.165	0.30005444
3.170	0.29988072
3.175	0.29970739
3.180	0.29953444
3.185	0.29936188
3.190	0.29918970
3.195	0.29901791
3.200	0.29884649
3.205	0.29867546
3.210	0.29850480
3.215	0.29833451
3.220	0.29816460
3.225	0.29799507
3.230	0.29782590
3.235	0.29765711
3.240	0.29748869
3.245	0.29732063
3.250	0.29715294
3.255	0.29698561
3.260	0.29681865
3.265	0.29665205
3.270	0.29648581
3.275	0.29631993
3.280	0.29615441
3.285	0.29598925
3.290	0.29582444
3.295	0.29565998
3.300	0.29549588
3.305	0.29533213
3.310	0.29516873
3.315	0.29500568
3.320	0.29484298
3.325	0.29468062
3.330	0.29451861
3.335	0.29435695
3.340	0.29419562
3.345	0.29403464
3.350	0.29387400
3.355	0.29371370
3.360	0.29355373
3.365	0.29339411
3.370	0.29323481
3.375	0.29307586
3.380	0.29291723
3.385	0.29275894
3.390	0.29260098
3.395	0.29244335
3.400	0.29228604
3.405	0.29212907
3.410	0.29197242
3.415	0.29181609
3.420	0.29166009
3.425	0.29150441
3.430	0.29134905
3.435	0.29119402
3.440	0.29103930
3.445	0.29088490
3.450	0.29073082
3.455	0.29057705
3.460	0.29042360
3.465	0.29027046
3.470	0.29011763
3.475	0.28996512
3.480	0.28981291
3.485	0.28966102
3.490	0.28950943
3.495	0.28935816
3.500	0.28920718
3.505	0.28905652
3.510	0.28890615
3.515	0.28875609
3.520	0.28860633
3.525	0.28845688
3.530	0.28830772
3.535	0.28815886
3.540	0.28801030
3.545	0.28786203
3.550	0.28771407
3.555	0.28756639
3.560	0.28741901
3.565	0.28727193
3.570	0.28712513
3.575	0.28697863
3.580	0.28683241
3.585	0.28668649
3.590	0.28654085
3.595	0.28639550
3.600	0.28625043
3.605	0.28610565
3.610	0.28596116
3.615	0.28581695
3.620	0.28567302
3.625	0.28552937
3.630	0.28538600
3.635	0.28524291
3.640	0.28510010
3.645	0.28495756
3.650	0.28481530
3.655	0.28467332
3.660	0.28453162
3.665	0.28439018
3.670	0.28424902
3.675	0.28410813
3.680	0.28396752
3.685	0.28382717
3.690	0.28368709
3.695	0.28354728
3.700	0.28340774
3.705	0.28326847
3.710	0.28312946
3.715	0.28299071
3.720	0.28285223
3.725	0.28271402
3.730	0.28257606
3.735	0.28243837
3.740	0.28230094
3.745	0.28216376
3.750	0.28202685
3.755	0.28189020
3.760	0.28175380
3.765	0.28161766
3.770	0.28148177
3.775	0.28134614
3.780	0.28121076
3.785	0.28107564
3.790	0.28094077
3.795	0.28080615
3.800	0.28067178
3.805	0.28053766
3.810	0.28040379
3.815	0.28027017
3.820	0.28013679
3.825	0.28000367
3.830	0.27987079
3.835	0.27973815
3.840	0.27960576
3.845	0.27947361
3.850	0.27934171
3.855	0.27921004
3.860	0.27907862
3.865	0.27894744
3.870	0.27881650
3.875	0.27868580
3.880	0.27855534
3.885	0.27842511
3.890	0.27829513
3.895	0.27816537
3.900	0.27803586
3.905	0.27790657
3.910	0.27777753
3.915	0.27764871
3.920	0.27752013
3.925	0.27739178
3.930	0.27726366
3.935	0.27713577
3.940	0.27700811
3.945	0.27688068
3.950	0.27675348
3.955	0.27662650
3.960	0.27649976
3.965	0.27637324
3.970	0.27624694
3.975	0.27612087
3.980	0.27599502
3.985	0.27586940
3.990	0.27574400
3.995	0.27561882
4.000	0.27549386
4.005	0.27536912
4.010	0.27524461
4.015	0.27512031
4.020	0.27499623
4.025	0.27487237
4.030	0.27474873
4.035	0.27462530
4.040	0.27450209
4.045	0.27437910
4.050	0.27425632
4.055	0.27413375
4.060	0.27401140
4.065	0.27388926
4.070	0.27376733
4.075	0.27364561
4.080	0.27352411
4.085	0.27340282
4.090	0.27328173
4.095	0.27316086
4.100	0.27304019
4.105	0.27291973
4.110	0.27279948
4.115	0.27267943
4.120	0.27255959
4.125	0.27243996
4.130	0.27232053
4.135	0.27220130
4.140	0.27208228
4.145	0.27196346
4.150	0.27184485
4.155	0.27172643
4.160	0.27160822
4.165	0.27149021
4.170	0.27137240
4.175	0.27125478
4.180	0.27113737
4.185	0.27102016
4.190	0.27090314
4.195	0.27078632
4.200	0.27066969
4.205	0.27055327
4.210	0.27043703
4.215	0.27032100
4.220	0.27020515
4.225	0.27008950
4.230	0.26997405
4.235	0.26985878
4.240	0.26974371
4.245	0.26962883
4.250	0.26951414
4.255	0.26939965
4.260	0.26928534
4.265	0.26917122
4.270	0.26905729
4.275	0.26894355
4.280	0.26882999
4.285	0.26871662
4.290	0.26860344
4.295	0.26849045
4.300	0.26837764
4.305	0.26826502
4.310	0.26815258
4.315	0.26804033
4.320	0.26792826
4.325	0.26781637
4.330	0.26770466
4.335	0.26759314
4.340	0.26748180
4.345	0.26737064
4.350	0.26725966
4.355	0.26714886
4.360	0.26703823
4.365	0.26692779
4.370	0.26681753
4.375	0.26670744
4.380	0.26659754
4.385	0.26648781
4.390	0.26637825
4.395	0.26626887
4.400	0.26615967
4.405	0.26605064
4.410	0.26594179
4.415	0.26583311
4.420	0.26572461
4.425	0.26561627
4.430	0.26550811
4.435	0.26540013
4.440	0.26529231
4.445	0.26518467
4.450	0.26507719
4.455	0.26496989
4.460	0.26486276
4.465	0.26475579
4.470	0.26464900
4.475	0.26454237
4.480	0.26443591
4.485	0.26432962
4.490	0.26422350
4.495	0.26411754
4.500	0.26401175
4.505	0.26390612
4.510	0.26380066
4.515	0.26369537
4.520	0.26359024
4.525	0.26348527
4.530	0.26338047
4.535	0.26327583
4.540	0.26317135
4.545	0.26306703
4.550	0.26296288
4.555	0.26285889
4.560	0.26275506
4.565	0.26265138
4.570	0.26254787
4.575	0.26244452
4.580	0.26234133
4.585	0.26223830
4.590	0.26213542
4.595	0.26203271
4.600	0.26193015
4.605	0.26182774
4.610	0.26172550
4.615	0.26162341
4.620	0.26152148
4.625	0.26141970
4.630	0.26131808
4.635	0.26121661
4.640	0.26111529
4.645	0.26101413
4.650	0.26091313
4.655	0.26081227
4.660	0.26071157
4.665	0.26061102
4.670	0.26051063
4.675	0.26041038
4.680	0.26031029
4.685	0.26021034
4.690	0.26011055
4.695	0.26001091
4.700	0.25991141
4.705	0.25981207
4.710	0.25971287
4.715	0.25961382
4.720	0.25951492
4.725	0.25941617
4.730	0.25931756
4.735	0.25921911
4.740	0.25912079
4.745	0.25902263
4.750	0.25892461
4.755	0.25882673
4.760	0.25872900
4.765	0.25863142
4.770	0.25853398
4.775	0.25843668
4.780	0.25833952
4.785	0.25824251
4.790	0.25814564
4.795	0.25804892
4.800	0.25795233
4.805	0.25785589
4.810	0.25775959
4.815	0.25766343
4.820	0.25756741
4.825	0.25747153
4.830	0.25737579
4.835	0.25728019
4.840	0.25718473
4.845	0.25708941
4.850	0.25699423
4.855	0.25689918
4.860	0.25680428
4.865	0.25670951
4.870	0.25661487
4.875	0.25652038
4.880	0.25642602
4.885	0.25633179
4.890	0.25623771
4.895	0.25614375
4.900	0.25604994
4.905	0.25595625
4.910	0.25586271
4.915	0.25576929
4.920	0.25567601
4.925	0.25558286
4.930	0.25548985
4.935	0.25539697
4.940	0.25530422
4.945	0.25521160
4.950	0.25511912
4.955	0.25502676
4.960	0.25493454
4.965	0.25484245
4.970	0.25475049
4.975	0.25465866
4.980	0.25456696
4.985	0.25447538
4.990	0.25438394
4.995	0.25429263
5.000	0.25420144
5.005	0.25411039
5.010	0.25401946
5.015	0.25392866
5.020	0.25383798
5.025	0.25374744
5.030	0.25365702
5.035	0.25356672
5.040	0.25347655
5.045	0.25338651
5.050	0.25329660
5.055	0.25320680
5.060	0.25311714
5.065	0.25302760
5.070	0.25293818
5.075	0.25284888
5.080	0.25275971
5.085	0.25267067
5.090	0.25258175
5.095	0.25249294
5.100	0.25240427
5.105	0.25231571
5.110	0.25222728
5.115	0.25213896
5.120	0.25205077
5.125	0.25196270
5.130	0.25187476
5.135	0.25178693
5.140	0.25169922
5.145	0.25161163
5.150	0.25152416
5.155	0.25143681
5.160	0.25134958
5.165	0.25126247
5.170	0.25117548
5.175	0.25108860
5.180	0.25100184
5.185	0.25091521
5.190	0.25082868
5.195	0.25074228
5.200	0.25065599
5.205	0.25056982
5.210	0.25048377
5.215	0.25039783
5.220	0.25031200
5.225	0.25022630
5.230	0.25014070
5.235	0.25005523
5.240	0.24996986
5.245	0.24988462
5.250	0.24979948
5.255	0.24971446
5.260	0.24962955
5.265	0.24954476
5.270	0.24946008
5.275	0.24937551
5.280	0.24929106
5.285	0.24920672
5.290	0.24912249
5.295	0.24903837
5.300	0.24895436
5.305	0.24887047
5.310	0.24878668
5.315	0.24870301
5.320	0.24861944
5.325	0.24853599
5.330	0.24845265
5.335	0.24836942
5.340	0.24828629
5.345	0.24820328
5.350	0.24812037
5.355	0.24803758
5.360	0.24795489
5.365	0.24787231
5.370	0.24778984
5.375	0.24770747
5.380	0.24762522
5.385	0.24754307
5.390	0.24746103
5.395	0.24737909
5.400	0.24729726
5.405	0.24721554
5.410	0.24713392
5.415	0.24705241
5.420	0.24697101
5.425	0.24688971
5.430	0.24680852
5.435	0.24672743
5.440	0.24664644
5.445	0.24656556
5.450	0.24648479
5.455	0.24640412
5.460	0.24632355
5.465	0.24624308
5.470	0.24616272
5.475	0.24608247
5.480	0.24600231
5.485	0.24592226
5.490	0.24584231
5.495	0.24576246
5.500	0.24568271
5.505	0.24560307
5.510	0.24552353
5.515	0.24544409
5.520	0.24536475
5.525	0.24528551
5.530	0.24520637
5.535	0.24512733
5.540	0.24504839
5.545	0.24496955
5.550	0.24489081
5.555	0.24481217
5.560	0.24473363
5.565	0.24465519
5.570	0.24457685
5.575	0.24449861
5.580	0.24442046
5.585	0.24434241
5.590	0.24426447
5.595	0.24418661
5.600	0.24410886
5.605	0.24403120
5.610	0.24395364
5.615	0.24387618
5.620	0.24379882
5.625	0.24372155
5.630	0.24364438
5.635	0.24356730
5.640	0.24349032
5.645	0.24341343
5.650	0.24333664
5.655	0.24325995
5.660	0.24318335
5.665	0.24310685
5.670	0.24303044
5.675	0.24295412
5.680	0.24287790
5.685	0.24280177
5.690	0.24272574
5.695	0.24264980
5.700	0.24257395
5.705	0.24249820
5.710	0.24242254
5.715	0.24234698
5.720	0.24227150
5.725	0.24219612
5.730	0.24212083
5.735	0.24204563
5.740	0.24197053
5.745	0.24189551
5.750	0.24182059
5.755	0.24174576
5.760	0.24167102
5.765	0.24159637
5.770	0.24152181
5.775	0.24144734
5.780	0.24137297
5.785	0.24129868
5.790	0.24122448
5.795	0.24115038
5.800	0.24107636
5.805	0.24100243
5.810	0.24092859
5.815	0.24085484
5.820	0.24078118
5.825	0.24070760
5.830	0.24063412
5.835	0.24056072
5.840	0.24048741
5.845	0.24041419
5.850	0.24034106
5.855	0.24026802
5.860	0.24019506
5.865	0.24012219
5.870	0.24004941
5.875	0.23997671
5.880	0.23990410
5.885	0.23983158
5.890	0.23975914
5.895	0.23968679
5.900	0.23961452
5.905	0.23954234
5.910	0.23947025
5.915	0.23939824
5.920	0.23932632
5.925	0.23925448
5.930	0.23918273
5.935	0.23911106
5.940	0.23903947
5.945	0.23896797
5.950	0.23889656
5.955	0.23882523
5.960	0.23875398
5.965	0.23868281
5.970	0.23861173
5.975	0.23854074
5.980	0.23846982
5.985	0.23839899
5.990	0.23832824
5.995	0.23825758
6.000	0.23818699
6.005	0.23811649
6.010	0.23804607
6.015	0.23797574
6.020	0.23790548
6.025	0.23783531
6.030	0.23776522
6.035	0.23769521
6.040	0.23762528
6.045	0.23755543
6.050	0.23748566
6.055	0.23741598
6.060	0.23734637
6.065	0.23727684
6.070	0.23720740
6.075	0.23713803
6.080	0.23706875
6.085	0.23699954
6.090	0.23693042
6.095	0.23686137
6.100	0.23679240
6.105	0.23672351
6.110	0.23665470
6.115	0.23658597
6.120	0.23651732
6.125	0.23644874
6.130	0.23638025
6.135	0.23631183
6.140	0.23624349
6.145	0.23617523
6.150	0.23610705
6.155	0.23603894
6.160	0.23597091
6.165	0.23590296
6.170	0.23583508
6.175	0.23576729
6.180	0.23569956
6.185	0.23563192
6.190	0.23556435
6.195	0.23549686
6.200	0.23542944
6.205	0.23536210
6.210	0.23529484
6.215	0.23522765
6.220	0.23516054
6.225	0.23509350
6.230	0.23502654
6.235	0.23495965
6.240	0.23489284
6.245	0.23482611
6.250	0.23475944
6.255	0.23469286
6.260	0.23462634
6.265	0.23455990
6.270	0.23449354
6.275	0.23442725
6.280	0.23436103
6.285	0.23429489
6.290	0.23422882
6.295	0.23416282
6.300	0.23409690
6.305	0.23403105
6.310	0.23396527
6.315	0.23389957
6.320	0.23383394
6.325	0.23376838
6.330	0.23370289
6.335	0.23363748
6.340	0.23357214
6.345	0.23350687
6.350	0.23344167
6.355	0.23337654
6.360	0.23331149
6.365	0.23324650
6.370	0.23318159
6.375	0.23311675
6.380	0.23305198
6.385	0.23298728
6.390	0.23292265
6.395	0.23285810
6.400	0.23279361
6.405	0.23272919
6.410	0.23266485
6.415	0.23260057
6.420	0.23253636
6.425	0.23247223
6.430	0.23240816
6.435	0.23234416
6.440	0.23228024
6.445	0.23221638
6.450	0.23215259
6.455	0.23208887
6.460	0.23202522
6.465	0.23196163
6.470	0.23189812
6.475	0.23183468
6.480	0.23177130
6.485	0.23170799
6.490	0.23164475
6.495	0.23158158
6.500	0.23151847
6.505	0.23145544
6.510	0.23139247
6.515	0.23132957
6.520	0.23126673
6.525	0.23120397
6.530	0.23114127
6.535	0.23107863
6.540	0.23101607
6.545	0.23095357
6.550	0.23089114
6.555	0.23082877
6.560	0.23076647
6.565	0.23070424
6.570	0.23064207
6.575	0.23057997
6.580	0.23051794
6.585	0.23045597
6.590	0.23039406
6.595	0.23033223
6.600	0.23027045
6.605	0.23020875
6.610	0.23014711
6.615	0.23008553
6.620	0.23002402
6.625	0.22996257
6.630	0.22990119
6.635	0.22983987
6.640	0.22977862
6.645	0.22971743
6.650	0.22965630
6.655	0.22959524
6.660	0.22953425
6.665	0.22947331
6.670	0.22941244
6.675	0.22935164
6.680	0.22929090
6.685	0.22923022
6.690	0.22916961
6.695	0.22910905
6.700	0.22904857
6.705	0.22898814
6.710	0.22892778
6.715	0.22886748
6.720	0.22880724
6.725	0.22874706
6.730	0.22868695
6.735	0.22862690
6.740	0.22856691
6.745	0.22850699
6.750	0.22844712
6.755	0.22838732
6.760	0.22832758
6.765	0.22826790
6.770	0.22820829
6.775	0.22814873
6.780	0.22808924
6.785	0.22802980
6.790	0.22797043
6.795	0.22791112
6.800	0.22785187
6.805	0.22779268
6.810	0.22773355
6.815	0.22767448
6.820	0.22761547
6.825	0.22755653
6.830	0.22749764
6.835	0.22743881
6.840	0.22738004
6.845	0.22732134
6.850	0.22726269
6.855	0.22720410
6.860	0.22714557
6.865	0.22708710
6.870	0.22702869
6.875	0.22697034
6.880	0.22691205
6.885	0.22685382
6.890	0.22679565
6.895	0.22673753
6.900	0.22667948
6.905	0.22662148
6.910	0.22656354
6.915	0.22650566
6.920	0.22644784
6.925	0.22639008
6.930	0.22633237
6.935	0.22627473
6.940	0.22621714
6.945	0.22615960
6.950	0.22610213
6.955	0.22604471
6.960	0.22598736
6.965	0.22593005
6.970	0.22587281
6.975	0.22581562
6.980	0.22575849
6.985	0.22570142
6.990	0.22564441
6.995	0.22558745
7.000	0.22553055
7.005	0.22547370
7.010	0.22541691
7.015	0.22536018
7.020	0.22530350
7.025	0.22524688
7.030	0.22519032
7.035	0.22513381
7.040	0.22507736
7.045	0.22502096
7.050	0.22496462
7.055	0.22490834
7.060	0.22485211
7.065	0.22479594
7.070	0.22473982
7.075	0.22468376
7.080	0.22462775
7.085	0.22457180
7.090	0.22451590
7.095	0.22446006
7.100	0.22440427
7.105	0.22434854
7.110	0.22429286
7.115	0.22423723
7.120	0.22418166
7.125	0.22412615
7.130	0.22407069
7.135	0.22401528
7.140	0.22395993
7.145	0.22390463
7.150	0.22384939
7.155	0.22379419
7.160	0.22373906
7.165	0.22368397
7.170	0.22362894
7.175	0.22357397
7.180	0.22351904
7.185	0.22346417
7.190	0.22340936
7.195	0.22335459
7.200	0.22329988
7.205	0.22324522
7.210	0.22319062
7.215	0.22313607
7.220	0.22308157
7.225	0.22302712
7.230	0.22297272
7.235	0.22291838
7.240	0.22286409
7.245	0.22280985
7.250	0.22275567
7.255	0.22270153
7.260	0.22264745
7.265	0.22259342
7.270	0.22253944
7.275	0.22248552
7.280	0.22243164
7.285	0.22237782
7.290	0.22232405
7.295	0.22227032
7.300	0.22221665
7.305	0.22216304
7.310	0.22210947
7.315	0.22205595
7.320	0.22200249
7.325	0.22194907
7.330	0.22189571
7.335	0.22184239
7.340	0.22178913
7.345	0.22173592
7.350	0.22168276
7.355	0.22162965
7.360	0.22157659
7.365	0.22152357
7.370	0.22147061
7.375	0.22141770
7.380	0.22136484
7.385	0.22131203
7.390	0.22125927
7.395	0.22120656
7.400	0.22115389
7.405	0.22110128
7.410	0.22104872
7.415	0.22099620
7.420	0.22094374
7.425	0.22089132
7.430	0.22083896
7.435	0.22078664
7.440	0.22073437
7.445	0.22068215
7.450	0.22062998
7.455	0.22057786
7.460	0.22052578
7.465	0.22047376
7.470	0.22042178
7.475	0.22036985
7.480	0.22031797
7.485	0.22026614
7.490	0.22021436
7.495	0.22016262
7.500	0.22011093
7.505	0.22005929
7.510	0.22000770
7.515	0.21995616
7.520	0.21990466
7.525	0.21985321
7.530	0.21980181
7.535	0.21975046
7.540	0.21969915
7.545	0.21964789
7.550	0.21959668
7.555	0.21954552
7.560	0.21949440
7.565	0.21944333
7.570	0.21939230
7.575	0.21934133
7.580	0.21929040
7.585	0.21923951
7.590	0.21918868
7.595	0.21913789
7.600	0.21908714
7.605	0.21903645
7.610	0.21898579
7.615	0.21893519
7.620	0.21888463
7.625	0.21883412
7.630	0.21878365
7.635	0.21873323
7.640	0.21868286
7.645	0.21863253
7.650	0.21858225
7.655	0.21853201
7.660	0.21848182
7.665	0.21843167
7.670	0.21838157
7.675	0.21833152
7.680	0.21828151
7.685	0.21823154
7.690	0.21818162
7.695	0.21813175
7.700	0.21808192
7.705	0.21803213
7.710	0.21798239
7.715	0.21793270
7.720	0.21788305
7.725	0.21783344
7.730	0.21778388
7.735	0.21773437
7.740	0.21768489
7.745	0.21763547
7.750	0.21758608
7.755	0.21753675
7.760	0.21748745
7.765	0.21743820
7.770	0.21738899
7.775	0.21733983
7.780	0.21729071
7.785	0.21724164
7.790	0.21719261
7.795	0.21714362
7.800	0.21709468
7.805	0.21704578
7.810	0.21699692
7.815	0.21694811
7.820	0.21689934
7.825	0.21685061
7.830	0.21680193
7.835	0.21675329
7.840	0.21670469
7.845	0.21665614
7.850	0.21660763
7.855	0.21655916
7.860	0.21651074
7.865	0.21646235
7.870	0.21641401
7.875	0.21636572
7.880	0.21631746
7.885	0.21626925
7.890	0.21622108
7.895	0.21617296
7.900	0.21612487
7.905	0.21607683
7.910	0.21602883
7.915	0.21598087
7.920	0.21593296
7.925	0.21588508
7.930	0.21583725
7.935	0.21578946
7.940	0.21574171
7.945	0.21569400
7.950	0.21564634
7.955	0.21559872
7.960	0.21555113
7.965	0.21550359
7.970	0.21545610
7.975	0.21540864
7.980	0.21536122
7.985	0.21531385
7.990	0.21526651
7.995	0.21521922
8.000	0.21517197
8.005	0.21512476
8.010	0.21507759
8.015	0.21503046
8.020	0.21498337
8.025	0.21493633
8.030	0.21488932
8.035	0.21484235
8.040	0.21479543
8.045	0.21474854
8.050	0.21470170
8.055	0.21465490
8.060	0.21460813
8.065	0.21456141
8.070	0.21451473
8.075	0.21446808
8.080	0.21442148
8.085	0.21437492
8.090	0.21432839
8.095	0.21428191
8.100	0.21423547
8.105	0.21418906
8.110	0.21414270
8.115	0.21409638
8.120	0.21405009
8.125	0.21400385
8.130	0.21395764
8.135	0.21391148
8.140	0.21386535
8.145	0.21381926
8.150	0.21377321
8.155	0.21372720
8.160	0.21368124
8.165	0.21363530
8.170	0.21358941
8.175	0.21354356
8.180	0.21349775
8.185	0.21345197
8.190	0.21340624
8.195	0.21336054
8.200	0.21331488
8.205	0.21326926
8.210	0.21322368
8.215	0.21317813
8.220	0.21313263
8.225	0.21308716
8.230	0.21304174
8.235	0.21299635
8.240	0.21295099
8.245	0.21290568
8.250	0.21286041
8.255	0.21281517
8.260	0.21276997
8.265	0.21272481
8.270	0.21267969
8.275	0.21263460
8.280	0.21258955
8.285	0.21254454
8.290	0.21249957
8.295	0.21245464
8.300	0.21240974
8.305	0.21236488
8.310	0.21232006
8.315	0.21227527
8.320	0.21223053
8.325	0.21218582
8.330	0.21214114
8.335	0.21209651
8.340	0.21205191
8.345	0.21200735
8.350	0.21196282
8.355	0.21191834
8.360	0.21187388
8.365	0.21182947
8.370	0.21178509
8.375	0.21174075
8.380	0.21169645
8.385	0.21165218
8.390	0.21160795
8.395	0.21156376
8.400	0.21151960
8.405	0.21147548
8.410	0.21143140
8.415	0.21138735
8.420	0.21134334
8.425	0.21129936
8.430	0.21125542
8.435	0.21121152
8.440	0.21116765
8.445	0.21112382
8.450	0.21108003
8.455	0.21103627
8.460	0.21099254
8.465	0.21094886
8.470	0.21090520
8.475	0.21086159
8.480	0.21081801
8.485	0.21077446
8.490	0.21073095
8.495	0.21068748
8.500	0.21064404
8.505	0.21060064
8.510	0.21055727
8.515	0.21051394
8.520	0.21047064
8.525	0.21042738
8.530	0.21038415
8.535	0.21034096
8.540	0.21029781
8.545	0.21025468
8.550	0.21021160
8.555	0.21016855
8.560	0.21012553
8.565	0.21008255
8.570	0.21003960
8.575	0.20999669
8.580	0.20995381
8.585	0.20991097
8.590	0.20986816
8.595	0.20982538
8.600	0.20978264
8.605	0.20973994
8.610	0.20969727
8.615	0.20965463
8.620	0.20961203
8.625	0.20956946
8.630	0.20952693
8.635	0.20948443
8.640	0.20944196
8.645	0.20939953
8.650	0.20935713
8.655	0.20931477
8.660	0.20927244
8.665	0.20923015
8.670	0.20918788
8.675	0.20914566
8.680	0.20910346
8.685	0.20906130
8.690	0.20901917
8.695	0.20897708
8.700	0.20893502
8.705	0.20889299
8.710	0.20885100
8.715	0.20880904
8.720	0.20876711
8.725	0.20872522
8.730	0.20868336
8.735	0.20864153
8.740	0.20859974
8.745	0.20855798
8.750	0.20851625
8.755	0.20847456
8.760	0.20843290
8.765	0.20839127
8.770	0.20834967
8.775	0.20830811
8.780	0.20826658
8.785	0.20822508
8.790	0.20818362
8.795	0.20814218
8.800	0.20810079
8.805	0.20805942
8.810	0.20801808
8.815	0.20797678
8.820	0.20793551
8.825	0.20789428
8.830	0.20785307
8.835	0.20781190
8.840	0.20777076
8.845	0.20772965
8.850	0.20768858
8.855	0.20764753
8.860	0.20760652
8.865	0.20756554
8.870	0.20752459
8.875	0.20748368
8.880	0.20744280
8.885	0.20740194
8.890	0.20736112
8.895	0.20732034
8.900	0.20727958
8.905	0.20723885
8.910	0.20719816
8.915	0.20715750
8.920	0.20711687
8.925	0.20707627
8.930	0.20703570
8.935	0.20699517
8.940	0.20695467
8.945	0.20691419
8.950	0.20687375
8.955	0.20683334
8.960	0.20679296
8.965	0.20675261
8.970	0.20671230
8.975	0.20667201
8.980	0.20663176
8.985	0.20659153
8.990	0.20655134
8.995	0.20651118
9.000	0.20647105
9.005	0.20643095
9.010	0.20639088
9.015	0.20635084
9.020	0.20631084
9.025	0.20627086
9.030	0.20623091
9.035	0.20619100
9.040	0.20615111
9.045	0.20611126
9.050	0.20607143
9.055	0.20603164
9.060	0.20599188
9.065	0.20595214
9.070	0.20591244
9.075	0.20587277
9.080	0.20583313
9.085	0.20579352
9.090	0.20575393
9.095	0.20571438
9.100	0.20567486
9.105	0.20563537
9.110	0.20559591
9.115	0.20555648
9.120	0.20551708
9.125	0.20547770
9.130	0.20543836
9.135	0.20539905
9.140	0.20535977
9.145	0.20532052
9.150	0.20528129
9.155	0.20524210
9.160	0.20520294
9.165	0.20516380
9.170	0.20512470
9.175	0.20508562
9.180	0.20504658
9.185	0.20500756
9.190	0.20496858
9.195	0.20492962
9.200	0.20489069
9.205	0.20485179
9.210	0.20481292
9.215	0.20477408
9.220	0.20473527
9.225	0.20469649
9.230	0.20465773
9.235	0.20461901
9.240	0.20458031
9.245	0.20454165
9.250	0.20450301
9.255	0.20446440
9.260	0.20442582
9.265	0.20438727
9.270	0.20434875
9.275	0.20431026
9.280	0.20427179
9.285	0.20423336
9.290	0.20419495
9.295	0.20415657
9.300	0.20411822
9.305	0.20407990
9.310	0.20404161
9.315	0.20400334
9.320	0.20396511
9.325	0.20392690
9.330	0.20388872
9.335	0.20385057
9.340	0.20381244
9.345	0.20377435
9.350	0.20373628
9.355	0.20369824
9.360	0.20366023
9.365	0.20362225
9.370	0.20358430
9.375	0.20354637
9.380	0.20350847
9.385	0.20347060
9.390	0.20343276
9.395	0.20339494
9.400	0.20335716
9.405	0.20331940
9.410	0.20328166
9.415	0.20324396
9.420	0.20320628
9.425	0.20316864
9.430	0.20313102
9.435	0.20309342
9.440	0.20305586
9.445	0.20301832
9.450	0.20298081
9.455	0.20294332
9.460	0.20290587
9.465	0.20286844
9.470	0.20283104
9.475	0.20279366
9.480	0.20275632
9.485	0.20271900
9.490	0.20268171
9.495	0.20264444
9.500	0.20260720
9.505	0.20256999
9.510	0.20253281
9.515	0.20249565
9.520	0.20245852
9.525	0.20242142
9.530	0.20238434
9.535	0.20234729
9.540	0.20231027
9.545	0.20227327
9.550	0.20223631
9.555	0.20219936
9.560	0.20216245
9.565	0.20212556
9.570	0.20208870
9.575	0.20205186
9.580	0.20201505
9.585	0.20197827
9.590	0.20194151
9.595	0.20190479
9.600	0.20186808
9.605	0.20183141
9.610	0.20179476
9.615	0.20175813
9.620	0.20172153
9.625	0.20168496
9.630	0.20164842
9.635	0.20161190
9.640	0.20157541
9.645	0.20153894
9.650	0.20150250
9.655	0.20146609
9.660	0.20142970
9.665	0.20139334
9.670	0.20135700
9.675	0.20132069
9.680	0.20128440
9.685	0.20124815
9.690	0.20121191
9.695	0.20117571
9.700	0.20113953
9.705	0.20110337
9.710	0.20106724
9.715	0.20103114
9.720	0.20099506
9.725	0.20095901
9.730	0.20092298
9.735	0.20088698
9.740	0.20085100
9.745	0.20081505
9.750	0.20077913
9.755	0.20074323
9.760	0.20070735
9.765	0.20067150
9.770	0.20063568
9.775	0.20059988
9.780	0.20056411
9.785	0.20052836
9.790	0.20049264
9.795	0.20045694
9.800	0.20042127
9.805	0.20038563
9.810	0.20035000
9.815	0.20031441
9.820	0.20027884
9.825	0.20024329
9.830	0.20020777
9.835	0.20017227
9.840	0.20013680
9.845	0.20010135
9.850	0.20006593
9.855	0.20003053
9.860	0.19999516
9.865	0.19995981
9.870	0.19992449
9.875	0.19988919
9.880	0.19985392
9.885	0.19981867
9.890	0.19978345
9.895	0.19974825
9.900	0.19971307
9.905	0.19967792
9.910	0.19964279
9.915	0.19960769
9.920	0.19957262
9.925	0.19953756
9.930	0.19950253
9.935	0.19946753
9.940	0.19943255
9.945	0.19939759
9.950	0.19936266
9.955	0.19932776
9.960	0.19929287
9.965	0.19925801
9.970	0.19922318
9.975	0.19918837
9.980	0.19915358
9.985	0.19911882
9.990	0.19908408
9.995	0.19904937
10.000	0.19901468
10.005	0.19898001
10.010	0.19894537
10.015	0.19891075
10.020	0.19887616
10.025	0.19884159
10.030	0.19880704
10.035	0.19877252
10.040	0.19873802
10.045	0.19870354
10.050	0.19866909
10.055	0.19863466
10.060	0.19860025
10.065	0.19856587
10.070	0.19853151
10.075	0.19849718
10.080	0.19846287
10.085	0.19842858
10.090	0.19839432
10.095	0.19836008
10.100	0.19832586
10.105	0.19829167
10.110	0.19825750
10.115	0.19822335
10.120	0.19818923
10.125	0.19815513
10.130	0.19812105
10.135	0.19808700
10.140	0.19805296
10.145	0.19801896
10.150	0.19798497
10.155	0.19795101
10.160	0.19791707
10.165	0.19788316
10.170	0.19784926
10.175	0.19781540
10.180	0.19778155
10.185	0.19774773
10.190	0.19771393
10.195	0.19768015
10.200	0.19764639
10.205	0.19761266
10.210	0.19757895
10.215	0.19754526
10.220	0.19751160
10.225	0.19747796
10.230	0.19744434
10.235	0.19741075
10.240	0.19737717
10.245	0.19734362
10.250	0.19731010
10.255	0.19727659
10.260	0.19724311
10.265	0.19720965
10.270	0.19717621
10.275	0.19714279
10.280	0.19710940
10.285	0.19707603
10.290	0.19704268
10.295	0.19700936
10.300	0.19697605
10.305	0.19694277
10.310	0.19690951
10.315	0.19687628
10.320	0.19684306
10.325	0.19680987
10.330	0.19677670
10.335	0.19674355
10.340	0.19671043
10.345	0.19667732
10.350	0.19664424
10.355	0.19661118
10.360	0.19657814
10.365	0.19654513
10.370	0.19651213
10.375	0.19647916
10.380	0.19644621
10.385	0.19641329
10.390	0.19638038
10.395	0.19634749
10.400	0.19631463
10.405	0.19628179
10.410	0.19624897
10.415	0.19621618
10.420	0.19618340
10.425	0.19615065
10.430	0.19611791
10.435	0.19608520
10.440	0.19605252
10.445	0.19601985
10.450	0.19598720
10.455	0.19595458
10.460	0.19592198
10.465	0.19588939
10.470	0.19585683
10.475	0.19582430
10.480	0.19579178
10.485	0.19575928
10.490	0.19572681
10.495	0.19569436
10.500	0.19566192
10.505	0.19562951
10.510	0.19559713
10.515	0.19556476
10.520	0.19553241
10.525	0.19550009
10.530	0.19546778
10.535	0.19543550
10.540	0.19540324
10.545	0.19537100
10.550	0.19533878
10.555	0.19530658
10.560	0.19527440
10.565	0.19524224
10.570	0.19521011
10.575	0.19517799
10.580	0.19514590
10.585	0.19511383
10.590	0.19508177
10.595	0.19504974
10.600	0.19501773
10.605	0.19498574
10.610	0.19495377
10.615	0.19492183
10.620	0.19488990
10.625	0.19485799
10.630	0.19482611
10.635	0.19479424
10.640	0.19476240
10.645	0.19473057
10.650	0.19469877
10.655	0.19466699
10.660	0.19463522
10.665	0.19460348
10.670	0.19457176
10.675	0.19454006
10.680	0.19450838
10.685	0.19447672
10.690	0.19444508
10.695	0.19441346
10.700	0.19438186
10.705	0.19435028
10.710	0.19431873
10.715	0.19428719
10.720	0.19425567
10.725	0.19422417
10.730	0.19419270
10.735	0.19416124
10.740	0.19412980
10.745	0.19409839
10.750	0.19406699
10.755	0.19403562
10.760	0.19400426
10.765	0.19397292
10.770	0.19394161
10.775	0.19391031
10.780	0.19387904
10.785	0.19384778
10.790	0.19381654
10.795	0.19378533
10.800	0.19375413
10.805	0.19372296
10.810	0.19369180
10.815	0.19366066
10.820	0.19362955
10.825	0.19359845
10.830	0.19356737
10.835	0.19353631
10.840	0.19350528
10.845	0.19347426
10.850	0.19344326
10.855	0.19341228
10.860	0.19338132
10.865	0.19335038
10.870	0.19331946
10.875	0.19328856
10.880	0.19325768
10.885	0.19322682
10.890	0.19319598
10.895	0.19316516
10.900	0.19313436
10.905	0.19310358
10.910	0.19307281
10.915	0.19304207
10.920	0.19301134
10.925	0.19298064
10.930	0.19294995
10.935	0.19291928
10.940	0.19288864
10.945	0.19285801
10.950	0.19282740
10.955	0.19279681
10.960	0.19276624
10.965	0.19273569
10.970	0.19270516
10.975	0.19267465
10.980	0.19264415
10.985	0.19261368
10.990	0.19258322
10.995	0.19255279
11.000	0.19252237
11.005	0.19249197
11.010	0.19246159
11.015	0.19243123
11.020	0.19240089
11.025	0.19237057
11.030	0.19234026
11.035	0.19230998
11.040	0.19227971
11.045	0.19224947
11.050	0.19221924
11.055	0.19218903
11.060	0.19215884
11.065	0.19212867
11.070	0.19209852
11.075	0.19206838
11.080	0.19203827
11.085	0.19200817
11.090	0.19197809
11.095	0.19194803
11.100	0.19191799
11.105	0.19188797
11.110	0.19185797
11.115	0.19182798
11.120	0.19179802
11.125	0.19176807
11.130	0.19173814
11.135	0.19170823
11.140	0.19167834
11.145	0.19164847
11.150	0.19161861
11.155	0.19158877
11.160	0.19155896
11.165	0.19152916
11.170	0.19149937
11.175	0.19146961
11.180	0.19143987
11.185	0.19141014
11.190	0.19138043
11.195	0.19135074
11.200	0.19132107
11.205	0.19129142
11.210	0.19126178
11.215	0.19123216
11.220	0.19120257
11.225	0.19117298
11.230	0.19114342
11.235	0.19111388
11.240	0.19108435
11.245	0.19105484
11.250	0.19102535
11.255	0.19099588
11.260	0.19096643
11.265	0.19093699
11.270	0.19090757
11.275	0.19087817
11.280	0.19084879
11.285	0.19081942
11.290	0.19079008
11.295	0.19076075
11.300	0.19073144
11.305	0.19070215
11.310	0.19067287
11.315	0.19064361
11.320	0.19061437
11.325	0.19058515
11.330	0.19055595
11.335	0.19052676
11.340	0.19049759
11.345	0.19046844
11.350	0.19043931
11.355	0.19041019
11.360	0.19038110
11.365	0.19035202
11.370	0.19032295
11.375	0.19029391
11.380	0.19026488
11.385	0.19023587
11.390	0.19020688
11.395	0.19017790
11.400	0.19014895
11.405	0.19012001
11.410	0.19009108
11.415	0.19006218
11.420	0.19003329
11.425	0.19000442
11.430	0.18997557
11.435	0.18994673
11.440	0.18991791
11.445	0.18988911
11.450	0.18986033
11.455	0.18983156
11.460	0.18980282
11.465	0.18977408
11.470	0.18974537
11.475	0.18971667
11.480	0.18968799
11.485	0.18965933
11.490	0.18963068
11.495	0.18960205
11.500	0.18957344
11.505	0.18954485
11.510	0.18951627
11.515	0.18948771
11.520	0.18945917
11.525	0.18943064
11.530	0.18940213
11.535	0.18937364
11.540	0.18934517
11.545	0.18931671
11.550	0.18928827
11.555	0.18925984
11.560	0.18923144
11.565	0.18920305
11.570	0.18917467
11.575	0.18914632
11.580	0.18911798
11.585	0.18908965
11.590	0.18906135
11.595	0.18903306
11.600	0.18900479
11.605	0.18897653
11.610	0.18894829
11.615	0.18892007
11.620	0.18889186
11.625	0.18886367
11.630	0.18883550
11.635	0.18880735
11.640	0.18877921
11.645	0.18875108
11.650	0.18872298
11.655	0.18869489
11.660	0.18866682
11.665	0.18863876
11.670	0.18861072
11.675	0.18858270
11.680	0.18855469
11.685	0.18852670
11.690	0.18849873
11.695	0.18847077
11.700	0.18844283
11.705	0.18841491
11.710	0.18838700
11.715	0.18835911
11.720	0.18833123
11.725	0.18830337
11.730	0.18827553
11.735	0.18824770
11.740	0.18821989
11.745	0.18819210
11.750	0.18816432
11.755	0.18813656
11.760	0.18810882
11.765	0.18808109
11.770	0.18805338
11.775	0.18802568
11.780	0.18799800
11.785	0.18797034
11.790	0.18794269
11.795	0.18791506
11.800	0.18788744
11.805	0.18785984
11.810	0.18783226
11.815	0.18780469
11.820	0.18777714
11.825	0.18774961
11.830	0.18772209
11.835	0.18769458
11.840	0.18766710
11.845	0.18763963
11.850	0.18761217
11.855	0.18758473
11.860	0.18755731
11.865	0.18752990
11.870	0.18750251
11.875	0.18747513
11.880	0.18744777
11.885	0.18742043
11.890	0.18739310
11.895	0.18736579
11.900	0.18733849
11.905	0.18731121
11.910	0.18728394
11.915	0.18725669
11.920	0.18722946
11.925	0.18720224
11.930	0.18717504
11.935	0.18714785
11.940	0.18712068
11.945	0.18709353
11.950	0.18706639
11.955	0.18703926
11.960	0.18701215
11.965	0.18698506
11.970	0.18695798
11.975	0.18693092
11.980	0.18690387
11.985	0.18687684
11.990	0.18684983
11.995	0.18682283
12.000	0.18679584
12.005	0.18676887
12.010	0.18674192
12.015	0.18671498
12.020	0.18668806
12.025	0.18666115
12.030	0.18663426
12.035	0.18660738
12.040	0.18658052
12.045	0.18655367
12.050	0.18652684
12.055	0.18650003
12.060	0.18647323
12.065	0.18644644
12.070	0.18641967
12.075	0.18639292
12.080	0.18636618
12.085	0.18633946
12.090	0.18631275
12.095	0.18628605
12.100	0.18625938
12.105	0.18623271
12.110	0.18620606
12.115	0.18617943
12.120	0.18615281
12.125	0.18612621
12.130	0.18609962
12.135	0.18607305
12.140	0.18604649
12.145	0.18601995
12.150	0.18599342
12.155	0.18596691
12.160	0.18594041
12.165	0.18591393
12.170	0.18588746
12.175	0.18586101
12.180	0.18583457
12.185	0.18580815
12.190	0.18578174
12.195	0.18575535
12.200	0.18572897
12.205	0.18570260
12.210	0.18567626
12.215	0.18564992
12.220	0.18562360
12.225	0.18559730
12.230	0.18557101
12.235	0.18554473
12.240	0.18551847
12.245	0.18549223
12.250	0.18546600
12.255	0.18543978
12.260	0.18541358
12.265	0.18538739
12.270	0.18536122
12.275	0.18533507
12.280	0.18530892
12.285	0.18528280
12.290	0.18525668
12.295	0.18523058
12.300	0.18520450
12.305	0.18517843
12.310	0.18515238
12.315	0.18512633
12.320	0.18510031
12.325	0.18507430
12.330	0.18504830
12.335	0.18502232
12.340	0.18499635
12.345	0.18497040
12.350	0.18494446
12.355	0.18491853
12.360	0.18489262
12.365	0.18486673
12.370	0.18484084
12.375	0.18481498
12.380	0.18478913
12.385	0.18476329
12.390	0.18473746
12.395	0.18471165
12.400	0.18468586
12.405	0.18466008
12.410	0.18463431
12.415	0.18460856
12.420	0.18458282
12.425	0.18455709
12.430	0.18453138
12.435	0.18450569
12.440	0.18448001
12.445	0.18445434
12.450	0.18442869
12.455	0.18440305
12.460	0.18437742
12.465	0.18435181
12.470	0.18432621
12.475	0.18430063
12.480	0.18427506
12.485	0.18424951
12.490	0.18422397
12.495	0.18419844
12.500	0.18417293
12.505	0.18414743
12.510	0.18412195
12.515	0.18409647
12.520	0.18407102
12.525	0.18404558
12.530	0.18402015
12.535	0.18399473
12.540	0.18396933
12.545	0.18394395
12.550	0.18391857
12.555	0.18389321
12.560	0.18386787
12.565	0.18384254
12.570	0.18381722
12.575	0.18379192
12.580	0.18376663
12.585	0.18374135
12.590	0.18371609
12.595	0.18369084
12.600	0.18366560
12.605	0.18364038
12.610	0.18361518
12.615	0.18358998
12.620	0.18356480
12.625	0.18353964
12.630	0.18351448
12.635	0.18348934
12.640	0.18346422
12.645	0.18343911
12.650	0.18341401
12.655	0.18338893
12.660	0.18336386
12.665	0.18333880
12.670	0.18331375
12.675	0.18328872
12.680	0.18326371
12.685	0.18323871
12.690	0.18321372
12.695	0.18318874
12.700	0.18316378
12.705	0.18313883
12.710	0.18311389
12.715	0.18308897
12.720	0.18306406
12.725	0.18303917
12.730	0.18301429
12.735	0.18298942
12.740	0.18296456
12.745	0.18293972
12.750	0.18291490
12.755	0.18289008
12.760	0.18286528
12.765	0.18284049
12.770	0.18281572
12.775	0.18279096
12.780	0.18276621
12.785	0.18274147
12.790	0.18271675
12.795	0.18269204
12.800	0.18266735
12.805	0.18264267
12.810	0.18261800
12.815	0.18259334
12.820	0.18256870
12.825	0.18254407
12.830	0.18251946
12.835	0.18249485
12.840	0.18247026
12.845	0.18244569
12.850	0.18242113
12.855	0.18239658
12.860	0.18237204
12.865	0.18234751
12.870	0.18232300
12.875	0.18229851
12.880	0.18227402
12.885	0.18224955
12.890	0.18222509
12.895	0.18220065
12.900	0.18217621
12.905	0.18215179
12.910	0.18212739
12.915	0.18210299
12.920	0.18207861
12.925	0.18205425
12.930	0.18202989
12.935	0.18200555
12.940	0.18198122
12.945	0.18195690
12.950	0.18193260
12.955	0.18190831
12.960	0.18188403
12.965	0.18185977
12.970	0.18183552
12.975	0.18181128
12.980	0.18178705
12.985	0.18176284
12.990	0.18173864
12.995	0.18171445
13.000	0.18169028
13.005	0.18166611
13.010	0.18164196
13.015	0.18161783
13.020	0.18159370
13.025	0.18156959
13.030	0.18154549
13.035	0.18152141
13.040	0.18149734
13.045	0.18147327
13.050	0.18144923
13.055	0.18142519
13.060	0.18140117
13.065	0.18137716
13.070	0.18135316
13.075	0.18132918
13.080	0.18130520
13.085	0.18128125
13.090	0.18125730
13.095	0.18123336
13.100	0.18120944
13.105	0.18118553
13.110	0.18116163
13.115	0.18113775
13.120	0.18111388
13.125	0.18109002
13.130	0.18106617
13.135	0.18104234
13.140	0.18101852
13.145	0.18099471
13.150	0.18097091
13.155	0.18094712
13.160	0.18092335
13.165	0.18089959
13.170	0.18087584
13.175	0.18085211
13.180	0.18082838
13.185	0.18080467
13.190	0.18078098
13.195	0.18075729
13.200	0.18073362
13.205	0.18070995
13.210	0.18068631
13.215	0.18066267
13.220	0.18063904
13.225	0.18061543
13.230	0.18059183
13.235	0.18056824
13.240	0.18054467
13.245	0.18052110
13.250	0.18049755
13.255	0.18047401
13.260	0.18045049
13.265	0.18042697
13.270	0.18040347
13.275	0.18037998
13.280	0.18035650
13.285	0.18033304
13.290	0.18030958
13.295	0.18028614
13.300	0.18026271
13.305	0.18023929
13.310	0.18021589
13.315	0.18019249
13.320	0.18016911
13.325	0.18014574
13.330	0.18012238
13.335	0.18009904
13.340	0.18007571
13.345	0.18005238
13.350	0.18002907
13.355	0.18000578
13.360	0.17998249
13.365	0.17995922
13.370	0.17993596
13.375	0.17991271
13.380	0.17988947
13.385	0.17986624
13.390	0.17984303
13.395	0.17981983
13.400	0.17979664
13.405	0.17977346
13.410	0.17975029
13.415	0.17972714
13.420	0.17970399
13.425	0.17968086
13.430	0.17965774
13.435	0.17963463
13.440	0.17961154
13.445	0.17958845
13.450	0.17956538
13.455	0.17954232
13.460	0.17951927
13.465	0.17949624
13.470	0.17947321
13.475	0.17945020
13.480	0.17942720
13.485	0.17940421
13.490	0.17938123
13.495	0.17935826
13.500	0.17933531
13.505	0.17931236
13.510	0.17928943
13.515	0.17926651
13.520	0.17924360
13.525	0.17922071
13.530	0.17919782
13.535	0.17917495
13.540	0.17915208
13.545	0.17912923
13.550	0.17910639
13.555	0.17908357
13.560	0.17906075
13.565	0.17903795
13.570	0.17901515
13.575	0.17899237
13.580	0.17896960
13.585	0.17894684
13.590	0.17892410
13.595	0.17890136
13.600	0.17887864
13.605	0.17885593
13.610	0.17883322
13.615	0.17881054
13.620	0.17878786
13.625	0.17876519
13.630	0.17874254
13.635	0.17871989
13.640	0.17869726
13.645	0.17867464
13.650	0.17865203
13.655	0.17862943
13.660	0.17860684
13.665	0.17858427
13.670	0.17856170
13.675	0.17853915
13.680	0.17851661
13.685	0.17849408
13.690	0.17847156
13.695	0.17844905
13.700	0.17842655
13.705	0.17840407
13.710	0.17838159
13.715	0.17835913
13.720	0.17833668
13.725	0.17831424
13.730	0.17829181
13.735	0.17826939
13.740	0.17824698
13.745	0.17822459
13.750	0.17820220
13.755	0.17817983
13.760	0.17815746
13.765	0.17813511
13.770	0.17811277
13.775	0.17809044
13.780	0.17806813
13.785	0.17804582
13.790	0.17802352
13.795	0.17800124
13.800	0.17797896
13.805	0.17795670
13.810	0.17793445
13.815	0.17791221
13.820	0.17788998
13.825	0.17786776
13.830	0.17784555
13.835	0.17782336
13.840	0.17780117
13.845	0.17777900
13.850	0.17775684
13.855	0.17773468
13.860	0.17771254
13.865	0.17769041
13.870	0.17766829
13.875	0.17764618
13.880	0.17762408
13.885	0.17760200
13.890	0.17757992
13.895	0.17755786
13.900	0.17753580
13.905	0.17751376
13.910	0.17749173
13.915	0.17746970
13.920	0.17744769
13.925	0.17742569
13.930	0.17740370
13.935	0.17738173
13.940	0.17735976
13.945	0.17733780
13.950	0.17731585
13.955	0.17729392
13.960	0.17727200
13.965	0.17725008
13.970	0.17722818
13.975	0.17720629
13.980	0.17718440
13.985	0.17716253
13.990	0.17714067
13.995	0.17711882
14.000	0.17709699
14.005	0.17707516
14.010	0.17705334
14.015	0.17703153
14.020	0.17700974
14.025	0.17698795
14.030	0.17696618
14.035	0.17694441
14.040	0.17692266
14.045	0.17690092
14.050	0.17687919
14.055	0.17685746
14.060	0.17683575
14.065	0.17681405
14.070	0.17679236
14.075	0.17677068
14.080	0.17674901
14.085	0.17672736
14.090	0.17670571
14.095	0.17668407
14.100	0.17666244
14.105	0.17664083
14.110	0.17661922
14.115	0.17659763
14.120	0.17657604
14.125	0.17655447
14.130	0.17653290
14.135	0.17651135
14.140	0.17648981
14.145	0.17646827
14.150	0.17644675
14.155	0.17642524
14.160	0.17640374
14.165	0.17638225
14.170	0.17636077
14.175	0.17633930
14.180	0.17631784
14.185	0.17629639
14.190	0.17627495
14.195	0.17625352
14.200	0.17623210
14.205	0.17621070
14.210	0.17618930
14.215	0.17616791
14.220	0.17614653
14.225	0.17612517
14.230	0.17610381
14.235	0.17608246
14.240	0.17606113
14.245	0.17603980
14.250	0.17601849
14.255	0.17599718
14.260	0.17597589
14.265	0.17595460
14.270	0.17593333
14.275	0.17591206
14.280	0.17589081
14.285	0.17586956
14.290	0.17584833
14.295	0.17582711
14.300	0.17580589
14.305	0.17578469
14.310	0.17576350
14.315	0.17574231
14.320	0.17572114
14.325	0.17569998
14.330	0.17567883
14.335	0.17565768
14.340	0.17563655
14.345	0.17561543
14.350	0.17559432
14.355	0.17557321
14.360	0.17555212
14.365	0.17553104
14.370	0.17550997
14.375	0.17548891
14.380	0.17546785
14.385	0.17544681
14.390	0.17542578
14.395	0.17540476
14.400	0.17538375
14.405	0.17536275
14.410	0.17534175
14.415	0.17532077
14.420	0.17529980
14.425	0.17527884
14.430	0.17525789
14.435	0.17523694
14.440	0.17521601
14.445	0.17519509
14.450	0.17517418
14.455	0.17515327
14.460	0.17513238
14.465	0.17511150
14.470	0.17509063
14.475	0.17506976
14.480	0.17504891
14.485	0.17502807
14.490	0.17500723
14.495	0.17498641
14.500	0.17496560
14.505	0.17494479
14.510	0.17492400
14.515	0.17490321
14.520	0.17488244
14.525	0.17486167
14.530	0.17484092
14.535	0.17482017
14.540	0.17479944
14.545	0.17477871
14.550	0.17475800
14.555	0.17473729
14.560	0.17471660
14.565	0.17469591
14.570	0.17467523
14.575	0.17465456
14.580	0.17463391
14.585	0.17461326
14.590	0.17459262
14.595	0.17457199
14.600	0.17455137
14.605	0.17453077
14.610	0.17451017
14.615	0.17448958
14.620	0.17446900
14.625	0.17444843
14.630	0.17442786
14.635	0.17440731
14.640	0.17438677
14.645	0.17436624
14.650	0.17434572
14.655	0.17432520
14.660	0.17430470
14.665	0.17428421
14.670	0.17426372
14.675	0.17424325
14.680	0.17422278
14.685	0.17420233
14.690	0.17418188
14.695	0.17416145
14.700	0.17414102
14.705	0.17412060
14.710	0.17410019
14.715	0.17407979
14.720	0.17405941
14.725	0.17403903
14.730	0.17401866
14.735	0.17399830
14.740	0.17397794
14.745	0.17395760
14.750	0.17393727
14.755	0.17391695
14.760	0.17389663
14.765	0.17387633
14.770	0.17385604
14.775	0.17383575
14.780	0.17381548
14.785	0.17379521
14.790	0.17377495
14.795	0.17375470
14.800	0.17373447
14.805	0.17371424
14.810	0.17369402
14.815	0.17367381
14.820	0.17365361
14.825	0.17363342
14.830	0.17361323
14.835	0.17359306
14.840	0.17357290
14.845	0.17355274
14.850	0.17353260
14.855	0.17351246
14.860	0.17349234
14.865	0.17347222
14.870	0.17345211
14.875	0.17343201
14.880	0.17341192
14.885	0.17339184
14.890	0.17337177
14.895	0.17335171
14.900	0.17333166
14.905	0.17331161
14.910	0.17329158
14.915	0.17327155
14.920	0.17325154
14.925	0.17323153
14.930	0.17321153
14.935	0.17319155
14.940	0.17317157
14.945	0.17315160
14.950	0.17313164
14.955	0.17311169
14.960	0.17309174
14.965	0.17307181
14.970	0.17305188
14.975	0.17303197
14.980	0.17301206
14.985	0.17299217
14.990	0.17297228
14.995	0.17295240
15.000	0.17293253
15.005	0.17291267
15.010	0.17289282
15.015	0.17287297
15.020	0.17285314
15.025	0.17283332
15.030	0.17281350
15.035	0.17279369
15.040	0.17277390
15.045	0.17275411
15.050	0.17273433
15.055	0.17271456
15.060	0.17269480
15.065	0.17267504
15.070	0.17265530
15.075	0.17263557
15.080	0.17261584
15.085	0.17259612
15.090	0.17257642
15.095	0.17255672
15.100	0.17253703
15.105	0.17251735
15.110	0.17249767
15.115	0.17247801
15.120	0.17245836
15.125	0.17243871
15.130	0.17241907
15.135	0.17239945
15.140	0.17237983
15.145	0.17236022
15.150	0.17234062
15.155	0.17232102
15.160	0.17230144
15.165	0.17228187
15.170	0.17226230
15.175	0.17224274
15.180	0.17222320
15.185	0.17220366
15.190	0.17218413
15.195	0.17216460
15.200	0.17214509
15.205	0.17212559
15.210	0.17210609
15.215	0.17208661
15.220	0.17206713
15.225	0.17204766
15.230	0.17202820
15.235	0.17200875
15.240	0.17198930
15.245	0.17196987
15.250	0.17195044
15.255	0.17193103
15.260	0.17191162
15.265	0.17189222
15.270	0.17187283
15.275	0.17185345
15.280	0.17183407
15.285	0.17181471
15.290	0.17179535
15.295	0.17177601
15.300	0.17175667
15.305	0.17173734
15.310	0.17171802
15.315	0.17169870
15.320	0.17167940
15.325	0.17166010
15.330	0.17164082
15.335	0.17162154
15.340	0.17160227
15.345	0.17158301
15.350	0.17156376
15.355	0.17154451
15.360	0.17152528
15.365	0.17150605
15.370	0.17148683
15.375	0.17146762
15.380	0.17144842
15.385	0.17142923
15.390	0.17141004
15.395	0.17139087
15.400	0.17137170
15.405	0.17135254
15.410	0.17133339
15.415	0.17131425
15.420	0.17129512
15.425	0.17127599
15.430	0.17125688
15.435	0.17123777
15.440	0.17121867
15.445	0.17119958
15.450	0.17118050
15.455	0.17116142
15.460	0.17114236
15.465	0.17112330
15.470	0.17110425
15.475	0.17108521
15.480	0.17106618
15.485	0.17104716
15.490	0.17102814
15.495	0.17100914
15.500	0.17099014
15.505	0.17097115
15.510	0.17095217
15.515	0.17093319
15.520	0.17091423
15.525	0.17089527
15.530	0.17087633
15.535	0.17085739
15.540	0.17083845
15.545	0.17081953
15.550	0.17080062
15.555	0.17078171
15.560	0.17076281
15.565	0.17074392
15.570	0.17072504
15.575	0.17070617
15.580	0.17068730
15.585	0.17066845
15.590	0.17064960
15.595	0.17063076
15.600	0.17061193
15.605	0.17059310
15.610	0.17057429
15.615	0.17055548
15.620	0.17053668
15.625	0.17051789
15.630	0.17049911
15.635	0.17048033
15.640	0.17046157
15.645	0.17044281
15.650	0.17042406
15.655	0.17040532
15.660	0.17038659
15.665	0.17036786
15.670	0.17034915
15.675	0.17033044
15.680	0.17031174
15.685	0.17029304
15.690	0.17027436
15.695	0.17025568
15.700	0.17023702
15.705	0.17021836
15.710	0.17019970
15.715	0.17018106
15.720	0.17016242
15.725	0.17014380
15.730	0.17012518
15.735	0.17010657
15.740	0.17008796
15.745	0.17006937
15.750	0.17005078
15.755	0.17003220
15.760	0.17001363
15.765	0.16999507
15.770	0.16997651
15.775	0.16995797
15.780	0.16993943
15.785	0.16992090
15.790	0.16990238
15.795	0.16988386
15.800	0.16986536
15.805	0.16984686
15.810	0.16982837
15.815	0.16980988
15.820	0.16979141
15.825	0.16977294
15.830	0.16975448
15.835	0.16973603
15.840	0.16971759
15.845	0.16969916
15.850	0.16968073
15.855	0.16966231
15.860	0.16964390
15.865	0.16962550
15.870	0.16960710
15.875	0.16958871
15.880	0.16957033
15.885	0.16955196
15.890	0.16953360
15.895	0.16951524
15.900	0.16949690
15.905	0.16947856
15.910	0.16946022
15.915	0.16944190
15.920	0.16942358
15.925	0.16940528
15.930	0.16938698
15.935	0.16936868
15.940	0.16935040
15.945	0.16933212
15.950	0.16931385
15.955	0.16929559
15.960	0.16927734
15.965	0.16925909
15.970	0.16924085
15.975	0.16922262
15.980	0.16920440
15.985	0.16918619
15.990	0.16916798
15.995	0.16914978
16.000	0.16913159
16.005	0.16911341
16.010	0.16909523
16.015	0.16907706
16.020	0.16905890
16.025	0.16904075
16.030	0.16902261
16.035	0.16900447
16.040	0.16898634
16.045	0.16896822
16.050	0.16895011
16.055	0.16893200
16.060	0.16891390
16.065	0.16889581
16.070	0.16887773
16.075	0.16885965
16.080	0.16884159
16.085	0.16882353
16.090	0.16880548
16.095	0.16878743
16.100	0.16876939
16.105	0.16875136
16.110	0.16873334
16.115	0.16871533
16.120	0.16869732
16.125	0.16867932
16.130	0.16866133
16.135	0.16864335
16.140	0.16862537
16.145	0.16860741
16.150	0.16858945
16.155	0.16857149
16.160	0.16855355
16.165	0.16853561
16.170	0.16851768
16.175	0.16849976
16.180	0.16848184
16.185	0.16846393
16.190	0.16844603
16.195	0.16842814
16.200	0.16841026
16.205	0.16839238
16.210	0.16837451
16.215	0.16835665
16.220	0.16833879
16.225	0.16832095
16.230	0.16830311
16.235	0.16828527
16.240	0.16826745
16.245	0.16824963
16.250	0.16823182
16.255	0.16821402
16.260	0.16819623
16.265	0.16817844
16.270	0.16816066
16.275	0.16814289
16.280	0.16812512
16.285	0.16810736
16.290	0.16808961
16.295	0.16807187
16.300	0.16805414
16.305	0.16803641
16.310	0.16801869
16.315	0.16800098
16.320	0.16798327
16.325	0.16796557
16.330	0.16794788
16.335	0.16793020
16.340	0.16791252
16.345	0.16789486
16.350	0.16787719
16.355	0.16785954
16.360	0.16784189
16.365	0.16782426
16.370	0.16780662
16.375	0.16778900
16.380	0.16777138
16.385	0.16775377
16.390	0.16773617
16.395	0.16771858
16.400	0.16770099
16.405	0.16768341
16.410	0.16766584
16.415	0.16764827
16.420	0.16763071
16.425	0.16761316
16.430	0.16759562
16.435	0.16757808
16.440	0.16756055
16.445	0.16754303
16.450	0.16752552
16.455	0.16750801
16.460	0.16749051
16.465	0.16747302
16.470	0.16745553
16.475	0.16743805
16.480	0.16742058
16.485	0.16740312
16.490	0.16738566
16.495	0.16736821
16.500	0.16735077
16.505	0.16733334
16.510	0.16731591
16.515	0.16729849
16.520	0.16728108
16.525	0.16726367
16.530	0.16724627
16.535	0.16722888
16.540	0.16721150
16.545	0.16719412
16.550	0.16717675
16.555	0.16715939
16.560	0.16714203
16.565	0.16712468
16.570	0.16710734
16.575	0.16709001
16.580	0.16707268
16.585	0.16705536
16.590	0.16703805
16.595	0.16702074
16.600	0.16700344
16.605	0.16698615
16.610	0.16696887
16.615	0.16695159
16.620	0.16693432
16.625	0.16691705
16.630	0.16689980
16.635	0.16688255
16.640	0.16686531
16.645	0.16684807
16.650	0.16683085
16.655	0.16681362
16.660	0.16679641
16.665	0.16677920
16.670	0.16676201
16.675	0.16674481
16.680	0.16672763
16.685	0.16671045
16.690	0.16669328
16.695	0.16667611
16.700	0.16665896
16.705	0.16664181
16.710	0.16662466
16.715	0.16660753
16.720	0.16659040
16.725	0.16657327
16.730	0.16655616
16.735	0.16653905
16.740	0.16652195
16.745	0.16650486
16.750	0.16648777
16.755	0.16647069
16.760	0.16645361
16.765	0.16643655
16.770	0.16641949
16.775	0.16640244
16.780	0.16638539
16.785	0.16636835
16.790	0.16635132
16.795	0.16633430
16.800	0.16631728
16.805	0.16630027
16.810	0.16628326
16.815	0.16626626
16.820	0.16624927
16.825	0.16623229
16.830	0.16621531
16.835	0.16619834
16.840	0.16618138
16.845	0.16616443
16.850	0.16614748
16.855	0.16613054
16.860	0.16611360
16.865	0.16609667
16.870	0.16607975
16.875	0.16606284
16.880	0.16604593
16.885	0.16602903
16.890	0.16601213
16.895	0.16599524
16.900	0.16597836
16.905	0.16596149
16.910	0.16594462
16.915	0.16592776
16.920	0.16591091
16.925	0.16589406
16.930	0.16587722
16.935	0.16586039
16.940	0.16584356
16.945	0.16582674
16.950	0.16580993
16.955	0.16579313
16.960	0.16577633
16.965	0.16575954
16.970	0.16574275
16.975	0.16572597
16.980	0.16570920
16.985	0.16569243
16.990	0.16567567
16.995	0.16565892
17.000	0.16564218
17.005	0.16562544
17.010	0.16560871
17.015	0.16559198
17.020	0.16557526
17.025	0.16555855
17.030	0.16554185
17.035	0.16552515
17.040	0.16550846
17.045	0.16549177
17.050	0.16547510
17.055	0.16545842
17.060	0.16544176
17.065	0.16542510
17.070	0.16540845
17.075	0.16539181
17.080	0.16537517
17.085	0.16535854
17.090	0.16534191
17.095	0.16532529
17.100	0.16530868
17.105	0.16529208
17.110	0.16527548
17.115	0.16525889
17.120	0.16524230
17.125	0.16522572
17.130	0.16520915
17.135	0.16519259
17.140	0.16517603
17.145	0.16515947
17.150	0.16514293
17.155	0.16512639
17.160	0.16510986
17.165	0.16509333
17.170	0.16507681
17.175	0.16506030
17.180	0.16504379
17.185	0.16502729
17.190	0.16501080
17.195	0.16499432
17.200	0.16497784
17.205	0.16496136
17.210	0.16494490
17.215	0.16492844
17.220	0.16491198
17.225	0.16489553
17.230	0.16487909
17.235	0.16486266
17.240	0.16484623
17.245	0.16482981
17.250	0.16481340
17.255	0.16479699
17.260	0.16478059
17.265	0.16476419
17.270	0.16474780
17.275	0.16473142
17.280	0.16471504
17.285	0.16469867
17.290	0.16468231
17.295	0.16466596
17.300	0.16464961
17.305	0.16463326
17.310	0.16461692
17.315	0.16460059
17.320	0.16458427
17.325	0.16456795
17.330	0.16455164
17.335	0.16453534
17.340	0.16451904
17.345	0.16450275
17.350	0.16448646
17.355	0.16447018
17.360	0.16445391
17.365	0.16443764
17.370	0.16442138
17.375	0.16440513
17.380	0.16438888
17.385	0.16437264
17.390	0.16435640
17.395	0.16434018
17.400	0.16432395
17.405	0.16430774
17.410	0.16429153
17.415	0.16427533
17.420	0.16425913
17.425	0.16424294
17.430	0.16422676
17.435	0.16421058
17.440	0.16419441
17.445	0.16417824
17.450	0.16416209
17.455	0.16414593
17.460	0.16412979
17.465	0.16411365
17.470	0.16409752
17.475	0.16408139
17.480	0.16406527
17.485	0.16404915
17.490	0.16403305
17.495	0.16401694
17.500	0.16400085
17.505	0.16398476
17.510	0.16396868
17.515	0.16395260
17.520	0.16393653
17.525	0.16392046
17.530	0.16390441
17.535	0.16388836
17.540	0.16387231
17.545	0.16385627
17.550	0.16384024
17.555	0.16382421
17.560	0.16380819
17.565	0.16379218
17.570	0.16377617
17.575	0.16376017
17.580	0.16374417
17.585	0.16372818
17.590	0.16371220
17.595	0.16369622
17.600	0.16368025
17.605	0.16366429
17.610	0.16364833
17.615	0.16363238
17.620	0.16361643
17.625	0.16360049
17.630	0.16358456
17.635	0.16356863
17.640	0.16355271
17.645	0.16353679
17.650	0.16352088
17.655	0.16350498
17.660	0.16348908
17.665	0.16347319
17.670	0.16345731
17.675	0.16344143
17.680	0.16342556
17.685	0.16340969
17.690	0.16339383
17.695	0.16337798
17.700	0.16336213
17.705	0.16334629
17.710	0.16333045
17.715	0.16331462
17.720	0.16329880
17.725	0.16328298
17.730	0.16326717
17.735	0.16325137
17.740	0.16323557
17.745	0.16321977
17.750	0.16320399
17.755	0.16318821
17.760	0.16317243
17.765	0.16315666
17.770	0.16314090
17.775	0.16312514
17.780	0.16310939
17.785	0.16309365
17.790	0.16307791
17.795	0.16306218
17.800	0.16304645
17.805	0.16303073
17.810	0.16301502
17.815	0.16299931
17.820	0.16298361
17.825	0.16296791
17.830	0.16295222
17.835	0.16293654
17.840	0.16292086
17.845	0.16290518
17.850	0.16288952
17.855	0.16287386
17.860	0.16285820
17.865	0.16284255
17.870	0.16282691
17.875	0.16281128
17.880	0.16279565
17.885	0.16278002
17.890	0.16276440
17.895	0.16274879
17.900	0.16273318
17.905	0.16271758
17.910	0.16270199
17.915	0.16268640
17.920	0.16267082
17.925	0.16265524
17.930	0.16263967
17.935	0.16262410
17.940	0.16260854
17.945	0.16259299
17.950	0.16257744
17.955	0.16256190
17.960	0.16254637
17.965	0.16253084
17.970	0.16251531
17.975	0.16249979
17.980	0.16248428
17.985	0.16246878
17.990	0.16245328
17.995	0.16243778
18.000	0.16242229
18.005	0.16240681
18.010	0.16239133
18.015	0.16237586
18.020	0.16236040
18.025	0.16234494
18.030	0.16232949
18.035	0.16231404
18.040	0.16229860
18.045	0.16228316
18.050	0.16226773
18.055	0.16225231
18.060	0.16223689
18.065	0.16222147
18.070	0.16220607
18.075	0.16219067
18.080	0.16217527
18.085	0.16215988
18.090	0.16214450
18.095	0.16212912
18.100	0.16211375
18.105	0.16209838
18.110	0.16208302
18.115	0.16206767
18.120	0.16205232
18.125	0.16203698
18.130	0.16202164
18.135	0.16200631
18.140	0.16199098
18.145	0.16197566
18.150	0.16196035
18.155	0.16194504
18.160	0.16192974
18.165	0.16191444
18.170	0.16189915
18.175	0.16188386
18.180	0.16186858
18.185	0.16185331
18.190	0.16183804
18.195	0.16182278
18.200	0.16180752
18.205	0.16179227
18.210	0.16177703
18.215	0.16176179
18.220	0.16174655
18.225	0.16173132
18.230	0.16171610
18.235	0.16170088
18.240	0.16168567
18.245	0.16167047
18.250	0.16165527
18.255	0.16164007
18.260	0.16162489
18.265	0.16160970
18.270	0.16159453
18.275	0.16157935
18.280	0.16156419
18.285	0.16154903
18.290	0.16153387
18.295	0.16151872
18.300	0.16150358
18.305	0.16148844
18.310	0.16147331
18.315	0.16145819
18.320	0.16144306
18.325	0.16142795
18.330	0.16141284
18.335	0.16139774
18.340	0.16138264
18.345	0.16136755
18.350	0.16135246
18.355	0.16133738
18.360	0.16132230
18.365	0.16130723
18.370	0.16129217
18.375	0.16127711
18.380	0.16126205
18.385	0.16124701
18.390	0.16123196
18.395	0.16121693
18.400	0.16120190
18.405	0.16118687
18.410	0.16117185
18.415	0.16115684
18.420	0.16114183
18.425	0.16112682
18.430	0.16111183
18.435	0.16109683
18.440	0.16108185
18.445	0.16106687
18.450	0.16105189
18.455	0.16103692
18.460	0.16102196
18.465	0.16100700
18.470	0.16099204
18.475	0.16097710
18.480	0.16096215
18.485	0.16094722
18.490	0.16093228
18.495	0.16091736
18.500	0.16090244
18.505	0.16088752
18.510	0.16087261
18.515	0.16085771
18.520	0.16084281
18.525	0.16082792
18.530	0.16081303
18.535	0.16079815
18.540	0.16078327
18.545	0.16076840
18.550	0.16075354
18.555	0.16073868
18.560	0.16072382
18.565	0.16070897
18.570	0.16069413
18.575	0.16067929
18.580	0.16066446
18.585	0.16064963
18.590	0.16063481
18.595	0.16061999
18.600	0.16060518
18.605	0.16059037
18.610	0.16057557
18.615	0.16056078
18.620	0.16054599
18.625	0.16053120
18.630	0.16051643
18.635	0.16050165
18.640	0.16048689
18.645	0.16047212
18.650	0.16045737
18.655	0.16044261
18.660	0.16042787
18.665	0.16041313
18.670	0.16039839
18.675	0.16038366
18.680	0.16036894
18.685	0.16035422
18.690	0.16033950
18.695	0.16032479
18.700	0.16031009
18.705	0.16029539
18.710	0.16028070
18.715	0.16026601
18.720	0.16025133
18.725	0.16023665
18.730	0.16022198
18.735	0.16020732
18.740	0.16019266
18.745	0.16017800
18.750	0.16016335
18.755	0.16014871
18.760	0.16013407
18.765	0.16011943
18.770	0.16010481
18.775	0.16009018
18.780	0.16007556
18.785	0.16006095
18.790	0.16004634
18.795	0.16003174
18.800	0.16001715
18.805	0.16000255
18.810	0.15998797
18.815	0.15997339
18.820	0.15995881
18.825	0.15994424
18.830	0.15992968
18.835	0.15991512
18.840	0.15990056
18.845	0.15988601
18.850	0.15987147
18.855	0.15985693
18.860	0.15984240
18.865	0.15982787
18.870	0.15981334
18.875	0.15979883
18.880	0.15978431
18.885	0.15976981
18.890	0.15975531
18.895	0.15974081
18.900	0.15972632
18.905	0.15971183
18.910	0.15969735
18.915	0.15968287
18.920	0.15966840
18.925	0.15965394
18.930	0.15963948
18.935	0.15962502
18.940	0.15961057
18.945	0.15959613
18.950	0.15958169
18.955	0.15956725
18.960	0.15955282
18.965	0.15953840
18.970	0.15952398
18.975	0.15950957
18.980	0.15949516
18.985	0.15948076
18.990	0.15946636
18.995	0.15945197
19.000	0.15943758
19.005	0.15942319
19.010	0.15940882
19.015	0.15939445
19.020	0.15938008
19.025	0.15936572
19.030	0.15935136
19.035	0.15933701
19.040	0.15932266
19.045	0.15930832
19.050	0.15929398
19.055	0.15927965
19.060	0.15926533
19.065	0.15925100
19.070	0.15923669
19.075	0.15922238
19.080	0.15920807
19.085	0.15919377
19.090	0.15917948
19.095	0.15916519
19.100	0.15915090
19.105	0.15913662
19.110	0.15912235
19.115	0.15910808
19.120	0.15909381
19.125	0.15907955
19.130	0.15906530
19.135	0.15905105
19.140	0.15903680
19.145	0.15902256
19.150	0.15900833
19.155	0.15899410
19.160	0.15897988
19.165	0.15896566
19.170	0.15895144
19.175	0.15893723
19.180	0.15892303
19.185	0.15890883
19.190	0.15889464
19.195	0.15888045
19.200	0.15886626
19.205	0.15885208
19.210	0.15883791
19.215	0.15882374
19.220	0.15880958
19.225	0.15879542
19.230	0.15878127
19.235	0.15876712
19.240	0.15875297
19.245	0.15873883
19.250	0.15872470
19.255	0.15871057
19.260	0.15869645
19.265	0.15868233
19.270	0.15866822
19.275	0.15865411
19.280	0.15864000
19.285	0.15862590
19.290	0.15861181
19.295	0.15859772
19.300	0.15858364
19.305	0.15856956
19.310	0.15855549
19.315	0.15854142
19.320	0.15852735
19.325	0.15851329
19.330	0.15849924
19.335	0.15848519
19.340	0.15847115
19.345	0.15845711
19.350	0.15844307
19.355	0.15842904
19.360	0.15841502
19.365	0.15840100
19.370	0.15838699
19.375	0.15837298
19.380	0.15835897
19.385	0.15834497
19.390	0.15833098
19.395	0.15831699
19.400	0.15830300
19.405	0.15828902
19.410	0.15827505
19.415	0.15826108
19.420	0.15824711
19.425	0.15823315
19.430	0.15821919
19.435	0.15820524
19.440	0.15819130
19.445	0.15817736
19.450	0.15816342
19.455	0.15814949
19.460	0.15813556
19.465	0.15812164
19.470	0.15810773
19.475	0.15809381
19.480	0.15807991
19.485	0.15806600
19.490	0.15805211
19.495	0.15803822
19.500	0.15802433
19.505	0.15801045
19.510	0.15799657
19.515	0.15798269
19.520	0.15796883
19.525	0.15795496
19.530	0.15794111
19.535	0.15792725
19.540	0.15791340
19.545	0.15789956
19.550	0.15788572
19.555	0.15787189
19.560	0.15785806
19.565	0.15784423
19.570	0.15783041
19.575	0.15781660
19.580	0.15780279
19.585	0.15778898
19.590	0.15777518
19.595	0.15776139
19.600	0.15774759
19.605	0.15773381
19.610	0.15772003
19.615	0.15770625
19.620	0.15769248
19.625	0.15767871
19.630	0.15766495
19.635	0.15765119
19.640	0.15763744
19.645	0.15762369
19.650	0.15760995
19.655	0.15759621
19.660	0.15758248
19.665	0.15756875
19.670	0.15755502
19.675	0.15754130
19.680	0.15752759
19.685	0.15751388
19.690	0.15750017
19.695	0.15748647
19.700	0.15747278
19.705	0.15745909
19.710	0.15744540
19.715	0.15743172
19.720	0.15741804
19.725	0.15740437
19.730	0.15739070
19.735	0.15737704
19.740	0.15736338
19.745	0.15734973
19.750	0.15733608
19.755	0.15732244
19.760	0.15730880
19.765	0.15729516
19.770	0.15728153
19.775	0.15726791
19.780	0.15725429
19.785	0.15724067
19.790	0.15722706
19.795	0.15721346
19.800	0.15719985
19.805	0.15718626
19.810	0.15717267
19.815	0.15715908
19.820	0.15714549
19.825	0.15713192
19.830	0.15711834
19.835	0.15710477
19.840	0.15709121
19.845	0.15707765
19.850	0.15706410
19.855	0.15705055
19.860	0.15703700
19.865	0.15702346
19.870	0.15700992
19.875	0.15699639
19.880	0.15698286
19.885	0.15696934
19.890	0.15695582
19.895	0.15694231
19.900	0.15692880
19.905	0.15691530
19.910	0.15690180
19.915	0.15688830
19.920	0.15687481
19.925	0.15686133
19.930	0.15684785
19.935	0.15683437
19.940	0.15682090
19.945	0.15680743
19.950	0.15679397
19.955	0.15678051
19.960	0.15676706
19.965	0.15675361
19.970	0.15674017
19.975	0.15672673
19.980	0.15671329
19.985	0.15669986
19.990	0.15668644
19.995	0.15667301
20.000	0.15665960
20.005	0.15664619
20.010	0.15663278
20.015	0.15661938
20.020	0.15660598
20.025	0.15659258
20.030	0.15657919
20.035	0.15656581
20.040	0.15655243
20.045	0.15653905
20.050	0.15652568
20.055	0.15651232
20.060	0.15649895
20.065	0.15648560
20.070	0.15647224
20.075	0.15645889
20.080	0.15644555
20.085	0.15643221
20.090	0.15641888
20.095	0.15640555
20.100	0.15639222
20.105	0.15637890
20.110	0.15636558
20.115	0.15635227
20.120	0.15633896
20.125	0.15632566
20.130	0.15631236
20.135	0.15629907
20.140	0.15628578
20.145	0.15627249
20.150	0.15625921
20.155	0.15624593
20.160	0.15623266
20.165	0.15621939
20.170	0.15620613
20.175	0.15619287
20.180	0.15617962
20.185	0.15616637
20.190	0.15615312
20.195	0.15613988
20.200	0.15612665
20.205	0.15611342
20.210	0.15610019
20.215	0.15608697
20.220	0.15607375
20.225	0.15606053
20.230	0.15604732
20.235	0.15603412
20.240	0.15602092
20.245	0.15600772
20.250	0.15599453
20.255	0.15598134
20.260	0.15596816
20.265	0.15595498
20.270	0.15594181
20.275	0.15592864
20.280	0.15591548
20.285	0.15590231
20.290	0.15588916
20.295	0.15587601
20.300	0.15586286
20.305	0.15584972
20.310	0.15583658
20.315	0.15582344
20.320	0.15581031
20.325	0.15579719
20.330	0.15578407
20.335	0.15577095
20.340	0.15575784
20.345	0.15574473
20.350	0.15573163
20.355	0.15571853
20.360	0.15570543
20.365	0.15569234
20.370	0.15567926
20.375	0.15566618
20.380	0.15565310
20.385	0.15564003
20.390	0.15562696
20.395	0.15561389
20.400	0.15560083
20.405	0.15558778
20.410	0.15557473
20.415	0.15556168
20.420	0.15554864
20.425	0.15553560
20.430	0.15552257
20.435	0.15550954
20.440	0.15549651
20.445	0.15548349
20.450	0.15547048
20.455	0.15545746
20.460	0.15544446
20.465	0.15543145
20.470	0.15541845
20.475	0.15540546
20.480	0.15539247
20.485	0.15537948
20.490	0.15536650
20.495	0.15535352
20.500	0.15534055
20.505	0.15532758
20.510	0.15531462
20.515	0.15530166
20.520	0.15528870
20.525	0.15527575
20.530	0.15526280
20.535	0.15524986
20.540	0.15523692
20.545	0.15522399
20.550	0.15521106
20.555	0.15519813
20.560	0.15518521
20.565	0.15517229
20.570	0.15515938
20.575	0.15514647
20.580	0.15513357
20.585	0.15512067
20.590	0.15510777
20.595	0.15509488
20.600	0.15508199
20.605	0.15506911
20.610	0.15505623
20.615	0.15504335
20.620	0.15503048
20.625	0.15501762
20.630	0.15500476
20.635	0.15499190
20.640	0.15497904
20.645	0.15496620
20.650	0.15495335
20.655	0.15494051
20.660	0.15492767
20.665	0.15491484
20.670	0.15490201
20.675	0.15488919
20.680	0.15487637
20.685	0.15486355
20.690	0.15485074
20.695	0.15483794
20.700	0.15482513
20.705	0.15481233
20.710	0.15479954
20.715	0.15478675
20.720	0.15477396
20.725	0.15476118
20.730	0.15474840
20.735	0.15473563
20.740	0.15472286
20.745	0.15471010
20.750	0.15469734
20.755	0.15468458
20.760	0.15467183
20.765	0.15465908
20.770	0.15464634
20.775	0.15463360
20.780	0.15462086
20.785	0.15460813
20.790	0.15459540
20.795	0.15458268
20.800	0.15456996
20.805	0.15455724
20.810	0.15454453
20.815	0.15453183
20.820	0.15451912
20.825	0.15450643
20.830	0.15449373
20.835	0.15448104
20.840	0.15446836
20.845	0.15445567
20.850	0.15444300
20.855	0.15443032
20.860	0.15441765
20.865	0.15440499
20.870	0.15439233
20.875	0.15437967
20.880	0.15436702
20.885	0.15435437
20.890	0.15434173
20.895	0.15432908
20.900	0.15431645
20.905	0.15430382
20.910	0.15429119
20.915	0.15427856
20.920	0.15426594
20.925	0.15425333
20.930	0.15424072
20.935	0.15422811
20.940	0.15421551
20.945	0.15420291
20.950	0.15419031
20.955	0.15417772
20.960	0.15416513
20.965	0.15415255
20.970	0.15413997
20.975	0.15412740
20.980	0.15411483
20.985	0.15410226
20.990	0.15408970
20.995	0.15407714
21.000	0.15406458
21.005	0.15405203
21.010	0.15403949
21.015	0.15402694
21.020	0.15401441
21.025	0.15400187
21.030	0.15398934
21.035	0.15397682
21.040	0.15396429
21.045	0.15395178
21.050	0.15393926
21.055	0.15392675
21.060	0.15391425
21.065	0.15390174
21.070	0.15388925
21.075	0.15387675
21.080	0.15386426
21.085	0.15385178
21.090	0.15383930
21.095	0.15382682
21.100	0.15381435
21.105	0.15380188
21.110	0.15378941
21.115	0.15377695
21.120	0.15376449
21.125	0.15375204
21.130	0.15373959
21.135	0.15372714
21.140	0.15371470
21.145	0.15370226
21.150	0.15368983
21.155	0.15367740
21.160	0.15366498
21.165	0.15365255
21.170	0.15364014
21.175	0.15362772
21.180	0.15361531
21.185	0.15360291
21.190	0.15359051
21.195	0.15357811
21.200	0.15356572
21.205	0.15355333
21.210	0.15354094
21.215	0.15352856
21.220	0.15351618
21.225	0.15350381
21.230	0.15349144
21.235	0.15347907
21.240	0.15346671
21.245	0.15345435
21.250	0.15344200
21.255	0.15342965
21.260	0.15341730
21.265	0.15340496
21.270	0.15339262
21.275	0.15338029
21.280	0.15336796
21.285	0.15335563
21.290	0.15334331
21.295	0.15333099
21.300	0.15331868
21.305	0.15330637
21.310	0.15329406
21.315	0.15328176
21.320	0.15326946
21.325	0.15325716
21.330	0.15324487
21.335	0.15323258
21.340	0.15322030
21.345	0.15320802
21.350	0.15319575
21.355	0.15318348
21.360	0.15317121
21.365	0.15315894
