0.250	1.00000000
0.255	0.96905256
0.260	0.94004737
0.265	0.91283183
0.270	0.88726823
0.275	0.86323203
0.280	0.84061029
0.285	0.81930046
0.290	0.79920917
0.295	0.78025129
0.300	0.76234905
0.305	0.74543127
0.310	0.72943270
0.315	0.71429344
0.320	0.69995838
0.325	0.68637680
0.330	0.67350189
0.335	0.66129044
0.340	0.64970248
0.345	0.63870100
0.350	0.62825169
0.355	0.61832270
0.360	0.60888444
0.365	0.59990935
0.370	0.59137180
0.375	0.58324788
0.380	0.57551526
0.385	0.56815311
0.390	0.56114192
0.395	0.55446345
0.400	0.54810061
0.405	0.54203737
0.410	0.53625870
0.415	0.53075046
0.420	0.52549938
0.425	0.52049298
0.430	0.51571949
0.435	0.51116784
0.440	0.50682760
0.445	0.50268891
0.450	0.49874248
0.455	0.49497951
0.460	0.49139172
0.465	0.48797124
0.470	0.48471064
0.475	0.48160289
0.480	0.47864131
0.485	0.47581959
0.490	0.47313172
0.495	0.47057201
0.500	0.46813506
0.505	0.46581572
0.510	0.46360912
0.515	0.46151062
0.520	0.45951578
0.525	0.45762041
0.530	0.45582050
0.535	0.45411223
0.540	0.45249196
0.545	0.45095622
0.550	0.44950171
0.555	0.44812525
0.560	0.44682383
0.565	0.44559457
0.570	0.44443472
0.575	0.44334163
0.580	0.44231279
0.585	0.44134579
0.590	0.44043832
0.595	0.43958818
0.600	0.43879325
0.605	0.43805150
0.610	0.43736100
0.615	0.43671987
0.620	0.43612634
0.625	0.43557870
0.630	0.43507529
0.635	0.43461455
0.640	0.43419496
0.645	0.43381506
0.650	0.43347345
0.655	0.43316880
0.660	0.43289982
0.665	0.43266525
0.670	0.43246391
0.675	0.43229466
0.680	0.43215637
0.685	0.43204800
0.690	0.43196852
0.695	0.43191694
0.700	0.43189231
0.705	0.43189372
0.710	0.43192028
0.715	0.43197115
0.720	0.43204551
0.725	0.43214256
0.730	0.43226155
0.735	0.43240173
0.740	0.43256241
0.745	0.43274289
0.750	0.43294252
0.755	0.43316066
0.760	0.43339668
0.765	0.43365001
0.770	0.43392005
0.775	0.43420626
0.780	0.43450810
0.785	0.43482505
0.790	0.43515662
0.795	0.43550230
0.800	0.43586165
0.805	0.43623419
0.810	0.43661950
0.815	0.43701715
0.820	0.43742673
0.825	0.43784784
0.830	0.43828010
0.835	0.43872313
0.840	0.43917658
0.845	0.43964009
0.850	0.44011333
0.855	0.44059597
0.860	0.44108769
0.865	0.44158818
0.870	0.44209716
0.875	0.44261432
0.880	0.44313939
0.885	0.44367209
0.890	0.44421217
0.895	0.44475937
0.900	0.44531345
0.905	0.44587415
0.910	0.44644126
0.915	0.44701453
0.920	0.44759377
0.925	0.44817874
0.930	0.44876926
0.935	0.44936511
0.940	0.44996610
0.945	0.45057205
0.950	0.45118276
0.955	0.45179808
0.960	0.45241781
0.965	0.45304180
0.970	0.45366988
0.975	0.45430189
0.980	0.45493769
0.985	0.45557712
0.990	0.45622003
0.995	0.45686629
1.000	0.45751577
1.005	0.45816832
1.010	0.45882382
1.015	0.45948214
1.020	0.46014316
1.025	0.46080677
1.030	0.46147285
1.035	0.46214129
1.040	0.46281197
1.045	0.46348480
1.050	0.46415967
1.055	0.46483648
1.060	0.46551514
1.065	0.46619554
1.070	0.46687761
1.075	0.46756124
1.080	0.46824636
1.085	0.46893287
1.090	0.46962070
1.095	0.47030977
1.100	0.47100000
1.105	0.47169131
1.110	0.47238363
1.115	0.47307690
1.120	0.47377103
1.125	0.47446596
1.130	0.47516164
1.135	0.47585798
1.140	0.47655494
1.145	0.47725245
1.150	0.47795046
1.155	0.47864889
1.160	0.47934771
1.165	0.48004686
1.170	0.48074627
1.175	0.48144591
1.180	0.48214572
1.185	0.48284566
1.190	0.48354568
1.195	0.48424572
1.200	0.48494575
1.205	0.48564573
1.210	0.48634561
1.215	0.48704534
1.220	0.48774490
1.225	0.48844424
1.230	0.48914333
1.235	0.48984212
1.240	0.49054059
1.245	0.49123869
1.250	0.49193640
1.255	0.49263368
1.260	0.49333050
1.265	0.49402682
1.270	0.49472263
1.275	0.49541788
1.280	0.49611255
1.285	0.49680662
1.290	0.49750005
1.295	0.49819282
1.300	0.49888491
1.305	0.49957629
1.310	0.50026693
1.315	0.50095681
1.320	0.50164592
1.325	0.50233422
1.330	0.50302170
1.335	0.50370833
1.340	0.50439411
1.345	0.50507899
1.350	0.50576298
1.355	0.50644604
1.360	0.50712816
1.365	0.50780933
1.370	0.50848953
1.375	0.50916873
1.380	0.50984693
1.385	0.51052411
1.390	0.51120025
1.395	0.51187535
1.400	0.51254937
1.405	0.51322233
1.410	0.51389419
1.415	0.51456494
1.420	0.51523458
1.425	0.51590310
1.430	0.51657047
1.435	0.51723670
1.440	0.51790176
1.445	0.51856565
1.450	0.51922836
1.455	0.51988987
1.460	0.52055019
1.465	0.52120930
1.470	0.52186718
1.475	0.52252384
1.480	0.52317927
1.485	0.52383345
1.490	0.52448637
1.495	0.52513804
1.500	0.52578845
1.505	0.52643758
1.510	0.52708543
1.515	0.52773200
1.520	0.52837728
1.525	0.52902126
1.530	0.52966393
1.535	0.53030530
1.540	0.53094536
1.545	0.53158409
1.550	0.53222151
1.555	0.53285760
1.560	0.53349235
1.565	0.53412577
1.570	0.53475785
1.575	0.53538859
1.580	0.53601798
1.585	0.53664602
1.590	0.53727271
1.595	0.53789804
1.600	0.53852201
1.605	0.53914462
1.610	0.53976586
1.615	0.54038574
1.620	0.54100425
1.625	0.54162139
1.630	0.54223716
1.635	0.54285155
1.640	0.54346457
1.645	0.54407620
1.650	0.54468646
1.655	0.54529534
1.660	0.54590284
1.665	0.54650896
1.670	0.54711369
1.675	0.54771704
1.680	0.54831900
1.685	0.54891958
1.690	0.54951877
1.695	0.55011658
1.700	0.55071300
1.705	0.55130804
1.710	0.55190169
1.715	0.55249395
1.720	0.55308483
1.725	0.55367432
1.730	0.55426243
1.735	0.55484915
1.740	0.55543449
1.745	0.55601844
1.750	0.55660101
1.755	0.55718220
1.760	0.55776201
1.765	0.55834044
1.770	0.55891749
1.775	0.55949316
1.780	0.56006745
1.785	0.56064036
1.790	0.56121190
1.795	0.56178207
1.800	0.56235087
1.805	0.56291829
1.810	0.56348435
1.815	0.56404904
1.820	0.56461236
1.825	0.56517432
1.830	0.56573491
1.835	0.56629415
1.840	0.56685202
1.845	0.56740854
1.850	0.56796370
1.855	0.56851751
1.860	0.56906997
1.865	0.56962108
1.870	0.57017085
1.875	0.57071926
1.880	0.57126634
1.885	0.57181207
1.890	0.57235647
1.895	0.57289953
1.900	0.57344126
1.905	0.57398165
1.910	0.57452072
1.915	0.57505846
1.920	0.57559487
1.925	0.57612997
1.930	0.57666374
1.935	0.57719620
1.940	0.57772735
1.945	0.57825718
1.950	0.57878571
1.955	0.57931293
1.960	0.57983884
1.965	0.58036346
1.970	0.58088678
1.975	0.58140880
1.980	0.58192953
1.985	0.58244897
1.990	0.58296713
1.995	0.58348400
2.000	0.58399959
2.005	0.58451390
2.010	0.58502694
2.015	0.58553870
2.020	0.58604920
2.025	0.58655843
2.030	0.58706640
2.035	0.58757310
2.040	0.58807855
2.045	0.58858274
2.050	0.58908569
2.055	0.58958738
2.060	0.59008783
2.065	0.59058704
2.070	0.59108500
2.075	0.59158173
2.080	0.59207723
2.085	0.59257150
2.090	0.59306454
2.095	0.59355636
2.100	0.59404696
2.105	0.59453634
2.110	0.59502451
2.115	0.59551146
2.120	0.59599721
2.125	0.59648175
2.130	0.59696509
2.135	0.59744723
2.140	0.59792818
2.145	0.59840794
2.150	0.59888650
2.155	0.59936388
2.160	0.59984008
2.165	0.60031510
2.170	0.60078894
2.175	0.60126161
2.180	0.60173311
2.185	0.60220345
2.190	0.60267262
2.195	0.60314063
2.200	0.60360748
2.205	0.60407318
2.210	0.60453773
2.215	0.60500113
2.220	0.60546339
2.225	0.60592451
2.230	0.60638449
2.235	0.60684334
2.240	0.60730106
2.245	0.60775764
2.250	0.60821311
2.255	0.60866745
2.260	0.60912067
2.265	0.60957278
2.270	0.61002378
2.275	0.61047367
2.280	0.61092246
2.285	0.61137014
2.290	0.61181672
2.295	0.61226221
2.300	0.61270660
2.305	0.61314991
2.310	0.61359213
2.315	0.61403327
2.320	0.61447333
2.325	0.61491231
2.330	0.61535022
2.335	0.61578706
2.340	0.61622283
2.345	0.61665754
2.350	0.61709119
2.355	0.61752378
2.360	0.61795531
2.365	0.61838580
2.370	0.61881523
2.375	0.61924363
2.380	0.61967098
2.385	0.62009729
2.390	0.62052257
2.395	0.62094682
2.400	0.62137003
2.405	0.62179222
2.410	0.62221339
2.415	0.62263354
2.420	0.62305267
2.425	0.62347079
2.430	0.62388790
2.435	0.62430400
2.440	0.62471909
2.445	0.62513319
2.450	0.62554628
2.455	0.62595838
2.460	0.62636949
2.465	0.62677962
2.470	0.62718875
2.475	0.62759690
2.480	0.62800407
2.485	0.62841027
2.490	0.62881549
2.495	0.62921974
2.500	0.62962302
2.505	0.63002534
2.510	0.63042670
2.515	0.63082710
2.520	0.63122654
2.525	0.63162502
2.530	0.63202256
2.535	0.63241915
2.540	0.63281480
2.545	0.63320951
2.550	0.63360327
2.555	0.63399611
2.560	0.63438801
2.565	0.63477898
2.570	0.63516902
2.575	0.63555814
2.580	0.63594634
2.585	0.63633362
2.590	0.63671999
2.595	0.63710544
2.600	0.63748999
2.605	0.63787362
2.610	0.63825636
2.615	0.63863819
2.620	0.63901913
2.625	0.63939917
2.630	0.63977831
2.635	0.64015657
2.640	0.64053394
2.645	0.64091043
2.650	0.64128603
2.655	0.64166076
2.660	0.64203461
2.665	0.64240759
2.670	0.64277970
2.675	0.64315094
2.680	0.64352131
2.685	0.64389082
2.690	0.64425948
2.695	0.64462727
2.700	0.64499422
2.705	0.64536031
2.710	0.64572555
2.715	0.64608995
2.720	0.64645350
2.725	0.64681621
2.730	0.64717809
2.735	0.64753912
2.740	0.64789933
2.745	0.64825870
2.750	0.64861725
2.755	0.64897498
2.760	0.64933188
2.765	0.64968796
2.770	0.65004322
2.775	0.65039767
2.780	0.65075130
2.785	0.65110413
2.790	0.65145615
2.795	0.65180736
2.800	0.65215778
2.805	0.65250739
2.810	0.65285621
2.815	0.65320423
2.820	0.65355146
2.825	0.65389790
2.830	0.65424355
2.835	0.65458842
2.840	0.65493251
2.845	0.65527582
2.850	0.65561835
2.855	0.65596010
2.860	0.65630109
2.865	0.65664130
2.870	0.65698075
2.875	0.65731943
2.880	0.65765735
2.885	0.65799450
2.890	0.65833090
2.895	0.65866655
2.900	0.65900144
2.905	0.65933558
2.910	0.65966897
2.915	0.66000162
2.920	0.66033352
2.925	0.66066468
2.930	0.66099510
2.935	0.66132479
2.940	0.66165374
2.945	0.66198196
2.950	0.66230944
2.955	0.66263621
2.960	0.66296224
2.965	0.66328755
2.970	0.66361214
2.975	0.66393602
2.980	0.66425917
2.985	0.66458162
2.990	0.66490335
2.995	0.66522437
3.000	0.66554468
3.005	0.66586429
3.010	0.66618319
3.015	0.66650140
3.020	0.66681890
3.025	0.66713571
3.030	0.66745182
3.035	0.66776724
3.040	0.66808198
3.045	0.66839602
3.050	0.66870938
3.055	0.66902205
3.060	0.66933405
3.065	0.66964536
3.070	0.66995600
3.075	0.67026596
3.080	0.67057524
3.085	0.67088386
3.090	0.67119181
3.095	0.67149909
3.100	0.67180570
3.105	0.67211166
3.110	0.67241695
3.115	0.67272158
3.120	0.67302556
3.125	0.67332888
3.130	0.67363155
3.135	0.67393357
3.140	0.67423494
3.145	0.67453566
3.150	0.67483574
3.155	0.67513518
3.160	0.67543397
3.165	0.67573213
3.170	0.67602965
3.175	0.67632654
3.180	0.67662279
3.185	0.67691841
3.190	0.67721340
3.195	0.67750777
3.200	0.67780151
3.205	0.67809463
3.210	0.67838712
3.215	0.67867900
3.220	0.67897026
3.225	0.67926090
3.230	0.67955093
3.235	0.67984034
3.240	0.68012915
3.245	0.68041735
3.250	0.68070494
3.255	0.68099193
3.260	0.68127832
3.265	0.68156410
3.270	0.68184929
3.275	0.68213388
3.280	0.68241787
3.285	0.68270127
3.290	0.68298408
3.295	0.68326629
3.300	0.68354792
3.305	0.68382897
3.310	0.68410943
3.315	0.68438930
3.320	0.68466860
3.325	0.68494731
3.330	0.68522545
3.335	0.68550301
3.340	0.68578000
3.345	0.68605641
3.350	0.68633226
3.355	0.68660754
3.360	0.68688224
3.365	0.68715639
3.370	0.68742997
3.375	0.68770298
3.380	0.68797544
3.385	0.68824734
3.390	0.68851868
3.395	0.68878946
3.400	0.68905969
3.405	0.68932937
3.410	0.68959850
3.415	0.68986708
3.420	0.69013512
3.425	0.69040260
3.430	0.69066955
3.435	0.69093595
3.440	0.69120181
3.445	0.69146713
3.450	0.69173191
3.455	0.69199616
3.460	0.69225987
3.465	0.69252305
3.470	0.69278570
3.475	0.69304782
3.480	0.69330942
3.485	0.69357048
3.490	0.69383102
3.495	0.69409104
3.500	0.69435054
3.505	0.69460951
3.510	0.69486797
3.515	0.69512591
3.520	0.69538333
3.525	0.69564024
3.530	0.69589664
3.535	0.69615253
3.540	0.69640790
3.545	0.69666277
3.550	0.69691713
3.555	0.69717099
3.560	0.69742435
3.565	0.69767720
3.570	0.69792955
3.575	0.69818140
3.580	0.69843275
3.585	0.69868361
3.590	0.69893397
3.595	0.69918384
3.600	0.69943322
3.605	0.69968210
3.610	0.69993050
3.615	0.70017841
3.620	0.70042583
3.625	0.70067277
3.630	0.70091923
3.635	0.70116520
3.640	0.70141069
3.645	0.70165571
3.650	0.70190024
3.655	0.70214430
3.660	0.70238788
3.665	0.70263099
3.670	0.70287363
3.675	0.70311580
3.680	0.70335749
3.685	0.70359872
3.690	0.70383948
3.695	0.70407978
3.700	0.70431961
3.705	0.70455898
3.710	0.70479789
3.715	0.70503633
3.720	0.70527432
3.725	0.70551185
3.730	0.70574893
3.735	0.70598555
3.740	0.70622171
3.745	0.70645742
3.750	0.70669269
3.755	0.70692750
3.760	0.70716186
3.765	0.70739578
3.770	0.70762925
3.775	0.70786227
3.780	0.70809486
3.785	0.70832700
3.790	0.70855869
3.795	0.70878995
3.800	0.70902077
3.805	0.70925116
3.810	0.70948110
3.815	0.70971062
3.820	0.70993970
3.825	0.71016834
3.830	0.71039656
3.835	0.71062435
3.840	0.71085170
3.845	0.71107863
3.850	0.71130514
3.855	0.71153122
3.860	0.71175687
3.865	0.71198210
3.870	0.71220691
3.875	0.71243130
3.880	0.71265528
3.885	0.71287883
3.890	0.71310197
3.895	0.71332469
3.900	0.71354699
3.905	0.71376889
3.910	0.71399037
3.915	0.71421144
3.920	0.71443210
3.925	0.71465235
3.930	0.71487220
3.935	0.71509164
3.940	0.71531067
3.945	0.71552930
3.950	0.71574752
3.955	0.71596535
3.960	0.71618277
3.965	0.71639979
3.970	0.71661642
3.975	0.71683265
3.980	0.71704848
3.985	0.71726391
3.990	0.71747895
3.995	0.71769360
4.000	0.71790786
4.005	0.71812172
4.010	0.71833520
4.015	0.71854829
4.020	0.71876099
4.025	0.71897330
4.030	0.71918522
4.035	0.71939677
4.040	0.71960793
4.045	0.71981870
4.050	0.72002910
4.055	0.72023911
4.060	0.72044875
4.065	0.72065800
4.070	0.72086688
4.075	0.72107539
4.080	0.72128352
4.085	0.72149127
4.090	0.72169865
4.095	0.72190566
4.100	0.72211230
4.105	0.72231857
4.110	0.72252446
4.115	0.72272999
4.120	0.72293516
4.125	0.72313995
4.130	0.72334439
4.135	0.72354845
4.140	0.72375216
4.145	0.72395550
4.150	0.72415848
4.155	0.72436110
4.160	0.72456337
4.165	0.72476527
4.170	0.72496682
4.175	0.72516801
4.180	0.72536884
4.185	0.72556932
4.190	0.72576945
4.195	0.72596922
4.200	0.72616864
4.205	0.72636771
4.210	0.72656643
4.215	0.72676481
4.220	0.72696283
4.225	0.72716051
4.230	0.72735784
4.235	0.72755483
4.240	0.72775147
4.245	0.72794777
4.250	0.72814373
4.255	0.72833934
4.260	0.72853462
4.265	0.72872955
4.270	0.72892415
4.275	0.72911841
4.280	0.72931233
4.285	0.72950591
4.290	0.72969916
4.295	0.72989208
4.300	0.73008466
4.305	0.73027691
4.310	0.73046883
4.315	0.73066041
4.320	0.73085167
4.325	0.73104260
4.330	0.73123320
4.335	0.73142347
4.340	0.73161342
4.345	0.73180304
4.350	0.73199233
4.355	0.73218131
4.360	0.73236995
4.365	0.73255828
4.370	0.73274629
4.375	0.73293397
4.380	0.73312133
4.385	0.73330838
4.390	0.73349511
4.395	0.73368152
4.400	0.73386761
4.405	0.73405339
4.410	0.73423885
4.415	0.73442400
4.420	0.73460884
4.425	0.73479336
4.430	0.73497757
4.435	0.73516148
4.440	0.73534507
4.445	0.73552835
4.450	0.73571132
4.455	0.73589399
4.460	0.73607635
4.465	0.73625840
4.470	0.73644015
4.475	0.73662160
4.480	0.73680274
4.485	0.73698357
4.490	0.73716411
4.495	0.73734434
4.500	0.73752428
4.505	0.73770391
4.510	0.73788325
4.515	0.73806228
4.520	0.73824102
4.525	0.73841946
4.530	0.73859761
4.535	0.73877546
4.540	0.73895302
4.545	0.73913028
4.550	0.73930725
4.555	0.73948393
4.560	0.73966031
4.565	0.73983641
4.570	0.74001221
4.575	0.74018773
4.580	0.74036296
4.585	0.74053790
4.590	0.74071255
4.595	0.74088692
4.600	0.74106100
4.605	0.74123479
4.610	0.74140830
4.615	0.74158153
4.620	0.74175448
4.625	0.74192714
4.630	0.74209952
4.635	0.74227162
4.640	0.74244344
4.645	0.74261498
4.650	0.74278625
4.655	0.74295723
4.660	0.74312794
4.665	0.74329837
4.670	0.74346853
4.675	0.74363841
4.680	0.74380801
4.685	0.74397734
4.690	0.74414640
4.695	0.74431519
4.700	0.74448370
4.705	0.74465195
4.710	0.74481992
4.715	0.74498763
4.720	0.74515506
4.725	0.74532223
4.730	0.74548912
4.735	0.74565576
4.740	0.74582212
4.745	0.74598822
4.750	0.74615405
4.755	0.74631962
4.760	0.74648493
4.765	0.74664997
4.770	0.74681475
4.775	0.74697927
4.780	0.74714353
4.785	0.74730753
4.790	0.74747126
4.795	0.74763474
4.800	0.74779796
4.805	0.74796092
4.810	0.74812362
4.815	0.74828607
4.820	0.74844826
4.825	0.74861019
4.830	0.74877187
4.835	0.74893330
4.840	0.74909447
4.845	0.74925539
4.850	0.74941606
4.855	0.74957647
4.860	0.74973663
4.865	0.74989655
4.870	0.75005621
4.875	0.75021562
4.880	0.75037479
4.885	0.75053370
4.890	0.75069237
4.895	0.75085079
4.900	0.75100897
4.905	0.75116690
4.910	0.75132458
4.915	0.75148202
4.920	0.75163922
4.925	0.75179617
4.930	0.75195288
4.935	0.75210934
4.940	0.75226557
4.945	0.75242155
4.950	0.75257730
4.955	0.75273280
4.960	0.75288806
4.965	0.75304309
4.970	0.75319787
4.975	0.75335242
4.980	0.75350673
4.985	0.75366081
4.990	0.75381465
4.995	0.75396825
5.000	0.75412162
5.005	0.75427476
5.010	0.75442766
5.015	0.75458032
5.020	0.75473276
5.025	0.75488496
5.030	0.75503693
5.035	0.75518867
5.040	0.75534018
5.045	0.75549146
5.050	0.75564251
5.055	0.75579333
5.060	0.75594392
5.065	0.75609429
5.070	0.75624442
5.075	0.75639433
5.080	0.75654402
5.085	0.75669348
5.090	0.75684271
5.095	0.75699172
5.100	0.75714050
5.105	0.75728906
5.110	0.75743740
5.115	0.75758552
5.120	0.75773341
5.125	0.75788108
5.130	0.75802853
5.135	0.75817576
5.140	0.75832278
5.145	0.75846957
5.150	0.75861614
5.155	0.75876249
5.160	0.75890863
5.165	0.75905455
5.170	0.75920025
5.175	0.75934573
5.180	0.75949100
5.185	0.75963605
5.190	0.75978089
5.195	0.75992552
5.200	0.76006993
5.205	0.76021412
5.210	0.76035811
5.215	0.76050188
5.220	0.76064544
5.225	0.76078878
5.230	0.76093192
5.235	0.76107485
5.240	0.76121756
5.245	0.76136007
5.250	0.76150237
5.255	0.76164445
5.260	0.76178633
5.265	0.76192801
5.270	0.76206947
5.275	0.76221073
5.280	0.76235178
5.285	0.76249263
5.290	0.76263327
5.295	0.76277371
5.300	0.76291394
5.305	0.76305397
5.310	0.76319379
5.315	0.76333342
5.320	0.76347283
5.325	0.76361205
5.330	0.76375107
5.335	0.76388988
5.340	0.76402849
5.345	0.76416691
5.350	0.76430512
5.355	0.76444313
5.360	0.76458095
5.365	0.76471857
5.370	0.76485598
5.375	0.76499321
5.380	0.76513023
5.385	0.76526706
5.390	0.76540369
5.395	0.76554012
5.400	0.76567636
5.405	0.76581241
5.410	0.76594826
5.415	0.76608391
5.420	0.76621937
5.425	0.76635464
5.430	0.76648972
5.435	0.76662460
5.440	0.76675930
5.445	0.76689380
5.450	0.76702810
5.455	0.76716222
5.460	0.76729615
5.465	0.76742989
5.470	0.76756344
5.475	0.76769680
5.480	0.76782997
5.485	0.76796295
5.490	0.76809575
5.495	0.76822836
5.500	0.76836078
5.505	0.76849301
5.510	0.76862506
5.515	0.76875693
5.520	0.76888860
5.525	0.76902010
5.530	0.76915141
5.535	0.76928253
5.540	0.76941347
5.545	0.76954423
5.550	0.76967480
5.555	0.76980520
5.560	0.76993541
5.565	0.77006543
5.570	0.77019528
5.575	0.77032495
5.580	0.77045443
5.585	0.77058374
5.590	0.77071287
5.595	0.77084181
5.600	0.77097058
5.605	0.77109917
5.610	0.77122758
5.615	0.77135581
5.620	0.77148387
5.625	0.77161175
5.630	0.77173945
5.635	0.77186698
5.640	0.77199433
5.645	0.77212150
5.650	0.77224850
5.655	0.77237533
5.660	0.77250198
5.665	0.77262846
5.670	0.77275476
5.675	0.77288089
5.680	0.77300685
5.685	0.77313263
5.690	0.77325824
5.695	0.77338368
5.700	0.77350895
5.705	0.77363405
5.710	0.77375898
5.715	0.77388374
5.720	0.77400833
5.725	0.77413274
5.730	0.77425699
5.735	0.77438107
5.740	0.77450498
5.745	0.77462873
5.750	0.77475230
5.755	0.77487571
5.760	0.77499895
5.765	0.77512203
5.770	0.77524494
5.775	0.77536768
5.780	0.77549026
5.785	0.77561267
5.790	0.77573491
5.795	0.77585700
5.800	0.77597891
5.805	0.77610067
5.810	0.77622226
5.815	0.77634369
5.820	0.77646495
5.825	0.77658605
5.830	0.77670699
5.835	0.77682777
5.840	0.77694838
5.845	0.77706884
5.850	0.77718913
5.855	0.77730927
5.860	0.77742924
5.865	0.77754906
5.870	0.77766871
5.875	0.77778821
5.880	0.77790754
5.885	0.77802672
5.890	0.77814574
5.895	0.77826460
5.900	0.77838331
5.905	0.77850185
5.910	0.77862024
5.915	0.77873848
5.920	0.77885656
5.925	0.77897448
5.930	0.77909224
5.935	0.77920986
5.940	0.77932731
5.945	0.77944461
5.950	0.77956176
5.955	0.77967875
5.960	0.77979559
5.965	0.77991228
5.970	0.78002881
5.975	0.78014519
5.980	0.78026142
5.985	0.78037750
5.990	0.78049342
5.995	0.78060920
6.000	0.78072482
6.005	0.78084029
6.010	0.78095561
6.015	0.78107078
6.020	0.78118580
6.025	0.78130068
6.030	0.78141540
6.035	0.78152997
6.040	0.78164439
6.045	0.78175867
6.050	0.78187280
6.055	0.78198678
6.060	0.78210061
6.065	0.78221430
6.070	0.78232784
6.075	0.78244123
6.080	0.78255447
6.085	0.78266757
6.090	0.78278053
6.095	0.78289334
6.100	0.78300600
6.105	0.78311852
6.110	0.78323089
6.115	0.78334312
6.120	0.78345521
6.125	0.78356715
6.130	0.78367895
6.135	0.78379061
6.140	0.78390212
6.145	0.78401349
6.150	0.78412472
6.155	0.78423581
6.160	0.78434676
6.165	0.78445756
6.170	0.78456822
6.175	0.78467874
6.180	0.78478913
6.185	0.78489937
6.190	0.78500947
6.195	0.78511943
6.200	0.78522925
6.205	0.78533894
6.210	0.78544848
6.215	0.78555789
6.220	0.78566716
6.225	0.78577629
6.230	0.78588528
6.235	0.78599413
6.240	0.78610285
6.245	0.78621143
6.250	0.78631988
6.255	0.78642819
6.260	0.78653636
6.265	0.78664439
6.270	0.78675229
6.275	0.78686006
6.280	0.78696769
6.285	0.78707518
6.290	0.78718254
6.295	0.78728977
6.300	0.78739686
6.305	0.78750382
6.310	0.78761065
6.315	0.78771734
6.320	0.78782390
6.325	0.78793033
6.330	0.78803662
6.335	0.78814279
6.340	0.78824882
6.345	0.78835471
6.350	0.78846048
6.355	0.78856612
6.360	0.78867162
6.365	0.78877700
6.370	0.78888224
6.375	0.78898736
6.380	0.78909234
6.385	0.78919720
6.390	0.78930193
6.395	0.78940652
6.400	0.78951099
6.405	0.78961533
6.410	0.78971954
6.415	0.78982363
6.420	0.78992758
6.425	0.79003141
6.430	0.79013511
6.435	0.79023868
6.440	0.79034213
6.445	0.79044545
6.450	0.79054864
6.455	0.79065171
6.460	0.79075465
6.465	0.79085747
6.470	0.79096016
6.475	0.79106273
6.480	0.79116517
6.485	0.79126748
6.490	0.79136968
6.495	0.79147174
6.500	0.79157369
6.505	0.79167551
6.510	0.79177720
6.515	0.79187878
6.520	0.79198023
6.525	0.79208155
6.530	0.79218276
6.535	0.79228384
6.540	0.79238480
6.545	0.79248564
6.550	0.79258636
6.555	0.79268695
6.560	0.79278743
6.565	0.79288778
6.570	0.79298802
6.575	0.79308813
6.580	0.79318812
6.585	0.79328800
6.590	0.79338775
6.595	0.79348738
6.600	0.79358690
6.605	0.79368629
6.610	0.79378557
6.615	0.79388472
6.620	0.79398376
6.625	0.79408268
6.630	0.79418149
6.635	0.79428017
6.640	0.79437874
6.645	0.79447719
6.650	0.79457552
6.655	0.79467374
6.660	0.79477184
6.665	0.79486982
6.670	0.79496769
6.675	0.79506544
6.680	0.79516308
6.685	0.79526060
6.690	0.79535800
6.695	0.79545529
6.700	0.79555247
6.705	0.79564953
6.710	0.79574647
6.715	0.79584330
6.720	0.79594002
6.725	0.79603662
6.730	0.79613311
6.735	0.79622949
6.740	0.79632575
6.745	0.79642190
6.750	0.79651794
6.755	0.79661387
6.760	0.79670968
6.765	0.79680538
6.770	0.79690097
6.775	0.79699644
6.780	0.79709181
6.785	0.79718706
6.790	0.79728220
6.795	0.79737724
6.800	0.79747216
6.805	0.79756697
6.810	0.79766167
6.815	0.79775626
6.820	0.79785074
6.825	0.79794511
6.830	0.79803937
6.835	0.79813352
6.840	0.79822756
6.845	0.79832150
6.850	0.79841532
6.855	0.79850904
6.860	0.79860265
6.865	0.79869615
6.870	0.79878954
6.875	0.79888282
6.880	0.79897600
6.885	0.79906907
6.890	0.79916203
6.895	0.79925489
6.900	0.79934764
6.905	0.79944028
6.910	0.79953282
6.915	0.79962525
6.920	0.79971757
6.925	0.79980979
6.930	0.79990190
6.935	0.79999391
6.940	0.80008581
6.945	0.80017761
6.950	0.80026930
6.955	0.80036089
6.960	0.80045237
6.965	0.80054375
6.970	0.80063502
6.975	0.80072619
6.980	0.80081726
6.985	0.80090822
6.990	0.80099908
6.995	0.80108984
7.000	0.80118050
7.005	0.80127105
7.010	0.80136150
7.015	0.80145184
7.020	0.80154209
7.025	0.80163223
7.030	0.80172227
7.035	0.80181221
7.040	0.80190205
7.045	0.80199178
7.050	0.80208142
7.055	0.80217095
7.060	0.80226038
7.065	0.80234972
7.070	0.80243895
7.075	0.80252808
7.080	0.80261711
7.085	0.80270604
7.090	0.80279488
7.095	0.80288361
7.100	0.80297224
7.105	0.80306078
7.110	0.80314921
7.115	0.80323755
7.120	0.80332579
7.125	0.80341393
7.130	0.80350197
7.135	0.80358991
7.140	0.80367776
7.145	0.80376551
7.150	0.80385316
7.155	0.80394071
7.160	0.80402816
7.165	0.80411552
7.170	0.80420278
7.175	0.80428995
7.180	0.80437702
7.185	0.80446399
7.190	0.80455086
7.195	0.80463764
7.200	0.80472432
7.205	0.80481091
7.210	0.80489740
7.215	0.80498380
7.220	0.80507010
7.225	0.80515631
7.230	0.80524242
7.235	0.80532844
7.240	0.80541436
7.245	0.80550019
7.250	0.80558592
7.255	0.80567156
7.260	0.80575711
7.265	0.80584256
7.270	0.80592792
7.275	0.80601318
7.280	0.80609835
7.285	0.80618343
7.290	0.80626842
7.295	0.80635331
7.300	0.80643811
7.305	0.80652282
7.310	0.80660744
7.315	0.80669196
7.320	0.80677639
7.325	0.80686073
7.330	0.80694498
7.335	0.80702913
7.340	0.80711320
7.345	0.80719717
7.350	0.80728106
7.355	0.80736485
7.360	0.80744855
7.365	0.80753216
7.370	0.80761568
7.375	0.80769911
7.380	0.80778245
7.385	0.80786570
7.390	0.80794886
7.395	0.80803193
7.400	0.80811491
7.405	0.80819781
7.410	0.80828061
7.415	0.80836332
7.420	0.80844595
7.425	0.80852848
7.430	0.80861093
7.435	0.80869329
7.440	0.80877556
7.445	0.80885774
7.450	0.80893984
7.455	0.80902185
7.460	0.80910377
7.465	0.80918560
7.470	0.80926734
7.475	0.80934900
7.480	0.80943057
7.485	0.80951205
7.490	0.80959345
7.495	0.80967476
7.500	0.80975598
7.505	0.80983712
7.510	0.80991817
7.515	0.80999913
7.520	0.81008001
7.525	0.81016081
7.530	0.81024151
7.535	0.81032214
7.540	0.81040267
7.545	0.81048312
7.550	0.81056349
7.555	0.81064377
7.560	0.81072397
7.565	0.81080408
7.570	0.81088411
7.575	0.81096405
7.580	0.81104391
7.585	0.81112369
7.590	0.81120338
7.595	0.81128298
7.600	0.81136251
7.605	0.81144195
7.610	0.81152131
7.615	0.81160058
7.620	0.81167977
7.625	0.81175888
7.630	0.81183790
7.635	0.81191684
7.640	0.81199570
7.645	0.81207448
7.650	0.81215318
7.655	0.81223179
7.660	0.81231032
7.665	0.81238877
7.670	0.81246714
7.675	0.81254542
7.680	0.81262363
7.685	0.81270175
7.690	0.81277979
7.695	0.81285775
7.700	0.81293563
7.705	0.81301343
7.710	0.81309115
7.715	0.81316879
7.720	0.81324635
7.725	0.81332382
7.730	0.81340122
7.735	0.81347854
7.740	0.81355578
7.745	0.81363293
7.750	0.81371001
7.755	0.81378701
7.760	0.81386393
7.765	0.81394077
7.770	0.81401753
7.775	0.81409421
7.780	0.81417082
7.785	0.81424734
7.790	0.81432379
7.795	0.81440016
7.800	0.81447645
7.805	0.81455266
7.810	0.81462879
7.815	0.81470485
7.820	0.81478082
7.825	0.81485672
7.830	0.81493255
7.835	0.81500829
7.840	0.81508396
7.845	0.81515955
7.850	0.81523506
7.855	0.81531050
7.860	0.81538586
7.865	0.81546114
7.870	0.81553635
7.875	0.81561148
7.880	0.81568653
7.885	0.81576151
7.890	0.81583641
7.895	0.81591124
7.900	0.81598599
7.905	0.81606066
7.910	0.81613526
7.915	0.81620979
7.920	0.81628423
7.925	0.81635861
7.930	0.81643290
7.935	0.81650713
7.940	0.81658128
7.945	0.81665535
7.950	0.81672935
7.955	0.81680327
7.960	0.81687712
7.965	0.81695090
7.970	0.81702460
7.975	0.81709823
7.980	0.81717178
7.985	0.81724526
7.990	0.81731867
7.995	0.81739200
8.000	0.81746526
8.005	0.81753844
8.010	0.81761156
8.015	0.81768460
8.020	0.81775756
8.025	0.81783046
8.030	0.81790328
8.035	0.81797603
8.040	0.81804870
8.045	0.81812131
8.050	0.81819384
8.055	0.81826630
8.060	0.81833869
8.065	0.81841100
8.070	0.81848325
8.075	0.81855542
8.080	0.81862752
8.085	0.81869955
8.090	0.81877150
8.095	0.81884339
8.100	0.81891521
8.105	0.81898695
8.110	0.81905862
8.115	0.81913023
8.120	0.81920176
8.125	0.81927322
8.130	0.81934461
8.135	0.81941593
8.140	0.81948718
8.145	0.81955836
8.150	0.81962947
8.155	0.81970051
8.160	0.81977148
8.165	0.81984238
8.170	0.81991322
8.175	0.81998398
8.180	0.82005467
8.185	0.82012529
8.190	0.82019585
8.195	0.82026633
8.200	0.82033675
8.205	0.82040710
8.210	0.82047737
8.215	0.82054758
8.220	0.82061773
8.225	0.82068780
8.230	0.82075780
8.235	0.82082774
8.240	0.82089761
8.245	0.82096741
8.250	0.82103714
8.255	0.82110681
8.260	0.82117640
8.265	0.82124593
8.270	0.82131540
8.275	0.82138479
8.280	0.82145412
8.285	0.82152338
8.290	0.82159257
8.295	0.82166170
8.300	0.82173076
8.305	0.82179975
8.310	0.82186868
8.315	0.82193754
8.320	0.82200633
8.325	0.82207506
8.330	0.82214372
8.335	0.82221231
8.340	0.82228084
8.345	0.82234931
8.350	0.82241770
8.355	0.82248603
8.360	0.82255430
8.365	0.82262250
8.370	0.82269063
8.375	0.82275870
8.380	0.82282671
8.385	0.82289465
8.390	0.82296252
8.395	0.82303033
8.400	0.82309808
8.405	0.82316576
8.410	0.82323337
8.415	0.82330092
8.420	0.82336841
8.425	0.82343583
8.430	0.82350319
8.435	0.82357048
8.440	0.82363771
8.445	0.82370488
8.450	0.82377198
8.455	0.82383901
8.460	0.82390599
8.465	0.82397290
8.470	0.82403975
8.475	0.82410653
8.480	0.82417325
8.485	0.82423991
8.490	0.82430650
8.495	0.82437304
8.500	0.82443950
8.505	0.82450591
8.510	0.82457225
8.515	0.82463853
8.520	0.82470475
8.525	0.82477091
8.530	0.82483700
8.535	0.82490303
8.540	0.82496900
8.545	0.82503491
8.550	0.82510075
8.555	0.82516654
8.560	0.82523226
8.565	0.82529792
8.570	0.82536351
8.575	0.82542905
8.580	0.82549453
8.585	0.82555994
8.590	0.82562529
8.595	0.82569059
8.600	0.82575582
8.605	0.82582099
8.610	0.82588609
8.615	0.82595114
8.620	0.82601613
8.625	0.82608106
8.630	0.82614592
8.635	0.82621073
8.640	0.82627547
8.645	0.82634016
8.650	0.82640479
8.655	0.82646935
8.660	0.82653386
8.665	0.82659830
8.670	0.82666269
8.675	0.82672701
8.680	0.82679128
8.685	0.82685549
8.690	0.82691963
8.695	0.82698372
8.700	0.82704775
8.705	0.82711172
8.710	0.82717563
8.715	0.82723948
8.720	0.82730328
8.725	0.82736701
8.730	0.82743068
8.735	0.82749430
8.740	0.82755786
8.745	0.82762136
8.750	0.82768480
8.755	0.82774818
8.760	0.82781151
8.765	0.82787477
8.770	0.82793798
8.775	0.82800113
8.780	0.82806423
8.785	0.82812726
8.790	0.82819024
8.795	0.82825316
8.800	0.82831602
8.805	0.82837883
8.810	0.82844157
8.815	0.82850426
8.820	0.82856690
8.825	0.82862947
8.830	0.82869199
8.835	0.82875445
8.840	0.82881686
8.845	0.82887920
8.850	0.82894150
8.855	0.82900373
8.860	0.82906591
8.865	0.82912803
8.870	0.82919010
8.875	0.82925210
8.880	0.82931406
8.885	0.82937595
8.890	0.82943779
8.895	0.82949958
8.900	0.82956131
8.905	0.82962298
8.910	0.82968460
8.915	0.82974616
8.920	0.82980767
8.925	0.82986912
8.930	0.82993051
8.935	0.82999185
8.940	0.83005314
8.945	0.83011437
8.950	0.83017554
8.955	0.83023666
8.960	0.83029772
8.965	0.83035873
8.970	0.83041969
8.975	0.83048059
8.980	0.83054143
8.985	0.83060222
8.990	0.83066296
8.995	0.83072364
9.000	0.83078427
9.005	0.83084484
9.010	0.83090536
9.015	0.83096583
9.020	0.83102624
9.025	0.83108660
9.030	0.83114690
9.035	0.83120715
9.040	0.83126735
9.045	0.83132749
9.050	0.83138758
9.055	0.83144761
9.060	0.83150759
9.065	0.83156752
9.070	0.83162740
9.075	0.83168722
9.080	0.83174699
9.085	0.83180671
9.090	0.83186637
9.095	0.83192598
9.100	0.83198554
9.105	0.83204504
9.110	0.83210449
9.115	0.83216389
9.120	0.83222324
9.125	0.83228254
9.130	0.83234178
9.135	0.83240097
9.140	0.83246011
9.145	0.83251919
9.150	0.83257823
9.155	0.83263721
9.160	0.83269614
9.165	0.83275502
9.170	0.83281384
9.175	0.83287262
9.180	0.83293134
9.185	0.83299001
9.190	0.83304863
9.195	0.83310720
9.200	0.83316572
9.205	0.83322418
9.210	0.83328260
9.215	0.83334096
9.220	0.83339927
9.225	0.83345754
9.230	0.83351575
9.235	0.83357391
9.240	0.83363202
9.245	0.83369007
9.250	0.83374808
9.255	0.83380604
9.260	0.83386395
9.265	0.83392180
9.270	0.83397961
9.275	0.83403737
9.280	0.83409507
9.285	0.83415273
9.290	0.83421033
9.295	0.83426789
9.300	0.83432539
9.305	0.83438285
9.310	0.83444025
9.315	0.83449761
9.320	0.83455492
9.325	0.83461217
9.330	0.83466938
9.335	0.83472654
9.340	0.83478365
9.345	0.83484071
9.350	0.83489772
9.355	0.83495468
9.360	0.83501159
9.365	0.83506845
9.370	0.83512527
9.375	0.83518203
9.380	0.83523875
9.385	0.83529542
9.390	0.83535204
9.395	0.83540861
9.400	0.83546513
9.405	0.83552160
9.410	0.83557803
9.415	0.83563440
9.420	0.83569073
9.425	0.83574701
9.430	0.83580324
9.435	0.83585943
9.440	0.83591556
9.445	0.83597165
9.450	0.83602769
9.455	0.83608368
9.460	0.83613962
9.465	0.83619552
9.470	0.83625137
9.475	0.83630717
9.480	0.83636292
9.485	0.83641863
9.490	0.83647429
9.495	0.83652990
9.500	0.83658546
9.505	0.83664098
9.510	0.83669645
9.515	0.83675187
9.520	0.83680725
9.525	0.83686258
9.530	0.83691786
9.535	0.83697309
9.540	0.83702828
9.545	0.83708342
9.550	0.83713852
9.555	0.83719357
9.560	0.83724857
9.565	0.83730353
9.570	0.83735843
9.575	0.83741330
9.580	0.83746811
9.585	0.83752288
9.590	0.83757761
9.595	0.83763229
9.600	0.83768692
9.605	0.83774151
9.610	0.83779605
9.615	0.83785054
9.620	0.83790499
9.625	0.83795939
9.630	0.83801375
9.635	0.83806806
9.640	0.83812233
9.645	0.83817655
9.650	0.83823073
9.655	0.83828486
9.660	0.83833894
9.665	0.83839298
9.670	0.83844698
9.675	0.83850093
9.680	0.83855483
9.685	0.83860869
9.690	0.83866250
9.695	0.83871627
9.700	0.83877000
9.705	0.83882368
9.710	0.83887732
9.715	0.83893091
9.720	0.83898445
9.725	0.83903796
9.730	0.83909141
9.735	0.83914483
9.740	0.83919820
9.745	0.83925152
9.750	0.83930480
9.755	0.83935804
9.760	0.83941123
9.765	0.83946438
9.770	0.83951748
9.775	0.83957054
9.780	0.83962356
9.785	0.83967653
9.790	0.83972946
9.795	0.83978235
9.800	0.83983519
9.805	0.83988799
9.810	0.83994074
9.815	0.83999345
9.820	0.84004612
9.825	0.84009874
9.830	0.84015133
9.835	0.84020386
9.840	0.84025636
9.845	0.84030881
9.850	0.84036122
9.855	0.84041358
9.860	0.84046591
9.865	0.84051819
9.870	0.84057042
9.875	0.84062262
9.880	0.84067477
9.885	0.84072688
9.890	0.84077895
9.895	0.84083097
9.900	0.84088295
9.905	0.84093489
9.910	0.84098679
9.915	0.84103864
9.920	0.84109045
9.925	0.84114222
9.930	0.84119395
9.935	0.84124564
9.940	0.84129728
9.945	0.84134888
9.950	0.84140044
9.955	0.84145196
9.960	0.84150343
9.965	0.84155487
9.970	0.84160626
9.975	0.84165761
9.980	0.84170892
9.985	0.84176019
9.990	0.84181141
9.995	0.84186260
10.000	0.84191374
10.005	0.84196484
10.010	0.84201590
10.015	0.84206692
10.020	0.84211790
10.025	0.84216884
10.030	0.84221973
10.035	0.84227059
10.040	0.84232140
10.045	0.84237217
10.050	0.84242291
10.055	0.84247360
10.060	0.84252425
10.065	0.84257486
10.070	0.84262543
10.075	0.84267596
10.080	0.84272644
10.085	0.84277689
10.090	0.84282730
10.095	0.84287766
10.100	0.84292799
10.105	0.84297828
10.110	0.84302852
10.115	0.84307873
10.120	0.84312889
10.125	0.84317902
10.130	0.84322910
10.135	0.84327915
10.140	0.84332915
10.145	0.84337912
10.150	0.84342904
10.155	0.84347893
10.160	0.84352878
10.165	0.84357858
10.170	0.84362835
10.175	0.84367808
10.180	0.84372776
10.185	0.84377741
10.190	0.84382702
10.195	0.84387659
10.200	0.84392612
10.205	0.84397561
10.210	0.84402506
10.215	0.84407447
10.220	0.84412385
10.225	0.84417318
10.230	0.84422248
10.235	0.84427173
10.240	0.84432095
10.245	0.84437013
10.250	0.84441927
10.255	0.84446837
10.260	0.84451743
10.265	0.84456645
10.270	0.84461544
10.275	0.84466438
10.280	0.84471329
10.285	0.84476216
10.290	0.84481099
10.295	0.84485978
10.300	0.84490853
10.305	0.84495725
10.310	0.84500593
10.315	0.84505457
10.320	0.84510317
10.325	0.84515173
10.330	0.84520025
10.335	0.84524874
10.340	0.84529719
10.345	0.84534560
10.350	0.84539397
10.355	0.84544231
10.360	0.84549060
10.365	0.84553886
10.370	0.84558708
10.375	0.84563527
10.380	0.84568341
10.385	0.84573152
10.390	0.84577960
10.395	0.84582763
10.400	0.84587563
10.405	0.84592358
10.410	0.84597151
10.415	0.84601939
10.420	0.84606724
10.425	0.84611505
10.430	0.84616282
10.435	0.84621056
10.440	0.84625826
10.445	0.84630592
10.450	0.84635354
10.455	0.84640113
10.460	0.84644868
10.465	0.84649620
10.470	0.84654368
10.475	0.84659112
10.480	0.84663852
10.485	0.84668589
10.490	0.84673322
10.495	0.84678051
10.500	0.84682777
10.505	0.84687499
10.510	0.84692218
10.515	0.84696933
10.520	0.84701644
10.525	0.84706352
10.530	0.84711056
10.535	0.84715756
10.540	0.84720453
10.545	0.84725146
10.550	0.84729835
10.555	0.84734521
10.560	0.84739204
10.565	0.84743883
10.570	0.84748558
10.575	0.84753229
10.580	0.84757897
10.585	0.84762562
10.590	0.84767223
10.595	0.84771880
10.600	0.84776534
10.605	0.84781184
10.610	0.84785831
10.615	0.84790474
10.620	0.84795113
10.625	0.84799749
10.630	0.84804382
10.635	0.84809011
10.640	0.84813636
10.645	0.84818258
10.650	0.84822876
10.655	0.84827491
10.660	0.84832103
10.665	0.84836711
10.670	0.84841315
10.675	0.84845916
10.680	0.84850513
10.685	0.84855107
10.690	0.84859697
10.695	0.84864284
10.700	0.84868868
10.705	0.84873448
10.710	0.84878024
10.715	0.84882597
10.720	0.84887167
10.725	0.84891733
10.730	0.84896296
10.735	0.84900855
10.740	0.84905411
10.745	0.84909963
10.750	0.84914512
10.755	0.84919057
10.760	0.84923599
10.765	0.84928138
10.770	0.84932673
10.775	0.84937205
10.780	0.84941734
10.785	0.84946259
10.790	0.84950780
10.795	0.84955298
10.800	0.84959813
10.805	0.84964325
10.810	0.84968833
10.815	0.84973337
10.820	0.84977839
10.825	0.84982337
10.830	0.84986831
10.835	0.84991322
10.840	0.84995810
10.845	0.85000295
10.850	0.85004776
10.855	0.85009253
10.860	0.85013728
10.865	0.85018199
10.870	0.85022667
10.875	0.85027131
10.880	0.85031592
10.885	0.85036050
10.890	0.85040504
10.895	0.85044955
10.900	0.85049403
10.905	0.85053848
10.910	0.85058289
10.915	0.85062727
10.920	0.85067161
10.925	0.85071593
10.930	0.85076021
10.935	0.85080445
10.940	0.85084867
10.945	0.85089285
10.950	0.85093700
10.955	0.85098112
10.960	0.85102520
10.965	0.85106925
10.970	0.85111327
10.975	0.85115726
10.980	0.85120121
10.985	0.85124513
10.990	0.85128902
10.995	0.85133287
11.000	0.85137670
11.005	0.85142049
11.010	0.85146425
11.015	0.85150798
11.020	0.85155167
11.025	0.85159533
11.030	0.85163896
11.035	0.85168256
11.040	0.85172613
11.045	0.85176966
11.050	0.85181317
11.055	0.85185664
11.060	0.85190007
11.065	0.85194348
11.070	0.85198686
11.075	0.85203020
11.080	0.85207351
11.085	0.85211679
11.090	0.85216004
11.095	0.85220325
11.100	0.85224644
11.105	0.85228959
11.110	0.85233271
11.115	0.85237580
11.120	0.85241886
11.125	0.85246189
11.130	0.85250489
11.135	0.85254785
11.140	0.85259078
11.145	0.85263369
11.150	0.85267656
11.155	0.85271940
11.160	0.85276221
11.165	0.85280498
11.170	0.85284773
11.175	0.85289044
11.180	0.85293313
11.185	0.85297578
11.190	0.85301840
11.195	0.85306100
11.200	0.85310356
11.205	0.85314609
11.210	0.85318858
11.215	0.85323105
11.220	0.85327349
11.225	0.85331590
11.230	0.85335827
11.235	0.85340062
11.240	0.85344293
11.245	0.85348522
11.250	0.85352747
11.255	0.85356969
11.260	0.85361189
11.265	0.85365405
11.270	0.85369618
11.275	0.85373828
11.280	0.85378035
11.285	0.85382239
11.290	0.85386441
11.295	0.85390639
11.300	0.85394834
11.305	0.85399026
11.310	0.85403215
11.315	0.85407401
11.320	0.85411584
11.325	0.85415764
11.330	0.85419941
11.335	0.85424115
11.340	0.85428286
11.345	0.85432454
11.350	0.85436619
11.355	0.85440781
11.360	0.85444940
11.365	0.85449096
11.370	0.85453250
11.375	0.85457400
11.380	0.85461547
11.385	0.85465691
11.390	0.85469833
11.395	0.85473971
11.400	0.85478106
11.405	0.85482239
11.410	0.85486369
11.415	0.85490495
11.420	0.85494619
11.425	0.85498740
11.430	0.85502857
11.435	0.85506972
11.440	0.85511084
11.445	0.85515193
11.450	0.85519299
11.455	0.85523403
11.460	0.85527503
11.465	0.85531600
11.470	0.85535695
11.475	0.85539786
11.480	0.85543875
11.485	0.85547961
11.490	0.85552044
11.495	0.85556124
11.500	0.85560201
11.505	0.85564275
11.510	0.85568347
11.515	0.85572415
11.520	0.85576481
11.525	0.85580544
11.530	0.85584604
11.535	0.85588661
11.540	0.85592715
11.545	0.85596766
11.550	0.85600815
11.555	0.85604861
11.560	0.85608903
11.565	0.85612943
11.570	0.85616981
11.575	0.85621015
11.580	0.85625046
11.585	0.85629075
11.590	0.85633101
11.595	0.85637124
11.600	0.85641144
11.605	0.85645161
11.610	0.85649176
11.615	0.85653188
11.620	0.85657197
11.625	0.85661203
11.630	0.85665206
11.635	0.85669207
11.640	0.85673205
11.645	0.85677200
11.650	0.85681192
11.655	0.85685181
11.660	0.85689168
11.665	0.85693152
11.670	0.85697133
11.675	0.85701111
11.680	0.85705087
11.685	0.85709059
11.690	0.85713029
11.695	0.85716997
11.700	0.85720961
11.705	0.85724923
11.710	0.85728882
11.715	0.85732838
11.720	0.85736791
11.725	0.85740742
11.730	0.85744690
11.735	0.85748636
11.740	0.85752578
11.745	0.85756518
11.750	0.85760455
11.755	0.85764389
11.760	0.85768321
11.765	0.85772250
11.770	0.85776176
11.775	0.85780100
11.780	0.85784020
11.785	0.85787939
11.790	0.85791854
11.795	0.85795767
11.800	0.85799677
11.805	0.85803584
11.810	0.85807489
11.815	0.85811391
11.820	0.85815290
11.825	0.85819186
11.830	0.85823080
11.835	0.85826971
11.840	0.85830860
11.845	0.85834746
11.850	0.85838629
11.855	0.85842510
11.860	0.85846388
11.865	0.85850263
11.870	0.85854135
11.875	0.85858005
11.880	0.85861873
11.885	0.85865737
11.890	0.85869599
11.895	0.85873458
11.900	0.85877315
11.905	0.85881169
11.910	0.85885021
11.915	0.85888869
11.920	0.85892716
11.925	0.85896559
11.930	0.85900400
11.935	0.85904239
11.940	0.85908074
11.945	0.85911907
11.950	0.85915738
11.955	0.85919566
11.960	0.85923391
11.965	0.85927214
11.970	0.85931034
11.975	0.85934851
11.980	0.85938666
11.985	0.85942478
11.990	0.85946288
11.995	0.85950095
12.000	0.85953900
12.005	0.85957702
12.010	0.85961501
12.015	0.85965298
12.020	0.85969092
12.025	0.85972884
12.030	0.85976673
12.035	0.85980460
12.040	0.85984244
12.045	0.85988025
12.050	0.85991804
12.055	0.85995581
12.060	0.85999354
12.065	0.86003126
12.070	0.86006894
12.075	0.86010661
12.080	0.86014424
12.085	0.86018185
12.090	0.86021944
12.095	0.86025700
12.100	0.86029453
12.105	0.86033204
12.110	0.86036953
12.115	0.86040699
12.120	0.86044442
12.125	0.86048183
12.130	0.86051922
12.135	0.86055658
12.140	0.86059391
12.145	0.86063122
12.150	0.86066851
12.155	0.86070576
12.160	0.86074300
12.165	0.86078021
12.170	0.86081739
12.175	0.86085455
12.180	0.86089169
12.185	0.86092880
12.190	0.86096588
12.195	0.86100294
12.200	0.86103998
12.205	0.86107699
12.210	0.86111398
12.215	0.86115094
12.220	0.86118788
12.225	0.86122479
12.230	0.86126168
12.235	0.86129854
12.240	0.86133538
12.245	0.86137220
12.250	0.86140899
12.255	0.86144575
12.260	0.86148249
12.265	0.86151921
12.270	0.86155590
12.275	0.86159257
12.280	0.86162921
12.285	0.86166583
12.290	0.86170243
12.295	0.86173900
12.300	0.86177555
12.305	0.86181207
12.310	0.86184857
12.315	0.86188504
12.320	0.86192149
12.325	0.86195792
12.330	0.86199432
12.335	0.86203070
12.340	0.86206706
12.345	0.86210339
12.350	0.86213969
12.355	0.86217598
12.360	0.86221223
12.365	0.86224847
12.370	0.86228468
12.375	0.86232087
12.380	0.86235703
12.385	0.86239317
12.390	0.86242929
12.395	0.86246538
12.400	0.86250145
12.405	0.86253749
12.410	0.86257351
12.415	0.86260951
12.420	0.86264548
12.425	0.86268143
12.430	0.86271736
12.435	0.86275326
12.440	0.86278914
12.445	0.86282500
12.450	0.86286083
12.455	0.86289664
12.460	0.86293243
12.465	0.86296819
12.470	0.86300393
12.475	0.86303965
12.480	0.86307534
12.485	0.86311101
12.490	0.86314665
12.495	0.86318228
12.500	0.86321788
12.505	0.86325345
12.510	0.86328901
12.515	0.86332454
12.520	0.86336004
12.525	0.86339553
12.530	0.86343099
12.535	0.86346643
12.540	0.86350184
12.545	0.86353723
12.550	0.86357260
12.555	0.86360795
12.560	0.86364327
12.565	0.86367857
12.570	0.86371385
12.575	0.86374910
12.580	0.86378434
12.585	0.86381954
12.590	0.86385473
12.595	0.86388989
12.600	0.86392503
12.605	0.86396015
12.610	0.86399525
12.615	0.86403032
12.620	0.86406537
12.625	0.86410040
12.630	0.86413540
12.635	0.86417039
12.640	0.86420534
12.645	0.86424028
12.650	0.86427520
12.655	0.86431009
12.660	0.86434496
12.665	0.86437981
12.670	0.86441463
12.675	0.86444943
12.680	0.86448421
12.685	0.86451897
12.690	0.86455371
12.695	0.86458842
12.700	0.86462311
12.705	0.86465778
12.710	0.86469243
12.715	0.86472705
12.720	0.86476165
12.725	0.86479623
12.730	0.86483079
12.735	0.86486533
12.740	0.86489984
12.745	0.86493433
12.750	0.86496880
12.755	0.86500325
12.760	0.86503768
12.765	0.86507208
12.770	0.86510646
12.775	0.86514082
12.780	0.86517516
12.785	0.86520947
12.790	0.86524377
12.795	0.86527804
12.800	0.86531229
12.805	0.86534652
12.810	0.86538073
12.815	0.86541491
12.820	0.86544908
12.825	0.86548322
12.830	0.86551734
12.835	0.86555144
12.840	0.86558551
12.845	0.86561957
12.850	0.86565360
12.855	0.86568761
12.860	0.86572160
12.865	0.86575557
12.870	0.86578952
12.875	0.86582345
12.880	0.86585735
12.885	0.86589123
12.890	0.86592510
12.895	0.86595894
12.900	0.86599276
12.905	0.86602655
12.910	0.86606033
12.915	0.86609408
12.920	0.86612782
12.925	0.86616153
12.930	0.86619522
12.935	0.86622889
12.940	0.86626254
12.945	0.86629617
12.950	0.86632977
12.955	0.86636336
12.960	0.86639692
12.965	0.86643047
12.970	0.86646399
12.975	0.86649749
12.980	0.86653097
12.985	0.86656443
12.990	0.86659786
12.995	0.86663128
13.000	0.86666468
13.005	0.86669805
13.010	0.86673141
13.015	0.86676474
13.020	0.86679805
13.025	0.86683134
13.030	0.86686461
13.035	0.86689786
13.040	0.86693109
13.045	0.86696430
13.050	0.86699749
13.055	0.86703066
13.060	0.86706380
13.065	0.86709693
13.070	0.86713003
13.075	0.86716312
13.080	0.86719618
13.085	0.86722922
13.090	0.86726225
13.095	0.86729525
13.100	0.86732823
13.105	0.86736119
13.110	0.86739413
13.115	0.86742705
13.120	0.86745995
13.125	0.86749283
13.130	0.86752569
13.135	0.86755852
13.140	0.86759134
13.145	0.86762414
13.150	0.86765692
13.155	0.86768967
13.160	0.86772241
13.165	0.86775513
13.170	0.86778782
13.175	0.86782050
13.180	0.86785315
13.185	0.86788579
13.190	0.86791840
13.195	0.86795100
13.200	0.86798357
13.205	0.86801613
13.210	0.86804866
13.215	0.86808118
13.220	0.86811367
13.225	0.86814615
13.230	0.86817860
13.235	0.86821104
13.240	0.86824345
13.245	0.86827584
13.250	0.86830822
13.255	0.86834057
13.260	0.86837291
13.265	0.86840522
13.270	0.86843752
13.275	0.86846979
13.280	0.86850205
13.285	0.86853428
13.290	0.86856650
13.295	0.86859870
13.300	0.86863087
13.305	0.86866303
13.310	0.86869517
13.315	0.86872728
13.320	0.86875938
13.325	0.86879146
13.330	0.86882352
13.335	0.86885556
13.340	0.86888758
13.345	0.86891958
13.350	0.86895156
13.355	0.86898352
13.360	0.86901546
13.365	0.86904738
13.370	0.86907928
13.375	0.86911116
13.380	0.86914303
13.385	0.86917487
13.390	0.86920669
13.395	0.86923850
13.400	0.86927029
13.405	0.86930205
13.410	0.86933380
13.415	0.86936553
13.420	0.86939723
13.425	0.86942892
13.430	0.86946059
13.435	0.86949224
13.440	0.86952388
13.445	0.86955549
13.450	0.86958708
13.455	0.86961866
13.460	0.86965021
13.465	0.86968175
13.470	0.86971326
13.475	0.86974476
13.480	0.86977624
13.485	0.86980770
13.490	0.86983914
13.495	0.86987056
13.500	0.86990196
13.505	0.86993335
13.510	0.86996471
13.515	0.86999606
13.520	0.87002738
13.525	0.87005869
13.530	0.87008998
13.535	0.87012125
13.540	0.87015250
13.545	0.87018373
13.550	0.87021495
13.555	0.87024614
13.560	0.87027732
13.565	0.87030847
13.570	0.87033961
13.575	0.87037073
13.580	0.87040183
13.585	0.87043292
13.590	0.87046398
13.595	0.87049503
13.600	0.87052605
13.605	0.87055706
13.610	0.87058805
13.615	0.87061902
13.620	0.87064997
13.625	0.87068091
13.630	0.87071182
13.635	0.87074272
13.640	0.87077360
13.645	0.87080446
13.650	0.87083530
13.655	0.87086612
13.660	0.87089693
13.665	0.87092771
13.670	0.87095848
13.675	0.87098923
13.680	0.87101996
13.685	0.87105067
13.690	0.87108137
13.695	0.87111204
13.700	0.87114270
13.705	0.87117334
13.710	0.87120396
13.715	0.87123456
13.720	0.87126515
13.725	0.87129572
13.730	0.87132627
13.735	0.87135680
13.740	0.87138731
13.745	0.87141780
13.750	0.87144828
13.755	0.87147874
13.760	0.87150918
13.765	0.87153960
13.770	0.87157000
13.775	0.87160039
13.780	0.87163076
13.785	0.87166111
13.790	0.87169144
13.795	0.87172175
13.800	0.87175205
13.805	0.87178233
13.810	0.87181259
13.815	0.87184283
13.820	0.87187305
13.825	0.87190326
13.830	0.87193345
13.835	0.87196362
13.840	0.87199377
13.845	0.87202391
13.850	0.87205403
13.855	0.87208413
13.860	0.87211421
13.865	0.87214427
13.870	0.87217432
13.875	0.87220435
13.880	0.87223436
13.885	0.87226436
13.890	0.87229433
13.895	0.87232429
13.900	0.87235423
13.905	0.87238415
13.910	0.87241406
13.915	0.87244395
13.920	0.87247382
13.925	0.87250367
13.930	0.87253351
13.935	0.87256333
13.940	0.87259313
13.945	0.87262291
13.950	0.87265268
13.955	0.87268243
13.960	0.87271216
13.965	0.87274187
13.970	0.87277157
13.975	0.87280125
13.980	0.87283091
13.985	0.87286055
13.990	0.87289018
13.995	0.87291979
14.000	0.87294938
14.005	0.87297896
14.010	0.87300852
14.015	0.87303806
14.020	0.87306758
14.025	0.87309709
14.030	0.87312658
14.035	0.87315605
14.040	0.87318551
14.045	0.87321494
14.050	0.87324437
14.055	0.87327377
14.060	0.87330316
14.065	0.87333253
14.070	0.87336188
14.075	0.87339121
14.080	0.87342053
14.085	0.87344984
14.090	0.87347912
14.095	0.87350839
14.100	0.87353764
14.105	0.87356687
14.110	0.87359609
14.115	0.87362529
14.120	0.87365447
14.125	0.87368364
14.130	0.87371279
14.135	0.87374192
14.140	0.87377104
14.145	0.87380014
14.150	0.87382922
14.155	0.87385828
14.160	0.87388733
14.165	0.87391636
14.170	0.87394538
14.175	0.87397438
14.180	0.87400336
14.185	0.87403232
14.190	0.87406127
14.195	0.87409020
14.200	0.87411912
14.205	0.87414802
14.210	0.87417690
14.215	0.87420577
14.220	0.87423461
14.225	0.87426345
14.230	0.87429226
14.235	0.87432106
14.240	0.87434984
14.245	0.87437861
14.250	0.87440736
14.255	0.87443609
14.260	0.87446481
14.265	0.87449351
14.270	0.87452219
14.275	0.87455086
14.280	0.87457951
14.285	0.87460815
14.290	0.87463676
14.295	0.87466537
14.300	0.87469395
14.305	0.87472252
14.310	0.87475107
14.315	0.87477961
14.320	0.87480813
14.325	0.87483664
14.330	0.87486512
14.335	0.87489360
14.340	0.87492205
14.345	0.87495049
14.350	0.87497891
14.355	0.87500732
14.360	0.87503571
14.365	0.87506409
14.370	0.87509244
14.375	0.87512079
14.380	0.87514911
14.385	0.87517742
14.390	0.87520572
14.395	0.87523399
14.400	0.87526226
14.405	0.87529050
14.410	0.87531873
14.415	0.87534695
14.420	0.87537514
14.425	0.87540333
14.430	0.87543149
14.435	0.87545964
14.440	0.87548778
14.445	0.87551590
14.450	0.87554400
14.455	0.87557208
14.460	0.87560016
14.465	0.87562821
14.470	0.87565625
14.475	0.87568427
14.480	0.87571228
14.485	0.87574027
14.490	0.87576825
14.495	0.87579621
14.500	0.87582415
14.505	0.87585208
14.510	0.87587999
14.515	0.87590789
14.520	0.87593577
14.525	0.87596364
14.530	0.87599149
14.535	0.87601932
14.540	0.87604714
14.545	0.87607494
14.550	0.87610273
14.555	0.87613050
14.560	0.87615826
14.565	0.87618600
14.570	0.87621373
14.575	0.87624144
14.580	0.87626913
14.585	0.87629681
14.590	0.87632447
14.595	0.87635212
14.600	0.87637975
14.605	0.87640737
14.610	0.87643497
14.615	0.87646256
14.620	0.87649013
14.625	0.87651768
14.630	0.87654522
14.635	0.87657274
14.640	0.87660025
14.645	0.87662775
14.650	0.87665523
14.655	0.87668269
14.660	0.87671014
14.665	0.87673757
14.670	0.87676499
14.675	0.87679239
14.680	0.87681977
14.685	0.87684715
14.690	0.87687450
14.695	0.87690184
14.700	0.87692917
14.705	0.87695648
14.710	0.87698377
14.715	0.87701105
14.720	0.87703832
14.725	0.87706557
14.730	0.87709280
14.735	0.87712002
14.740	0.87714723
14.745	0.87717442
14.750	0.87720159
14.755	0.87722875
14.760	0.87725590
14.765	0.87728302
14.770	0.87731014
14.775	0.87733724
14.780	0.87736432
14.785	0.87739139
14.790	0.87741845
14.795	0.87744549
14.800	0.87747251
14.805	0.87749952
14.810	0.87752651
14.815	0.87755349
14.820	0.87758046
14.825	0.87760741
14.830	0.87763434
14.835	0.87766127
14.840	0.87768817
14.845	0.87771506
14.850	0.87774194
14.855	0.87776880
14.860	0.87779565
14.865	0.87782248
14.870	0.87784929
14.875	0.87787610
14.880	0.87790288
14.885	0.87792966
14.890	0.87795641
14.895	0.87798316
14.900	0.87800989
14.905	0.87803660
14.910	0.87806330
14.915	0.87808998
14.920	0.87811665
14.925	0.87814331
14.930	0.87816995
14.935	0.87819658
14.940	0.87822319
14.945	0.87824979
14.950	0.87827637
14.955	0.87830294
14.960	0.87832949
14.965	0.87835603
14.970	0.87838255
14.975	0.87840906
14.980	0.87843556
14.985	0.87846204
14.990	0.87848851
14.995	0.87851496
15.000	0.87854140
15.005	0.87856782
15.010	0.87859423
15.015	0.87862063
15.020	0.87864701
15.025	0.87867337
15.030	0.87869972
15.035	0.87872606
15.040	0.87875239
15.045	0.87877869
15.050	0.87880499
15.055	0.87883127
15.060	0.87885754
15.065	0.87888379
15.070	0.87891002
15.075	0.87893625
15.080	0.87896246
15.085	0.87898865
15.090	0.87901483
15.095	0.87904100
15.100	0.87906715
15.105	0.87909329
15.110	0.87911941
15.115	0.87914552
15.120	0.87917162
15.125	0.87919770
15.130	0.87922377
15.135	0.87924982
15.140	0.87927586
15.145	0.87930189
15.150	0.87932790
15.155	0.87935389
15.160	0.87937988
15.165	0.87940585
15.170	0.87943180
15.175	0.87945774
15.180	0.87948367
15.185	0.87950958
15.190	0.87953548
15.195	0.87956137
15.200	0.87958724
15.205	0.87961310
15.210	0.87963894
15.215	0.87966477
15.220	0.87969059
15.225	0.87971639
15.230	0.87974218
15.235	0.87976795
15.240	0.87979371
15.245	0.87981946
15.250	0.87984519
15.255	0.87987091
15.260	0.87989662
15.265	0.87992231
15.270	0.87994799
15.275	0.87997365
15.280	0.87999930
15.285	0.88002494
15.290	0.88005056
15.295	0.88007617
15.300	0.88010177
15.305	0.88012735
15.310	0.88015292
15.315	0.88017847
15.320	0.88020401
15.325	0.88022954
15.330	0.88025505
15.335	0.88028055
15.340	0.88030604
15.345	0.88033151
15.350	0.88035697
15.355	0.88038242
15.360	0.88040785
15.365	0.88043327
15.370	0.88045867
15.375	0.88048406
15.380	0.88050944
15.385	0.88053481
15.390	0.88056016
15.395	0.88058550
15.400	0.88061082
15.405	0.88063613
15.410	0.88066143
15.415	0.88068671
15.420	0.88071198
15.425	0.88073724
15.430	0.88076248
15.435	0.88078771
15.440	0.88081293
15.445	0.88083813
15.450	0.88086333
15.455	0.88088850
15.460	0.88091367
15.465	0.88093882
15.470	0.88096395
15.475	0.88098908
15.480	0.88101419
15.485	0.88103928
15.490	0.88106437
15.495	0.88108944
15.500	0.88111450
15.505	0.88113954
15.510	0.88116457
15.515	0.88118959
15.520	0.88121460
15.525	0.88123959
15.530	0.88126457
15.535	0.88128953
15.540	0.88131448
15.545	0.88133942
15.550	0.88136435
15.555	0.88138926
15.560	0.88141416
15.565	0.88143905
15.570	0.88146392
15.575	0.88148878
15.580	0.88151363
15.585	0.88153846
15.590	0.88156328
15.595	0.88158809
15.600	0.88161289
15.605	0.88163767
15.610	0.88166244
15.615	0.88168719
15.620	0.88171194
15.625	0.88173667
15.630	0.88176139
15.635	0.88178609
15.640	0.88181078
15.645	0.88183546
15.650	0.88186013
15.655	0.88188478
15.660	0.88190942
15.665	0.88193405
15.670	0.88195866
15.675	0.88198326
15.680	0.88200785
15.685	0.88203243
15.690	0.88205699
15.695	0.88208154
15.700	0.88210608
15.705	0.88213060
15.710	0.88215511
15.715	0.88217961
15.720	0.88220410
15.725	0.88222857
15.730	0.88225303
15.735	0.88227748
15.740	0.88230192
15.745	0.88232634
15.750	0.88235075
15.755	0.88237515
15.760	0.88239953
15.765	0.88242390
15.770	0.88244826
15.775	0.88247261
15.780	0.88249694
15.785	0.88252126
15.790	0.88254557
15.795	0.88256987
15.800	0.88259415
15.805	0.88261843
15.810	0.88264268
15.815	0.88266693
15.820	0.88269116
15.825	0.88271538
15.830	0.88273959
15.835	0.88276379
15.840	0.88278797
15.845	0.88281214
15.850	0.88283630
15.855	0.88286045
15.860	0.88288458
15.865	0.88290870
15.870	0.88293281
15.875	0.88295691
15.880	0.88298099
15.885	0.88300506
15.890	0.88302912
15.895	0.88305317
15.900	0.88307720
15.905	0.88310122
15.910	0.88312523
15.915	0.88314923
15.920	0.88317322
15.925	0.88319719
15.930	0.88322115
15.935	0.88324510
15.940	0.88326903
15.945	0.88329296
15.950	0.88331687
15.955	0.88334077
15.960	0.88336465
15.965	0.88338853
15.970	0.88341239
15.975	0.88343624
15.980	0.88346008
15.985	0.88348390
15.990	0.88350771
15.995	0.88353152
16.000	0.88355530
16.005	0.88357908
16.010	0.88360285
16.015	0.88362660
16.020	0.88365034
16.025	0.88367407
16.030	0.88369778
16.035	0.88372149
16.040	0.88374518
16.045	0.88376886
16.050	0.88379253
16.055	0.88381618
16.060	0.88383983
16.065	0.88386346
16.070	0.88388708
16.075	0.88391068
16.080	0.88393428
16.085	0.88395786
16.090	0.88398143
16.095	0.88400499
16.100	0.88402854
16.105	0.88405208
16.110	0.88407560
16.115	0.88409911
16.120	0.88412261
16.125	0.88414610
16.130	0.88416958
16.135	0.88419304
16.140	0.88421649
16.145	0.88423993
16.150	0.88426336
16.155	0.88428678
16.160	0.88431018
16.165	0.88433357
16.170	0.88435695
16.175	0.88438032
16.180	0.88440368
16.185	0.88442703
16.190	0.88445036
16.195	0.88447368
16.200	0.88449699
16.205	0.88452029
16.210	0.88454358
16.215	0.88456685
16.220	0.88459011
16.225	0.88461336
16.230	0.88463660
16.235	0.88465983
16.240	0.88468305
16.245	0.88470625
16.250	0.88472945
16.255	0.88475263
16.260	0.88477580
16.265	0.88479895
16.270	0.88482210
16.275	0.88484523
16.280	0.88486836
16.285	0.88489147
16.290	0.88491457
16.295	0.88493765
16.300	0.88496073
16.305	0.88498380
16.310	0.88500685
16.315	0.88502989
16.320	0.88505292
16.325	0.88507594
16.330	0.88509895
16.335	0.88512194
16.340	0.88514492
16.345	0.88516790
16.350	0.88519086
16.355	0.88521381
16.360	0.88523675
16.365	0.88525967
16.370	0.88528259
16.375	0.88530549
16.380	0.88532838
16.385	0.88535126
16.390	0.88537413
16.395	0.88539699
16.400	0.88541984
16.405	0.88544267
16.410	0.88546549
16.415	0.88548831
16.420	0.88551111
16.425	0.88553390
16.430	0.88555667
16.435	0.88557944
16.440	0.88560220
16.445	0.88562494
16.450	0.88564767
16.455	0.88567040
16.460	0.88569311
16.465	0.88571580
16.470	0.88573849
16.475	0.88576117
16.480	0.88578383
16.485	0.88580649
16.490	0.88582913
16.495	0.88585176
16.500	0.88587438
16.505	0.88589699
16.510	0.88591959
16.515	0.88594217
16.520	0.88596475
16.525	0.88598731
16.530	0.88600987
16.535	0.88603241
16.540	0.88605494
16.545	0.88607746
16.550	0.88609996
16.555	0.88612246
16.560	0.88614495
16.565	0.88616742
16.570	0.88618989
16.575	0.88621234
16.580	0.88623478
16.585	0.88625721
16.590	0.88627963
16.595	0.88630204
16.600	0.88632444
16.605	0.88634682
16.610	0.88636920
16.615	0.88639156
16.620	0.88641391
16.625	0.88643626
16.630	0.88645859
16.635	0.88648091
16.640	0.88650322
16.645	0.88652552
16.650	0.88654780
16.655	0.88657008
16.660	0.88659234
16.665	0.88661460
16.670	0.88663684
16.675	0.88665907
16.680	0.88668130
16.685	0.88670351
16.690	0.88672571
16.695	0.88674789
16.700	0.88677007
16.705	0.88679224
16.710	0.88681440
16.715	0.88683654
16.720	0.88685868
16.725	0.88688080
16.730	0.88690291
16.735	0.88692501
16.740	0.88694711
16.745	0.88696919
16.750	0.88699126
16.755	0.88701332
16.760	0.88703536
16.765	0.88705740
16.770	0.88707943
16.775	0.88710144
16.780	0.88712345
16.785	0.88714544
16.790	0.88716743
16.795	0.88718940
16.800	0.88721136
16.805	0.88723331
16.810	0.88725525
16.815	0.88727718
16.820	0.88729910
16.825	0.88732101
16.830	0.88734291
16.835	0.88736480
16.840	0.88738667
16.845	0.88740854
16.850	0.88743039
16.855	0.88745224
16.860	0.88747407
16.865	0.88749590
16.870	0.88751771
16.875	0.88753951
16.880	0.88756131
16.885	0.88758309
16.890	0.88760486
16.895	0.88762662
16.900	0.88764837
16.905	0.88767011
16.910	0.88769183
16.915	0.88771355
16.920	0.88773526
16.925	0.88775696
16.930	0.88777864
16.935	0.88780032
16.940	0.88782199
16.945	0.88784364
16.950	0.88786529
16.955	0.88788692
16.960	0.88790854
16.965	0.88793016
16.970	0.88795176
16.975	0.88797335
16.980	0.88799493
16.985	0.88801650
16.990	0.88803807
16.995	0.88805962
17.000	0.88808116
17.005	0.88810269
17.010	0.88812421
17.015	0.88814572
17.020	0.88816722
17.025	0.88818870
17.030	0.88821018
17.035	0.88823165
17.040	0.88825311
17.045	0.88827455
17.050	0.88829599
17.055	0.88831742
17.060	0.88833884
17.065	0.88836024
17.070	0.88838164
17.075	0.88840302
17.080	0.88842440
17.085	0.88844576
17.090	0.88846712
17.095	0.88848846
17.100	0.88850980
17.105	0.88853112
17.110	0.88855243
17.115	0.88857374
17.120	0.88859503
17.125	0.88861632
17.130	0.88863759
17.135	0.88865885
17.140	0.88868010
17.145	0.88870135
17.150	0.88872258
17.155	0.88874380
17.160	0.88876501
17.165	0.88878622
17.170	0.88880741
17.175	0.88882859
17.180	0.88884976
17.185	0.88887092
17.190	0.88889208
17.195	0.88891322
17.200	0.88893435
17.205	0.88895547
17.210	0.88897658
17.215	0.88899768
17.220	0.88901877
17.225	0.88903986
17.230	0.88906093
17.235	0.88908199
17.240	0.88910304
17.245	0.88912408
17.250	0.88914511
17.255	0.88916613
17.260	0.88918714
17.265	0.88920815
17.270	0.88922914
17.275	0.88925012
17.280	0.88927109
17.285	0.88929205
17.290	0.88931300
17.295	0.88933394
17.300	0.88935488
17.305	0.88937580
17.310	0.88939671
17.315	0.88941761
17.320	0.88943850
17.325	0.88945938
17.330	0.88948026
17.335	0.88950112
17.340	0.88952197
17.345	0.88954281
17.350	0.88956365
17.355	0.88958447
17.360	0.88960528
17.365	0.88962609
17.370	0.88964688
17.375	0.88966766
17.380	0.88968844
17.385	0.88970920
17.390	0.88972996
17.395	0.88975070
17.400	0.88977144
17.405	0.88979216
17.410	0.88981288
17.415	0.88983358
17.420	0.88985428
17.425	0.88987496
17.430	0.88989564
17.435	0.88991631
17.440	0.88993696
17.445	0.88995761
17.450	0.88997825
17.455	0.88999888
17.460	0.89001950
17.465	0.89004010
17.470	0.89006070
17.475	0.89008129
17.480	0.89010187
17.485	0.89012244
17.490	0.89014300
17.495	0.89016355
17.500	0.89018409
17.505	0.89020462
17.510	0.89022515
17.515	0.89024566
17.520	0.89026616
17.525	0.89028665
17.530	0.89030714
17.535	0.89032761
17.540	0.89034808
17.545	0.89036853
17.550	0.89038897
17.555	0.89040941
17.560	0.89042984
17.565	0.89045025
17.570	0.89047066
17.575	0.89049106
17.580	0.89051145
17.585	0.89053182
17.590	0.89055219
17.595	0.89057255
17.600	0.89059290
17.605	0.89061324
17.610	0.89063357
17.615	0.89065390
17.620	0.89067421
17.625	0.89069451
17.630	0.89071480
17.635	0.89073509
17.640	0.89075536
17.645	0.89077563
17.650	0.89079588
17.655	0.89081613
17.660	0.89083636
17.665	0.89085659
17.670	0.89087681
17.675	0.89089702
17.680	0.89091722
17.685	0.89093741
17.690	0.89095759
17.695	0.89097776
17.700	0.89099792
17.705	0.89101807
17.710	0.89103822
17.715	0.89105835
17.720	0.89107848
17.725	0.89109859
17.730	0.89111870
17.735	0.89113879
17.740	0.89115888
17.745	0.89117896
17.750	0.89119903
17.755	0.89121909
17.760	0.89123914
17.765	0.89125918
17.770	0.89127921
17.775	0.89129923
17.780	0.89131925
17.785	0.89133925
17.790	0.89135924
17.795	0.89137923
17.800	0.89139921
17.805	0.89141917
17.810	0.89143913
17.815	0.89145908
17.820	0.89147902
17.825	0.89149895
17.830	0.89151887
17.835	0.89153878
17.840	0.89155869
17.845	0.89157858
17.850	0.89159847
17.855	0.89161834
17.860	0.89163821
17.865	0.89165807
17.870	0.89167791
17.875	0.89169775
17.880	0.89171758
17.885	0.89173740
17.890	0.89175722
17.895	0.89177702
17.900	0.89179681
17.905	0.89181660
17.910	0.89183637
17.915	0.89185614
17.920	0.89187590
17.925	0.89189565
17.930	0.89191539
17.935	0.89193512
17.940	0.89195484
17.945	0.89197455
17.950	0.89199425
17.955	0.89201395
17.960	0.89203363
17.965	0.89205331
17.970	0.89207298
17.975	0.89209263
17.980	0.89211228
17.985	0.89213193
17.990	0.89215156
17.995	0.89217118
18.000	0.89219079
18.005	0.89221040
18.010	0.89222999
18.015	0.89224958
18.020	0.89226916
18.025	0.89228873
18.030	0.89230829
18.035	0.89232784
18.040	0.89234738
18.045	0.89236692
18.050	0.89238644
18.055	0.89240596
18.060	0.89242546
18.065	0.89244496
18.070	0.89246445
18.075	0.89248393
18.080	0.89250340
18.085	0.89252287
18.090	0.89254232
18.095	0.89256176
18.100	0.89258120
18.105	0.89260063
18.110	0.89262005
18.115	0.89263946
18.120	0.89265886
18.125	0.89267825
18.130	0.89269763
18.135	0.89271701
18.140	0.89273637
18.145	0.89275573
18.150	0.89277508
18.155	0.89279442
18.160	0.89281375
18.165	0.89283307
18.170	0.89285239
18.175	0.89287169
18.180	0.89289099
18.185	0.89291028
18.190	0.89292956
18.195	0.89294883
18.200	0.89296809
18.205	0.89298734
18.210	0.89300658
18.215	0.89302582
18.220	0.89304505
18.225	0.89306426
18.230	0.89308347
18.235	0.89310267
18.240	0.89312187
18.245	0.89314105
18.250	0.89316023
18.255	0.89317939
18.260	0.89319855
18.265	0.89321770
18.270	0.89323684
18.275	0.89325597
18.280	0.89327509
18.285	0.89329421
18.290	0.89331332
18.295	0.89333241
18.300	0.89335150
18.305	0.89337058
18.310	0.89338965
18.315	0.89340872
18.320	0.89342777
18.325	0.89344682
18.330	0.89346586
18.335	0.89348489
18.340	0.89350391
18.345	0.89352292
18.350	0.89354192
18.355	0.89356092
18.360	0.89357991
18.365	0.89359888
18.370	0.89361785
18.375	0.89363682
18.380	0.89365577
18.385	0.89367471
18.390	0.89369365
18.395	0.89371258
18.400	0.89373150
18.405	0.89375041
18.410	0.89376931
18.415	0.89378820
18.420	0.89380709
18.425	0.89382597
18.430	0.89384483
18.435	0.89386369
18.440	0.89388255
18.445	0.89390139
18.450	0.89392023
18.455	0.89393905
18.460	0.89395787
18.465	0.89397668
18.470	0.89399548
18.475	0.89401428
18.480	0.89403306
18.485	0.89405184
18.490	0.89407061
18.495	0.89408937
18.500	0.89410812
18.505	0.89412686
18.510	0.89414560
18.515	0.89416432
18.520	0.89418304
18.525	0.89420175
18.530	0.89422045
18.535	0.89423915
18.540	0.89425783
18.545	0.89427651
18.550	0.89429518
18.555	0.89431384
18.560	0.89433249
18.565	0.89435114
18.570	0.89436977
18.575	0.89438840
18.580	0.89440702
18.585	0.89442563
18.590	0.89444423
18.595	0.89446283
18.600	0.89448141
18.605	0.89449999
18.610	0.89451856
18.615	0.89453712
18.620	0.89455568
18.625	0.89457422
18.630	0.89459276
18.635	0.89461129
18.640	0.89462981
18.645	0.89464833
18.650	0.89466683
18.655	0.89468533
18.660	0.89470382
18.665	0.89472230
18.670	0.89474077
18.675	0.89475923
18.680	0.89477769
18.685	0.89479614
18.690	0.89481458
18.695	0.89483301
18.700	0.89485143
18.705	0.89486985
18.710	0.89488826
18.715	0.89490666
18.720	0.89492505
18.725	0.89494343
18.730	0.89496181
18.735	0.89498017
18.740	0.89499853
18.745	0.89501688
18.750	0.89503523
18.755	0.89505356
18.760	0.89507189
18.765	0.89509021
18.770	0.89510852
18.775	0.89512682
18.780	0.89514512
18.785	0.89516341
18.790	0.89518168
18.795	0.89519996
18.800	0.89521822
18.805	0.89523647
18.810	0.89525472
18.815	0.89527296
18.820	0.89529119
18.825	0.89530942
18.830	0.89532763
18.835	0.89534584
18.840	0.89536404
18.845	0.89538223
18.850	0.89540041
18.855	0.89541859
18.860	0.89543676
18.865	0.89545492
18.870	0.89547307
18.875	0.89549121
18.880	0.89550935
18.885	0.89552748
18.890	0.89554560
18.895	0.89556371
18.900	0.89558182
18.905	0.89559991
18.910	0.89561800
18.915	0.89563609
18.920	0.89565416
18.925	0.89567222
18.930	0.89569028
18.935	0.89570833
18.940	0.89572637
18.945	0.89574441
18.950	0.89576244
18.955	0.89578045
18.960	0.89579846
18.965	0.89581647
18.970	0.89583446
18.975	0.89585245
18.980	0.89587043
18.985	0.89588840
18.990	0.89590637
18.995	0.89592432
19.000	0.89594227
19.005	0.89596021
19.010	0.89597815
19.015	0.89599607
19.020	0.89601399
19.025	0.89603190
19.030	0.89604980
19.035	0.89606770
19.040	0.89608558
19.045	0.89610346
19.050	0.89612134
19.055	0.89613920
19.060	0.89615706
19.065	0.89617490
19.070	0.89619274
19.075	0.89621058
19.080	0.89622840
19.085	0.89624622
19.090	0.89626403
19.095	0.89628183
19.100	0.89629963
19.105	0.89631742
19.110	0.89633519
19.115	0.89635297
19.120	0.89637073
19.125	0.89638849
19.130	0.89640624
19.135	0.89642398
19.140	0.89644171
19.145	0.89645944
19.150	0.89647716
19.155	0.89649487
19.160	0.89651257
19.165	0.89653027
19.170	0.89654795
19.175	0.89656564
19.180	0.89658331
19.185	0.89660097
19.190	0.89661863
19.195	0.89663628
19.200	0.89665393
19.205	0.89667156
19.210	0.89668919
19.215	0.89670681
19.220	0.89672442
19.225	0.89674203
19.230	0.89675963
19.235	0.89677722
19.240	0.89679480
19.245	0.89681237
19.250	0.89682994
19.255	0.89684750
19.260	0.89686505
19.265	0.89688260
19.270	0.89690014
19.275	0.89691767
19.280	0.89693519
19.285	0.89695271
19.290	0.89697021
19.295	0.89698771
19.300	0.89700521
19.305	0.89702269
19.310	0.89704017
19.315	0.89705764
19.320	0.89707511
19.325	0.89709256
19.330	0.89711001
19.335	0.89712745
19.340	0.89714488
19.345	0.89716231
19.350	0.89717973
19.355	0.89719714
19.360	0.89721455
19.365	0.89723194
19.370	0.89724933
19.375	0.89726671
19.380	0.89728409
19.385	0.89730146
19.390	0.89731882
19.395	0.89733617
19.400	0.89735351
19.405	0.89737085
19.410	0.89738818
19.415	0.89740551
19.420	0.89742282
19.425	0.89744013
19.430	0.89745743
19.435	0.89747473
19.440	0.89749201
19.445	0.89750929
19.450	0.89752656
19.455	0.89754383
19.460	0.89756109
19.465	0.89757834
19.470	0.89759558
19.475	0.89761282
19.480	0.89763004
19.485	0.89764727
19.490	0.89766448
19.495	0.89768169
19.500	0.89769889
19.505	0.89771608
19.510	0.89773326
19.515	0.89775044
19.520	0.89776761
19.525	0.89778478
19.530	0.89780193
19.535	0.89781908
19.540	0.89783622
19.545	0.89785336
19.550	0.89787048
19.555	0.89788760
19.560	0.89790472
19.565	0.89792182
19.570	0.89793892
19.575	0.89795601
19.580	0.89797310
19.585	0.89799017
19.590	0.89800724
19.595	0.89802431
19.600	0.89804136
19.605	0.89805841
19.610	0.89807545
19.615	0.89809249
19.620	0.89810951
19.625	0.89812653
19.630	0.89814355
19.635	0.89816055
19.640	0.89817755
19.645	0.89819454
19.650	0.89821153
19.655	0.89822850
19.660	0.89824547
19.665	0.89826244
19.670	0.89827939
19.675	0.89829634
19.680	0.89831328
19.685	0.89833022
19.690	0.89834715
19.695	0.89836407
19.700	0.89838098
19.705	0.89839789
19.710	0.89841479
19.715	0.89843168
19.720	0.89844857
19.725	0.89846544
19.730	0.89848232
19.735	0.89849918
19.740	0.89851604
19.745	0.89853289
19.750	0.89854973
19.755	0.89856657
19.760	0.89858340
19.765	0.89860022
19.770	0.89861704
19.775	0.89863384
19.780	0.89865065
19.785	0.89866744
19.790	0.89868423
19.795	0.89870101
19.800	0.89871778
19.805	0.89873455
19.810	0.89875131
19.815	0.89876806
19.820	0.89878481
19.825	0.89880155
19.830	0.89881828
19.835	0.89883500
19.840	0.89885172
19.845	0.89886843
19.850	0.89888514
19.855	0.89890183
19.860	0.89891853
19.865	0.89893521
19.870	0.89895189
19.875	0.89896856
19.880	0.89898522
19.885	0.89900187
19.890	0.89901852
19.895	0.89903517
19.900	0.89905180
19.905	0.89906843
19.910	0.89908505
19.915	0.89910167
19.920	0.89911827
19.925	0.89913488
19.930	0.89915147
19.935	0.89916806
19.940	0.89918464
19.945	0.89920121
19.950	0.89921778
19.955	0.89923434
19.960	0.89925089
19.965	0.89926744
19.970	0.89928398
19.975	0.89930051
19.980	0.89931704
19.985	0.89933356
19.990	0.89935007
19.995	0.89936658
20.000	0.89938308
20.005	0.89939957
20.010	0.89941605
20.015	0.89943253
20.020	0.89944900
20.025	0.89946547
20.030	0.89948193
20.035	0.89949838
20.040	0.89951482
20.045	0.89953126
20.050	0.89954769
20.055	0.89956412
20.060	0.89958054
20.065	0.89959695
20.070	0.89961335
20.075	0.89962975
20.080	0.89964614
20.085	0.89966253
20.090	0.89967890
20.095	0.89969528
20.100	0.89971164
20.105	0.89972800
20.110	0.89974435
20.115	0.89976069
20.120	0.89977703
20.125	0.89979336
20.130	0.89980969
20.135	0.89982600
20.140	0.89984232
20.145	0.89985862
20.150	0.89987492
20.155	0.89989121
20.160	0.89990749
20.165	0.89992377
20.170	0.89994004
20.175	0.89995631
20.180	0.89997257
20.185	0.89998882
20.190	0.90000506
20.195	0.90002130
20.200	0.90003753
20.205	0.90005376
20.210	0.90006997
20.215	0.90008619
20.220	0.90010239
20.225	0.90011859
20.230	0.90013478
20.235	0.90015097
20.240	0.90016715
20.245	0.90018332
20.250	0.90019948
20.255	0.90021564
20.260	0.90023180
20.265	0.90024794
20.270	0.90026408
20.275	0.90028022
20.280	0.90029634
20.285	0.90031246
20.290	0.90032858
20.295	0.90034468
20.300	0.90036078
20.305	0.90037688
20.310	0.90039296
20.315	0.90040905
20.320	0.90042512
20.325	0.90044119
20.330	0.90045725
20.335	0.90047330
20.340	0.90048935
20.345	0.90050539
20.350	0.90052143
20.355	0.90053746
20.360	0.90055348
20.365	0.90056950
20.370	0.90058551
20.375	0.90060151
20.380	0.90061751
20.385	0.90063350
20.390	0.90064948
20.395	0.90066546
20.400	0.90068143
20.405	0.90069739
20.410	0.90071335
20.415	0.90072930
20.420	0.90074525
20.425	0.90076119
20.430	0.90077712
20.435	0.90079305
20.440	0.90080897
20.445	0.90082488
20.450	0.90084079
20.455	0.90085669
20.460	0.90087258
20.465	0.90088847
20.470	0.90090435
20.475	0.90092023
20.480	0.90093609
20.485	0.90095196
20.490	0.90096781
20.495	0.90098366
20.500	0.90099950
20.505	0.90101534
20.510	0.90103117
20.515	0.90104700
20.520	0.90106281
20.525	0.90107863
20.530	0.90109443
20.535	0.90111023
20.540	0.90112602
20.545	0.90114181
20.550	0.90115759
20.555	0.90117336
20.560	0.90118913
20.565	0.90120489
20.570	0.90122064
20.575	0.90123639
20.580	0.90125214
20.585	0.90126787
20.590	0.90128360
20.595	0.90129932
20.600	0.90131504
20.605	0.90133075
20.610	0.90134646
20.615	0.90136215
20.620	0.90137785
20.625	0.90139353
20.630	0.90140921
20.635	0.90142488
20.640	0.90144055
20.645	0.90145621
20.650	0.90147187
20.655	0.90148752
20.660	0.90150316
20.665	0.90151879
20.670	0.90153442
20.675	0.90155005
20.680	0.90156566
20.685	0.90158127
20.690	0.90159688
20.695	0.90161248
20.700	0.90162807
20.705	0.90164366
20.710	0.90165924
20.715	0.90167481
20.720	0.90169038
20.725	0.90170594
20.730	0.90172150
20.735	0.90173704
20.740	0.90175259
20.745	0.90176812
20.750	0.90178366
20.755	0.90179918
20.760	0.90181470
20.765	0.90183021
20.770	0.90184572
20.775	0.90186122
20.780	0.90187671
20.785	0.90189220
20.790	0.90190768
20.795	0.90192316
20.800	0.90193863
20.805	0.90195409
20.810	0.90196955
20.815	0.90198500
20.820	0.90200044
20.825	0.90201588
20.830	0.90203131
20.835	0.90204674
20.840	0.90206216
20.845	0.90207758
20.850	0.90209298
20.855	0.90210839
20.860	0.90212378
20.865	0.90213917
20.870	0.90215456
20.875	0.90216994
20.880	0.90218531
20.885	0.90220067
20.890	0.90221603
20.895	0.90223139
20.900	0.90224674
20.905	0.90226208
20.910	0.90227741
20.915	0.90229274
20.920	0.90230807
20.925	0.90232339
20.930	0.90233870
20.935	0.90235400
20.940	0.90236930
20.945	0.90238460
20.950	0.90239989
20.955	0.90241517
20.960	0.90243044
20.965	0.90244571
20.970	0.90246098
20.975	0.90247624
20.980	0.90249149
20.985	0.90250673
20.990	0.90252197
20.995	0.90253721
21.000	0.90255244
21.005	0.90256766
21.010	0.90258287
21.015	0.90259808
21.020	0.90261329
21.025	0.90262849
21.030	0.90264368
21.035	0.90265887
21.040	0.90267405
21.045	0.90268922
21.050	0.90270439
21.055	0.90271955
21.060	0.90273471
21.065	0.90274986
21.070	0.90276500
21.075	0.90278014
21.080	0.90279528
21.085	0.90281040
21.090	0.90282553
21.095	0.90284064
21.100	0.90285575
21.105	0.90287085
21.110	0.90288595
21.115	0.90290104
21.120	0.90291613
21.125	0.90293121
21.130	0.90294629
21.135	0.90296135
21.140	0.90297642
21.145	0.90299147
21.150	0.90300652
21.155	0.90302157
21.160	0.90303661
21.165	0.90305164
21.170	0.90306667
21.175	0.90308169
21.180	0.90309671
21.185	0.90311172
21.190	0.90312672
21.195	0.90314172
21.200	0.90315671
21.205	0.90317170
21.210	0.90318668
21.215	0.90320166
21.220	0.90321663
21.225	0.90323159
21.230	0.90324655
21.235	0.90326150
21.240	0.90327645
21.245	0.90329139
21.250	0.90330632
21.255	0.90332125
21.260	0.90333617
21.265	0.90335109
21.270	0.90336600
21.275	0.90338091
21.280	0.90339581
21.285	0.90341070
21.290	0.90342559
21.295	0.90344047
21.300	0.90345535
21.305	0.90347022
21.310	0.90348509
21.315	0.90349995
21.320	0.90351480
21.325	0.90352965
21.330	0.90354449
21.335	0.90355933
21.340	0.90357416
21.345	0.90358899
21.350	0.90360381
21.355	0.90361862
21.360	0.90363343
21.365	0.90364823
