0.250	0.60000000
0.255	0.59606339
0.260	0.59224781
0.265	0.58854683
0.270	0.58495448
0.275	0.58146522
0.280	0.57807387
0.285	0.57477562
0.290	0.57156600
0.295	0.56844078
0.300	0.56539607
0.305	0.56242818
0.310	0.55953366
0.315	0.55670929
0.320	0.55395204
0.325	0.55125904
0.330	0.54862762
0.335	0.54605525
0.340	0.54353953
0.345	0.54107823
0.350	0.53866921
0.355	0.53631046
0.360	0.53400008
0.365	0.53173627
0.370	0.52951733
0.375	0.52734163
0.380	0.52520764
0.385	0.52311390
0.390	0.52105902
0.395	0.51904168
0.400	0.51706063
0.405	0.51511467
0.410	0.51320265
0.415	0.51132350
0.420	0.50947617
0.425	0.50765967
0.430	0.50587305
0.435	0.50411541
0.440	0.50238589
0.445	0.50068365
0.450	0.49900789
0.455	0.49735787
0.460	0.49573284
0.465	0.49413211
0.470	0.49255501
0.475	0.49100089
0.480	0.48946913
0.485	0.48795914
0.490	0.48647035
0.495	0.48500219
0.500	0.48355415
0.505	0.48212572
0.510	0.48071639
0.515	0.47932570
0.520	0.47795320
0.525	0.47659843
0.530	0.47526098
0.535	0.47394044
0.540	0.47263640
0.545	0.47134849
0.550	0.47007634
0.555	0.46881959
0.560	0.46757789
0.565	0.46635092
0.570	0.46513834
0.575	0.46393984
0.580	0.46275512
0.585	0.46158389
0.590	0.46042587
0.595	0.45928077
0.600	0.45814833
0.605	0.45702829
0.610	0.45592039
0.615	0.45482441
0.620	0.45374009
0.625	0.45266721
0.630	0.45160554
0.635	0.45055487
0.640	0.44951499
0.645	0.44848569
0.650	0.44746677
0.655	0.44645805
0.660	0.44545932
0.665	0.44447041
0.670	0.44349115
0.675	0.44252134
0.680	0.44156084
0.685	0.44060946
0.690	0.43966706
0.695	0.43873347
0.700	0.43780855
0.705	0.43689214
0.710	0.43598411
0.715	0.43508430
0.720	0.43419258
0.725	0.43330883
0.730	0.43243290
0.735	0.43156466
0.740	0.43070401
0.745	0.42985080
0.750	0.42900494
0.755	0.42816628
0.760	0.42733474
0.765	0.42651019
0.770	0.42569252
0.775	0.42488163
0.780	0.42407742
0.785	0.42327979
0.790	0.42248863
0.795	0.42170386
0.800	0.42092537
0.805	0.42015307
0.810	0.41938687
0.815	0.41862670
0.820	0.41787244
0.825	0.41712403
0.830	0.41638139
0.835	0.41564442
0.840	0.41491304
0.845	0.41418720
0.850	0.41346679
0.855	0.41275176
0.860	0.41204202
0.865	0.41133751
0.870	0.41063815
0.875	0.40994387
0.880	0.40925462
0.885	0.40857032
0.890	0.40789090
0.895	0.40721631
0.900	0.40654647
0.905	0.40588134
0.910	0.40522084
0.915	0.40456493
0.920	0.40391353
0.925	0.40326660
0.930	0.40262408
0.935	0.40198591
0.940	0.40135204
0.945	0.40072243
0.950	0.40009700
0.955	0.39947572
0.960	0.39885854
0.965	0.39824540
0.970	0.39763625
0.975	0.39703106
0.980	0.39642977
0.985	0.39583234
0.990	0.39523872
0.995	0.39464886
1.000	0.39406273
1.005	0.39348029
1.010	0.39290148
1.015	0.39232627
1.020	0.39175462
1.025	0.39118648
1.030	0.39062183
1.035	0.39006061
1.040	0.38950280
1.045	0.38894834
1.050	0.38839722
1.055	0.38784939
1.060	0.38730481
1.065	0.38676345
1.070	0.38622528
1.075	0.38569026
1.080	0.38515836
1.085	0.38462954
1.090	0.38410378
1.095	0.38358104
1.100	0.38306128
1.105	0.38254449
1.110	0.38203062
1.115	0.38151965
1.120	0.38101155
1.125	0.38050629
1.130	0.38000384
1.135	0.37950417
1.140	0.37900726
1.145	0.37851307
1.150	0.37802159
1.155	0.37753277
1.160	0.37704661
1.165	0.37656306
1.170	0.37608211
1.175	0.37560373
1.180	0.37512789
1.185	0.37465458
1.190	0.37418376
1.195	0.37371542
1.200	0.37324952
1.205	0.37278606
1.210	0.37232499
1.215	0.37186631
1.220	0.37140999
1.225	0.37095600
1.230	0.37050433
1.235	0.37005495
1.240	0.36960785
1.245	0.36916300
1.250	0.36872038
1.255	0.36827997
1.260	0.36784176
1.265	0.36740571
1.270	0.36697182
1.275	0.36654007
1.280	0.36611043
1.285	0.36568288
1.290	0.36525741
1.295	0.36483401
1.300	0.36441264
1.305	0.36399330
1.310	0.36357596
1.315	0.36316062
1.320	0.36274725
1.325	0.36233583
1.330	0.36192635
1.335	0.36151879
1.340	0.36111314
1.345	0.36070938
1.350	0.36030749
1.355	0.35990746
1.360	0.35950928
1.365	0.35911292
1.370	0.35871837
1.375	0.35832563
1.380	0.35793466
1.385	0.35754547
1.390	0.35715803
1.395	0.35677233
1.400	0.35638835
1.405	0.35600609
1.410	0.35562553
1.415	0.35524665
1.420	0.35486944
1.425	0.35449389
1.430	0.35411999
1.435	0.35374772
1.440	0.35337707
1.445	0.35300802
1.450	0.35264057
1.455	0.35227471
1.460	0.35191041
1.465	0.35154767
1.470	0.35118648
1.475	0.35082682
1.480	0.35046868
1.485	0.35011205
1.490	0.34975693
1.495	0.34940329
1.500	0.34905112
1.505	0.34870043
1.510	0.34835119
1.515	0.34800339
1.520	0.34765703
1.525	0.34731209
1.530	0.34696856
1.535	0.34662644
1.540	0.34628570
1.545	0.34594635
1.550	0.34560837
1.555	0.34527176
1.560	0.34493649
1.565	0.34460257
1.570	0.34426998
1.575	0.34393871
1.580	0.34360876
1.585	0.34328011
1.590	0.34295276
1.595	0.34262669
1.600	0.34230190
1.605	0.34197838
1.610	0.34165611
1.615	0.34133510
1.620	0.34101533
1.625	0.34069680
1.630	0.34037948
1.635	0.34006339
1.640	0.33974850
1.645	0.33943482
1.650	0.33912232
1.655	0.33881101
1.660	0.33850087
1.665	0.33819190
1.670	0.33788410
1.675	0.33757744
1.680	0.33727193
1.685	0.33696755
1.690	0.33666431
1.695	0.33636218
1.700	0.33606117
1.705	0.33576127
1.710	0.33546247
1.715	0.33516476
1.720	0.33486813
1.725	0.33457259
1.730	0.33427811
1.735	0.33398470
1.740	0.33369235
1.745	0.33340105
1.750	0.33311079
1.755	0.33282157
1.760	0.33253338
1.765	0.33224622
1.770	0.33196007
1.775	0.33167494
1.780	0.33139081
1.785	0.33110767
1.790	0.33082553
1.795	0.33054438
1.800	0.33026421
1.805	0.32998501
1.810	0.32970678
1.815	0.32942951
1.820	0.32915320
1.825	0.32887784
1.830	0.32860342
1.835	0.32832994
1.840	0.32805739
1.845	0.32778577
1.850	0.32751508
1.855	0.32724530
1.860	0.32697643
1.865	0.32670846
1.870	0.32644140
1.875	0.32617522
1.880	0.32590994
1.885	0.32564554
1.890	0.32538202
1.895	0.32511938
1.900	0.32485760
1.905	0.32459668
1.910	0.32433663
1.915	0.32407742
1.920	0.32381907
1.925	0.32356155
1.930	0.32330488
1.935	0.32304904
1.940	0.32279403
1.945	0.32253984
1.950	0.32228647
1.955	0.32203391
1.960	0.32178217
1.965	0.32153122
1.970	0.32128108
1.975	0.32103174
1.980	0.32078319
1.985	0.32053542
1.990	0.32028844
1.995	0.32004223
2.000	0.31979680
2.005	0.31955214
2.010	0.31930825
2.015	0.31906511
2.020	0.31882273
2.025	0.31858111
2.030	0.31834023
2.035	0.31810010
2.040	0.31786070
2.045	0.31762205
2.050	0.31738412
2.055	0.31714693
2.060	0.31691046
2.065	0.31667470
2.070	0.31643967
2.075	0.31620535
2.080	0.31597173
2.085	0.31573883
2.090	0.31550662
2.095	0.31527511
2.100	0.31504429
2.105	0.31481417
2.110	0.31458473
2.115	0.31435597
2.120	0.31412789
2.125	0.31390049
2.130	0.31367376
2.135	0.31344770
2.140	0.31322230
2.145	0.31299756
2.150	0.31277349
2.155	0.31255007
2.160	0.31232729
2.165	0.31210517
2.170	0.31188369
2.175	0.31166285
2.180	0.31144265
2.185	0.31122309
2.190	0.31100416
2.195	0.31078585
2.200	0.31056817
2.205	0.31035111
2.210	0.31013467
2.215	0.30991885
2.220	0.30970364
2.225	0.30948904
2.230	0.30927504
2.235	0.30906165
2.240	0.30884886
2.245	0.30863666
2.250	0.30842506
2.255	0.30821405
2.260	0.30800363
2.265	0.30779380
2.270	0.30758455
2.275	0.30737588
2.280	0.30716778
2.285	0.30696026
2.290	0.30675331
2.295	0.30654693
2.300	0.30634111
2.305	0.30613586
2.310	0.30593117
2.315	0.30572704
2.320	0.30552346
2.325	0.30532043
2.330	0.30511795
2.335	0.30491602
2.340	0.30471464
2.345	0.30451379
2.350	0.30431349
2.355	0.30411372
2.360	0.30391448
2.365	0.30371578
2.370	0.30351761
2.375	0.30331996
2.380	0.30312284
2.385	0.30292623
2.390	0.30273015
2.395	0.30253459
2.400	0.30233954
2.405	0.30214500
2.410	0.30195097
2.415	0.30175744
2.420	0.30156443
2.425	0.30137191
2.430	0.30117990
2.435	0.30098838
2.440	0.30079736
2.445	0.30060683
2.450	0.30041679
2.455	0.30022725
2.460	0.30003819
2.465	0.29984961
2.470	0.29966151
2.475	0.29947390
2.480	0.29928676
2.485	0.29910010
2.490	0.29891392
2.495	0.29872820
2.500	0.29854295
2.505	0.29835817
2.510	0.29817386
2.515	0.29799001
2.520	0.29780662
2.525	0.29762369
2.530	0.29744122
2.535	0.29725920
2.540	0.29707763
2.545	0.29689652
2.550	0.29671585
2.555	0.29653563
2.560	0.29635586
2.565	0.29617653
2.570	0.29599764
2.575	0.29581919
2.580	0.29564118
2.585	0.29546360
2.590	0.29528646
2.595	0.29510975
2.600	0.29493347
2.605	0.29475761
2.610	0.29458219
2.615	0.29440718
2.620	0.29423260
2.625	0.29405844
2.630	0.29388470
2.635	0.29371138
2.640	0.29353847
2.645	0.29336598
2.650	0.29319390
2.655	0.29302222
2.660	0.29285096
2.665	0.29268010
2.670	0.29250965
2.675	0.29233960
2.680	0.29216995
2.685	0.29200071
2.690	0.29183186
2.695	0.29166341
2.700	0.29149535
2.705	0.29132769
2.710	0.29116041
2.715	0.29099353
2.720	0.29082704
2.725	0.29066093
2.730	0.29049521
2.735	0.29032987
2.740	0.29016492
2.745	0.29000035
2.750	0.28983615
2.755	0.28967233
2.760	0.28950889
2.765	0.28934582
2.770	0.28918313
2.775	0.28902081
2.780	0.28885885
2.785	0.28869727
2.790	0.28853605
2.795	0.28837520
2.800	0.28821471
2.805	0.28805459
2.810	0.28789482
2.815	0.28773542
2.820	0.28757637
2.825	0.28741768
2.830	0.28725935
2.835	0.28710137
2.840	0.28694374
2.845	0.28678647
2.850	0.28662954
2.855	0.28647297
2.860	0.28631674
2.865	0.28616085
2.870	0.28600531
2.875	0.28585012
2.880	0.28569526
2.885	0.28554075
2.890	0.28538657
2.895	0.28523273
2.900	0.28507923
2.905	0.28492607
2.910	0.28477324
2.915	0.28462074
2.920	0.28446857
2.925	0.28431673
2.930	0.28416522
2.935	0.28401404
2.940	0.28386319
2.945	0.28371266
2.950	0.28356245
2.955	0.28341257
2.960	0.28326301
2.965	0.28311376
2.970	0.28296484
2.975	0.28281624
2.980	0.28266795
2.985	0.28251997
2.990	0.28237232
2.995	0.28222497
3.000	0.28207794
3.005	0.28193121
3.010	0.28178480
3.015	0.28163869
3.020	0.28149290
3.025	0.28134740
3.030	0.28120222
3.035	0.28105733
3.040	0.28091275
3.045	0.28076847
3.050	0.28062450
3.055	0.28048082
3.060	0.28033744
3.065	0.28019435
3.070	0.28005156
3.075	0.27990907
3.080	0.27976687
3.085	0.27962497
3.090	0.27948335
3.095	0.27934203
3.100	0.27920100
3.105	0.27906025
3.110	0.27891980
3.115	0.27877963
3.120	0.27863974
3.125	0.27850014
3.130	0.27836082
3.135	0.27822179
3.140	0.27808304
3.145	0.27794457
3.150	0.27780637
3.155	0.27766846
3.160	0.27753082
3.165	0.27739346
3.170	0.27725638
3.175	0.27711957
3.180	0.27698303
3.185	0.27684677
3.190	0.27671078
3.195	0.27657505
3.200	0.27643960
3.205	0.27630442
3.210	0.27616950
3.215	0.27603486
3.220	0.27590047
3.225	0.27576636
3.230	0.27563251
3.235	0.27549892
3.240	0.27536559
3.245	0.27523252
3.250	0.27509972
3.255	0.27496717
3.260	0.27483489
3.265	0.27470286
3.270	0.27457109
3.275	0.27443957
3.280	0.27430831
3.285	0.27417730
3.290	0.27404655
3.295	0.27391605
3.300	0.27378580
3.305	0.27365581
3.310	0.27352606
3.315	0.27339656
3.320	0.27326731
3.325	0.27313831
3.330	0.27300955
3.335	0.27288104
3.340	0.27275278
3.345	0.27262476
3.350	0.27249698
3.355	0.27236945
3.360	0.27224215
3.365	0.27211510
3.370	0.27198829
3.375	0.27186172
3.380	0.27173538
3.385	0.27160929
3.390	0.27148343
3.395	0.27135781
3.400	0.27123242
3.405	0.27110726
3.410	0.27098235
3.415	0.27085766
3.420	0.27073321
3.425	0.27060898
3.430	0.27048499
3.435	0.27036123
3.440	0.27023770
3.445	0.27011440
3.450	0.26999132
3.455	0.26986847
3.460	0.26974585
3.465	0.26962345
3.470	0.26950128
3.475	0.26937933
3.480	0.26925761
3.485	0.26913611
3.490	0.26901483
3.495	0.26889377
3.500	0.26877293
3.505	0.26865232
3.510	0.26853192
3.515	0.26841174
3.520	0.26829177
3.525	0.26817203
3.530	0.26805250
3.535	0.26793319
3.540	0.26781409
3.545	0.26769520
3.550	0.26757653
3.555	0.26745808
3.560	0.26733983
3.565	0.26722180
3.570	0.26710397
3.575	0.26698636
3.580	0.26686896
3.585	0.26675177
3.590	0.26663478
3.595	0.26651800
3.600	0.26640143
3.605	0.26628507
3.610	0.26616891
3.615	0.26605295
3.620	0.26593720
3.625	0.26582166
3.630	0.26570632
3.635	0.26559118
3.640	0.26547624
3.645	0.26536150
3.650	0.26524696
3.655	0.26513263
3.660	0.26501849
3.665	0.26490455
3.670	0.26479082
3.675	0.26467727
3.680	0.26456393
3.685	0.26445078
3.690	0.26433783
3.695	0.26422507
3.700	0.26411251
3.705	0.26400014
3.710	0.26388796
3.715	0.26377598
3.720	0.26366419
3.725	0.26355259
3.730	0.26344118
3.735	0.26332997
3.740	0.26321894
3.745	0.26310810
3.750	0.26299745
3.755	0.26288699
3.760	0.26277672
3.765	0.26266663
3.770	0.26255674
3.775	0.26244702
3.780	0.26233749
3.785	0.26222815
3.790	0.26211899
3.795	0.26201002
3.800	0.26190123
3.805	0.26179262
3.810	0.26168419
3.815	0.26157595
3.820	0.26146788
3.825	0.26136000
3.830	0.26125230
3.835	0.26114478
3.840	0.26103743
3.845	0.26093026
3.850	0.26082328
3.855	0.26071647
3.860	0.26060983
3.865	0.26050337
3.870	0.26039709
3.875	0.26029099
3.880	0.26018506
3.885	0.26007930
3.890	0.25997372
3.895	0.25986831
3.900	0.25976307
3.905	0.25965801
3.910	0.25955311
3.915	0.25944839
3.920	0.25934384
3.925	0.25923946
3.930	0.25913525
3.935	0.25903121
3.940	0.25892734
3.945	0.25882364
3.950	0.25872010
3.955	0.25861673
3.960	0.25851353
3.965	0.25841050
3.970	0.25830763
3.975	0.25820493
3.980	0.25810239
3.985	0.25800002
3.990	0.25789781
3.995	0.25779576
4.000	0.25769388
4.005	0.25759216
4.010	0.25749060
4.015	0.25738921
4.020	0.25728798
4.025	0.25718690
4.030	0.25708599
4.035	0.25698524
4.040	0.25688465
4.045	0.25678421
4.050	0.25668394
4.055	0.25658382
4.060	0.25648387
4.065	0.25638407
4.070	0.25628442
4.075	0.25618494
4.080	0.25608560
4.085	0.25598643
4.090	0.25588741
4.095	0.25578854
4.100	0.25568983
4.105	0.25559128
4.110	0.25549287
4.115	0.25539462
4.120	0.25529653
4.125	0.25519858
4.130	0.25510079
4.135	0.25500315
4.140	0.25490566
4.145	0.25480832
4.150	0.25471113
4.155	0.25461409
4.160	0.25451720
4.165	0.25442046
4.170	0.25432386
4.175	0.25422742
4.180	0.25413112
4.185	0.25403497
4.190	0.25393897
4.195	0.25384312
4.200	0.25374741
4.205	0.25365184
4.210	0.25355642
4.215	0.25346115
4.220	0.25336602
4.225	0.25327104
4.230	0.25317620
4.235	0.25308150
4.240	0.25298695
4.245	0.25289254
4.250	0.25279827
4.255	0.25270414
4.260	0.25261016
4.265	0.25251632
4.270	0.25242261
4.275	0.25232905
4.280	0.25223563
4.285	0.25214235
4.290	0.25204921
4.295	0.25195620
4.300	0.25186334
4.305	0.25177061
4.310	0.25167802
4.315	0.25158557
4.320	0.25149326
4.325	0.25140108
4.330	0.25130904
4.335	0.25121714
4.340	0.25112537
4.345	0.25103373
4.350	0.25094224
4.355	0.25085087
4.360	0.25075964
4.365	0.25066855
4.370	0.25057759
4.375	0.25048676
4.380	0.25039607
4.385	0.25030550
4.390	0.25021507
4.395	0.25012478
4.400	0.25003461
4.405	0.24994458
4.410	0.24985467
4.415	0.24976490
4.420	0.24967526
4.425	0.24958574
4.430	0.24949636
4.435	0.24940711
4.440	0.24931798
4.445	0.24922899
4.450	0.24914012
4.455	0.24905138
4.460	0.24896277
4.465	0.24887428
4.470	0.24878593
4.475	0.24869769
4.480	0.24860959
4.485	0.24852161
4.490	0.24843376
4.495	0.24834603
4.500	0.24825843
4.505	0.24817095
4.510	0.24808360
4.515	0.24799637
4.520	0.24790927
4.525	0.24782229
4.530	0.24773543
4.535	0.24764869
4.540	0.24756208
4.545	0.24747559
4.550	0.24738922
4.555	0.24730298
4.560	0.24721685
4.565	0.24713085
4.570	0.24704497
4.575	0.24695921
4.580	0.24687356
4.585	0.24678804
4.590	0.24670264
4.595	0.24661736
4.600	0.24653219
4.605	0.24644715
4.610	0.24636222
4.615	0.24627741
4.620	0.24619272
4.625	0.24610815
4.630	0.24602370
4.635	0.24593936
4.640	0.24585514
4.645	0.24577103
4.650	0.24568704
4.655	0.24560317
4.660	0.24551941
4.665	0.24543577
4.670	0.24535224
4.675	0.24526883
4.680	0.24518553
4.685	0.24510235
4.690	0.24501928
4.695	0.24493633
4.700	0.24485348
4.705	0.24477075
4.710	0.24468814
4.715	0.24460563
4.720	0.24452324
4.725	0.24444096
4.730	0.24435880
4.735	0.24427674
4.740	0.24419480
4.745	0.24411296
4.750	0.24403124
4.755	0.24394963
4.760	0.24386813
4.765	0.24378673
4.770	0.24370545
4.775	0.24362428
4.780	0.24354321
4.785	0.24346226
4.790	0.24338141
4.795	0.24330068
4.800	0.24322005
4.805	0.24313952
4.810	0.24305911
4.815	0.24297880
4.820	0.24289860
4.825	0.24281851
4.830	0.24273852
4.835	0.24265864
4.840	0.24257887
4.845	0.24249920
4.850	0.24241964
4.855	0.24234018
4.860	0.24226083
4.865	0.24218158
4.870	0.24210244
4.875	0.24202341
4.880	0.24194447
4.885	0.24186564
4.890	0.24178692
4.895	0.24170829
4.900	0.24162977
4.905	0.24155136
4.910	0.24147304
4.915	0.24139483
4.920	0.24131673
4.925	0.24123872
4.930	0.24116081
4.935	0.24108301
4.940	0.24100531
4.945	0.24092771
4.950	0.24085021
4.955	0.24077281
4.960	0.24069551
4.965	0.24061831
4.970	0.24054121
4.975	0.24046421
4.980	0.24038731
4.985	0.24031051
4.990	0.24023381
4.995	0.24015721
5.000	0.24008070
5.005	0.24000430
5.010	0.23992799
5.015	0.23985178
5.020	0.23977567
5.025	0.23969966
5.030	0.23962374
5.035	0.23954792
5.040	0.23947220
5.045	0.23939657
5.050	0.23932104
5.055	0.23924561
5.060	0.23917027
5.065	0.23909503
5.070	0.23901988
5.075	0.23894483
5.080	0.23886987
5.085	0.23879501
5.090	0.23872025
5.095	0.23864557
5.100	0.23857100
5.105	0.23849651
5.110	0.23842212
5.115	0.23834783
5.120	0.23827362
5.125	0.23819951
5.130	0.23812550
5.135	0.23805157
5.140	0.23797774
5.145	0.23790400
5.150	0.23783036
5.155	0.23775680
5.160	0.23768334
5.165	0.23760997
5.170	0.23753669
5.175	0.23746350
5.180	0.23739040
5.185	0.23731740
5.190	0.23724448
5.195	0.23717166
5.200	0.23709892
5.205	0.23702628
5.210	0.23695372
5.215	0.23688125
5.220	0.23680888
5.225	0.23673659
5.230	0.23666439
5.235	0.23659228
5.240	0.23652026
5.245	0.23644833
5.250	0.23637649
5.255	0.23630473
5.260	0.23623306
5.265	0.23616148
5.270	0.23608999
5.275	0.23601859
5.280	0.23594727
5.285	0.23587604
5.290	0.23580489
5.295	0.23573384
5.300	0.23566286
5.305	0.23559198
5.310	0.23552118
5.315	0.23545047
5.320	0.23537984
5.325	0.23530930
5.330	0.23523884
5.335	0.23516847
5.340	0.23509818
5.345	0.23502798
5.350	0.23495786
5.355	0.23488783
5.360	0.23481788
5.365	0.23474802
5.370	0.23467823
5.375	0.23460854
5.380	0.23453892
5.385	0.23446939
5.390	0.23439995
5.395	0.23433058
5.400	0.23426130
5.405	0.23419210
5.410	0.23412299
5.415	0.23405395
5.420	0.23398500
5.425	0.23391613
5.430	0.23384734
5.435	0.23377864
5.440	0.23371001
5.445	0.23364147
5.450	0.23357301
5.455	0.23350462
5.460	0.23343632
5.465	0.23336810
5.470	0.23329996
5.475	0.23323190
5.480	0.23316392
5.485	0.23309603
5.490	0.23302821
5.495	0.23296047
5.500	0.23289280
5.505	0.23282522
5.510	0.23275772
5.515	0.23269030
5.520	0.23262295
5.525	0.23255569
5.530	0.23248850
5.535	0.23242139
5.540	0.23235436
5.545	0.23228741
5.550	0.23222053
5.555	0.23215373
5.560	0.23208701
5.565	0.23202037
5.570	0.23195381
5.575	0.23188732
5.580	0.23182091
5.585	0.23175457
5.590	0.23168831
5.595	0.23162213
5.600	0.23155603
5.605	0.23149000
5.610	0.23142404
5.615	0.23135817
5.620	0.23129236
5.625	0.23122664
5.630	0.23116099
5.635	0.23109541
5.640	0.23102991
5.645	0.23096448
5.650	0.23089913
5.655	0.23083385
5.660	0.23076865
5.665	0.23070352
5.670	0.23063847
5.675	0.23057349
5.680	0.23050858
5.685	0.23044375
5.690	0.23037899
5.695	0.23031431
5.700	0.23024970
5.705	0.23018516
5.710	0.23012069
5.715	0.23005630
5.720	0.22999198
5.725	0.22992773
5.730	0.22986355
5.735	0.22979945
5.740	0.22973542
5.745	0.22967146
5.750	0.22960757
5.755	0.22954376
5.760	0.22948001
5.765	0.22941634
5.770	0.22935274
5.775	0.22928921
5.780	0.22922575
5.785	0.22916236
5.790	0.22909904
5.795	0.22903579
5.800	0.22897262
5.805	0.22890951
5.810	0.22884647
5.815	0.22878351
5.820	0.22872061
5.825	0.22865778
5.830	0.22859503
5.835	0.22853234
5.840	0.22846972
5.845	0.22840717
5.850	0.22834469
5.855	0.22828228
5.860	0.22821994
5.865	0.22815766
5.870	0.22809546
5.875	0.22803332
5.880	0.22797125
5.885	0.22790925
5.890	0.22784732
5.895	0.22778545
5.900	0.22772366
5.905	0.22766193
5.910	0.22760027
5.915	0.22753867
5.920	0.22747714
5.925	0.22741568
5.930	0.22735429
5.935	0.22729296
5.940	0.22723170
5.945	0.22717051
5.950	0.22710938
5.955	0.22704832
5.960	0.22698733
5.965	0.22692640
5.970	0.22686554
5.975	0.22680474
5.980	0.22674401
5.985	0.22668335
5.990	0.22662275
5.995	0.22656221
6.000	0.22650174
6.005	0.22644134
6.010	0.22638100
6.015	0.22632073
6.020	0.22626052
6.025	0.22620037
6.030	0.22614029
6.035	0.22608028
6.040	0.22602032
6.045	0.22596044
6.050	0.22590061
6.055	0.22584085
6.060	0.22578116
6.065	0.22572153
6.070	0.22566196
6.075	0.22560245
6.080	0.22554301
6.085	0.22548363
6.090	0.22542431
6.095	0.22536506
6.100	0.22530587
6.105	0.22524674
6.110	0.22518768
6.115	0.22512867
6.120	0.22506973
6.125	0.22501085
6.130	0.22495204
6.135	0.22489328
6.140	0.22483459
6.145	0.22477596
6.150	0.22471739
6.155	0.22465889
6.160	0.22460044
6.165	0.22454206
6.170	0.22448373
6.175	0.22442547
6.180	0.22436727
6.185	0.22430913
6.190	0.22425105
6.195	0.22419303
6.200	0.22413507
6.205	0.22407717
6.210	0.22401933
6.215	0.22396156
6.220	0.22390384
6.225	0.22384618
6.230	0.22378858
6.235	0.22373105
6.240	0.22367357
6.245	0.22361615
6.250	0.22355879
6.255	0.22350149
6.260	0.22344425
6.265	0.22338707
6.270	0.22332994
6.275	0.22327288
6.280	0.22321587
6.285	0.22315893
6.290	0.22310204
6.295	0.22304521
6.300	0.22298844
6.305	0.22293173
6.310	0.22287507
6.315	0.22281848
6.320	0.22276194
6.325	0.22270546
6.330	0.22264903
6.335	0.22259267
6.340	0.22253636
6.345	0.22248011
6.350	0.22242392
6.355	0.22236778
6.360	0.22231170
6.365	0.22225568
6.370	0.22219971
6.375	0.22214381
6.380	0.22208795
6.385	0.22203216
6.390	0.22197642
6.395	0.22192074
6.400	0.22186511
6.405	0.22180954
6.410	0.22175403
6.415	0.22169857
6.420	0.22164317
6.425	0.22158783
6.430	0.22153254
6.435	0.22147730
6.440	0.22142212
6.445	0.22136700
6.450	0.22131193
6.455	0.22125692
6.460	0.22120196
6.465	0.22114706
6.470	0.22109221
6.475	0.22103742
6.480	0.22098268
6.485	0.22092800
6.490	0.22087337
6.495	0.22081879
6.500	0.22076427
6.505	0.22070981
6.510	0.22065540
6.515	0.22060104
6.520	0.22054673
6.525	0.22049248
6.530	0.22043829
6.535	0.22038415
6.540	0.22033006
6.545	0.22027602
6.550	0.22022204
6.555	0.22016811
6.560	0.22011424
6.565	0.22006041
6.570	0.22000665
6.575	0.21995293
6.580	0.21989927
6.585	0.21984566
6.590	0.21979210
6.595	0.21973859
6.600	0.21968514
6.605	0.21963174
6.610	0.21957839
6.615	0.21952510
6.620	0.21947185
6.625	0.21941866
6.630	0.21936552
6.635	0.21931243
6.640	0.21925940
6.645	0.21920641
6.650	0.21915348
6.655	0.21910060
6.660	0.21904777
6.665	0.21899499
6.670	0.21894226
6.675	0.21888959
6.680	0.21883696
6.685	0.21878439
6.690	0.21873187
6.695	0.21867939
6.700	0.21862697
6.705	0.21857460
6.710	0.21852228
6.715	0.21847001
6.720	0.21841779
6.725	0.21836562
6.730	0.21831350
6.735	0.21826143
6.740	0.21820942
6.745	0.21815745
6.750	0.21810553
6.755	0.21805366
6.760	0.21800184
6.765	0.21795007
6.770	0.21789835
6.775	0.21784668
6.780	0.21779506
6.785	0.21774349
6.790	0.21769196
6.795	0.21764049
6.800	0.21758906
6.805	0.21753769
6.810	0.21748636
6.815	0.21743508
6.820	0.21738385
6.825	0.21733267
6.830	0.21728154
6.835	0.21723046
6.840	0.21717942
6.845	0.21712844
6.850	0.21707750
6.855	0.21702661
6.860	0.21697576
6.865	0.21692497
6.870	0.21687422
6.875	0.21682352
6.880	0.21677287
6.885	0.21672227
6.890	0.21667172
6.895	0.21662121
6.900	0.21657075
6.905	0.21652033
6.910	0.21646997
6.915	0.21641965
6.920	0.21636938
6.925	0.21631915
6.930	0.21626897
6.935	0.21621884
6.940	0.21616876
6.945	0.21611872
6.950	0.21606873
6.955	0.21601879
6.960	0.21596889
6.965	0.21591904
6.970	0.21586924
6.975	0.21581948
6.980	0.21576976
6.985	0.21572010
6.990	0.21567048
6.995	0.21562091
7.000	0.21557138
7.005	0.21552190
7.010	0.21547246
7.015	0.21542307
7.020	0.21537372
7.025	0.21532442
7.030	0.21527517
7.035	0.21522596
7.040	0.21517680
7.045	0.21512768
7.050	0.21507861
7.055	0.21502958
7.060	0.21498060
7.065	0.21493166
7.070	0.21488277
7.075	0.21483392
7.080	0.21478511
7.085	0.21473636
7.090	0.21468764
7.095	0.21463897
7.100	0.21459035
7.105	0.21454177
7.110	0.21449323
7.115	0.21444474
7.120	0.21439629
7.125	0.21434789
7.130	0.21429953
7.135	0.21425121
7.140	0.21420294
7.145	0.21415471
7.150	0.21410653
7.155	0.21405838
7.160	0.21401029
7.165	0.21396223
7.170	0.21391422
7.175	0.21386626
7.180	0.21381833
7.185	0.21377045
7.190	0.21372262
7.195	0.21367482
7.200	0.21362707
7.205	0.21357936
7.210	0.21353170
7.215	0.21348408
7.220	0.21343650
7.225	0.21338896
7.230	0.21334147
7.235	0.21329402
7.240	0.21324661
7.245	0.21319924
7.250	0.21315192
7.255	0.21310464
7.260	0.21305740
7.265	0.21301020
7.270	0.21296305
7.275	0.21291593
7.280	0.21286886
7.285	0.21282183
7.290	0.21277485
7.295	0.21272790
7.300	0.21268100
7.305	0.21263413
7.310	0.21258731
7.315	0.21254053
7.320	0.21249380
7.325	0.21244710
7.330	0.21240045
7.335	0.21235383
7.340	0.21230726
7.345	0.21226073
7.350	0.21221424
7.355	0.21216779
7.360	0.21212138
7.365	0.21207502
7.370	0.21202869
7.375	0.21198241
7.380	0.21193616
7.385	0.21188996
7.390	0.21184379
7.395	0.21179767
7.400	0.21175159
7.405	0.21170554
7.410	0.21165954
7.415	0.21161358
7.420	0.21156766
7.425	0.21152178
7.430	0.21147594
7.435	0.21143014
7.440	0.21138438
7.445	0.21133865
7.450	0.21129297
7.455	0.21124733
7.460	0.21120173
7.465	0.21115617
7.470	0.21111064
7.475	0.21106516
7.480	0.21101972
7.485	0.21097431
7.490	0.21092895
7.495	0.21088362
7.500	0.21083834
7.505	0.21079309
7.510	0.21074788
7.515	0.21070271
7.520	0.21065758
7.525	0.21061249
7.530	0.21056744
7.535	0.21052243
7.540	0.21047745
7.545	0.21043251
7.550	0.21038762
7.555	0.21034276
7.560	0.21029794
7.565	0.21025316
7.570	0.21020841
7.575	0.21016371
7.580	0.21011904
7.585	0.21007441
7.590	0.21002982
7.595	0.20998527
7.600	0.20994076
7.605	0.20989628
7.610	0.20985184
7.615	0.20980744
7.620	0.20976308
7.625	0.20971876
7.630	0.20967447
7.635	0.20963022
7.640	0.20958601
7.645	0.20954183
7.650	0.20949770
7.655	0.20945360
7.660	0.20940954
7.665	0.20936551
7.670	0.20932152
7.675	0.20927758
7.680	0.20923366
7.685	0.20918979
7.690	0.20914595
7.695	0.20910215
7.700	0.20905838
7.705	0.20901465
7.710	0.20897096
7.715	0.20892731
7.720	0.20888369
7.725	0.20884011
7.730	0.20879657
7.735	0.20875306
7.740	0.20870959
7.745	0.20866615
7.750	0.20862276
7.755	0.20857940
7.760	0.20853607
7.765	0.20849278
7.770	0.20844953
7.775	0.20840631
7.780	0.20836313
7.785	0.20831999
7.790	0.20827688
7.795	0.20823380
7.800	0.20819077
7.805	0.20814777
7.810	0.20810480
7.815	0.20806187
7.820	0.20801898
7.825	0.20797612
7.830	0.20793330
7.835	0.20789051
7.840	0.20784776
7.845	0.20780504
7.850	0.20776236
7.855	0.20771971
7.860	0.20767710
7.865	0.20763453
7.870	0.20759199
7.875	0.20754948
7.880	0.20750701
7.885	0.20746458
7.890	0.20742218
7.895	0.20737981
7.900	0.20733748
7.905	0.20729519
7.910	0.20725293
7.915	0.20721070
7.920	0.20716851
7.925	0.20712635
7.930	0.20708423
7.935	0.20704214
7.940	0.20700009
7.945	0.20695807
7.950	0.20691608
7.955	0.20687413
7.960	0.20683222
7.965	0.20679034
7.970	0.20674849
7.975	0.20670667
7.980	0.20666490
7.985	0.20662315
7.990	0.20658144
7.995	0.20653976
8.000	0.20649812
8.005	0.20645651
8.010	0.20641493
8.015	0.20637339
8.020	0.20633188
8.025	0.20629040
8.030	0.20624896
8.035	0.20620755
8.040	0.20616618
8.045	0.20612484
8.050	0.20608353
8.055	0.20604226
8.060	0.20600102
8.065	0.20595981
8.070	0.20591863
8.075	0.20587749
8.080	0.20583638
8.085	0.20579531
8.090	0.20575426
8.095	0.20571326
8.100	0.20567228
8.105	0.20563133
8.110	0.20559042
8.115	0.20554955
8.120	0.20550870
8.125	0.20546789
8.130	0.20542711
8.135	0.20538636
8.140	0.20534565
8.145	0.20530496
8.150	0.20526431
8.155	0.20522370
8.160	0.20518311
8.165	0.20514256
8.170	0.20510204
8.175	0.20506155
8.180	0.20502109
8.185	0.20498067
8.190	0.20494028
8.195	0.20489992
8.200	0.20485959
8.205	0.20481929
8.210	0.20477903
8.215	0.20473880
8.220	0.20469860
8.225	0.20465843
8.230	0.20461829
8.235	0.20457819
8.240	0.20453811
8.245	0.20449807
8.250	0.20445806
8.255	0.20441808
8.260	0.20437813
8.265	0.20433822
8.270	0.20429833
8.275	0.20425848
8.280	0.20421866
8.285	0.20417887
8.290	0.20413911
8.295	0.20409938
8.300	0.20405968
8.305	0.20402002
8.310	0.20398038
8.315	0.20394078
8.320	0.20390121
8.325	0.20386166
8.330	0.20382215
8.335	0.20378267
8.340	0.20374322
8.345	0.20370380
8.350	0.20366442
8.355	0.20362506
8.360	0.20358573
8.365	0.20354644
8.370	0.20350717
8.375	0.20346794
8.380	0.20342873
8.385	0.20338956
8.390	0.20335041
8.395	0.20331130
8.400	0.20327222
8.405	0.20323316
8.410	0.20319414
8.415	0.20315515
8.420	0.20311619
8.425	0.20307725
8.430	0.20303835
8.435	0.20299948
8.440	0.20296064
8.445	0.20292182
8.450	0.20288304
8.455	0.20284429
8.460	0.20280556
8.465	0.20276687
8.470	0.20272821
8.475	0.20268957
8.480	0.20265097
8.485	0.20261240
8.490	0.20257385
8.495	0.20253533
8.500	0.20249685
8.505	0.20245839
8.510	0.20241997
8.515	0.20238157
8.520	0.20234320
8.525	0.20230486
8.530	0.20226655
8.535	0.20222827
8.540	0.20219002
8.545	0.20215179
8.550	0.20211360
8.555	0.20207544
8.560	0.20203730
8.565	0.20199920
8.570	0.20196112
8.575	0.20192307
8.580	0.20188505
8.585	0.20184706
8.590	0.20180910
8.595	0.20177116
8.600	0.20173326
8.605	0.20169538
8.610	0.20165754
8.615	0.20161972
8.620	0.20158193
8.625	0.20154417
8.630	0.20150643
8.635	0.20146873
8.640	0.20143105
8.645	0.20139340
8.650	0.20135578
8.655	0.20131819
8.660	0.20128063
8.665	0.20124310
8.670	0.20120559
8.675	0.20116811
8.680	0.20113066
8.685	0.20109324
8.690	0.20105584
8.695	0.20101848
8.700	0.20098114
8.705	0.20094383
8.710	0.20090655
8.715	0.20086929
8.720	0.20083206
8.725	0.20079486
8.730	0.20075769
8.735	0.20072055
8.740	0.20068343
8.745	0.20064635
8.750	0.20060928
8.755	0.20057225
8.760	0.20053525
8.765	0.20049827
8.770	0.20046132
8.775	0.20042439
8.780	0.20038750
8.785	0.20035063
8.790	0.20031379
8.795	0.20027697
8.800	0.20024019
8.805	0.20020343
8.810	0.20016669
8.815	0.20012999
8.820	0.20009331
8.825	0.20005666
8.830	0.20002003
8.835	0.19998344
8.840	0.19994687
8.845	0.19991032
8.850	0.19987381
8.855	0.19983732
8.860	0.19980086
8.865	0.19976442
8.870	0.19972801
8.875	0.19969163
8.880	0.19965527
8.885	0.19961894
8.890	0.19958264
8.895	0.19954636
8.900	0.19951011
8.905	0.19947389
8.910	0.19943770
8.915	0.19940153
8.920	0.19936538
8.925	0.19932926
8.930	0.19929317
8.935	0.19925711
8.940	0.19922107
8.945	0.19918506
8.950	0.19914907
8.955	0.19911311
8.960	0.19907718
8.965	0.19904127
8.970	0.19900539
8.975	0.19896953
8.980	0.19893371
8.985	0.19889790
8.990	0.19886212
8.995	0.19882637
9.000	0.19879065
9.005	0.19875495
9.010	0.19871927
9.015	0.19868362
9.020	0.19864800
9.025	0.19861241
9.030	0.19857683
9.035	0.19854129
9.040	0.19850577
9.045	0.19847027
9.050	0.19843481
9.055	0.19839936
9.060	0.19836394
9.065	0.19832855
9.070	0.19829319
9.075	0.19825784
9.080	0.19822253
9.085	0.19818724
9.090	0.19815197
9.095	0.19811673
9.100	0.19808152
9.105	0.19804633
9.110	0.19801116
9.115	0.19797602
9.120	0.19794091
9.125	0.19790582
9.130	0.19787075
9.135	0.19783571
9.140	0.19780070
9.145	0.19776571
9.150	0.19773074
9.155	0.19769581
9.160	0.19766089
9.165	0.19762600
9.170	0.19759114
9.175	0.19755629
9.180	0.19752148
9.185	0.19748669
9.190	0.19745192
9.195	0.19741718
9.200	0.19738246
9.205	0.19734777
9.210	0.19731310
9.215	0.19727846
9.220	0.19724384
9.225	0.19720924
9.230	0.19717467
9.235	0.19714013
9.240	0.19710561
9.245	0.19707111
9.250	0.19703664
9.255	0.19700219
9.260	0.19696776
9.265	0.19693336
9.270	0.19689899
9.275	0.19686464
9.280	0.19683031
9.285	0.19679601
9.290	0.19676173
9.295	0.19672747
9.300	0.19669324
9.305	0.19665903
9.310	0.19662485
9.315	0.19659069
9.320	0.19655655
9.325	0.19652244
9.330	0.19648835
9.335	0.19645429
9.340	0.19642025
9.345	0.19638623
9.350	0.19635224
9.355	0.19631827
9.360	0.19628432
9.365	0.19625040
9.370	0.19621650
9.375	0.19618263
9.380	0.19614878
9.385	0.19611495
9.390	0.19608114
9.395	0.19604736
9.400	0.19601361
9.405	0.19597987
9.410	0.19594616
9.415	0.19591247
9.420	0.19587881
9.425	0.19584517
9.430	0.19581155
9.435	0.19577796
9.440	0.19574438
9.445	0.19571084
9.450	0.19567731
9.455	0.19564381
9.460	0.19561033
9.465	0.19557688
9.470	0.19554344
9.475	0.19551003
9.480	0.19547665
9.485	0.19544328
9.490	0.19540994
9.495	0.19537662
9.500	0.19534333
9.505	0.19531006
9.510	0.19527681
9.515	0.19524358
9.520	0.19521038
9.525	0.19517720
9.530	0.19514404
9.535	0.19511090
9.540	0.19507779
9.545	0.19504470
9.550	0.19501163
9.555	0.19497859
9.560	0.19494556
9.565	0.19491256
9.570	0.19487958
9.575	0.19484663
9.580	0.19481370
9.585	0.19478079
9.590	0.19474790
9.595	0.19471503
9.600	0.19468219
9.605	0.19464937
9.610	0.19461657
9.615	0.19458379
9.620	0.19455104
9.625	0.19451830
9.630	0.19448559
9.635	0.19445291
9.640	0.19442024
9.645	0.19438760
9.650	0.19435497
9.655	0.19432238
9.660	0.19428980
9.665	0.19425724
9.670	0.19422471
9.675	0.19419220
9.680	0.19415971
9.685	0.19412724
9.690	0.19409479
9.695	0.19406237
9.700	0.19402996
9.705	0.19399758
9.710	0.19396522
9.715	0.19393289
9.720	0.19390057
9.725	0.19386828
9.730	0.19383601
9.735	0.19380375
9.740	0.19377153
9.745	0.19373932
9.750	0.19370713
9.755	0.19367497
9.760	0.19364282
9.765	0.19361070
9.770	0.19357860
9.775	0.19354652
9.780	0.19351447
9.785	0.19348243
9.790	0.19345042
9.795	0.19341842
9.800	0.19338645
9.805	0.19335450
9.810	0.19332257
9.815	0.19329066
9.820	0.19325877
9.825	0.19322691
9.830	0.19319506
9.835	0.19316324
9.840	0.19313144
9.845	0.19309966
9.850	0.19306790
9.855	0.19303616
9.860	0.19300444
9.865	0.19297274
9.870	0.19294106
9.875	0.19290941
9.880	0.19287777
9.885	0.19284616
9.890	0.19281457
9.895	0.19278299
9.900	0.19275144
9.905	0.19271991
9.910	0.19268840
9.915	0.19265691
9.920	0.19262544
9.925	0.19259400
9.930	0.19256257
9.935	0.19253116
9.940	0.19249978
9.945	0.19246841
9.950	0.19243707
9.955	0.19240574
9.960	0.19237444
9.965	0.19234316
9.970	0.19231189
9.975	0.19228065
9.980	0.19224943
9.985	0.19221823
9.990	0.19218705
9.995	0.19215589
10.000	0.19212475
10.005	0.19209363
10.010	0.19206253
10.015	0.19203145
10.020	0.19200039
10.025	0.19196935
10.030	0.19193833
10.035	0.19190733
10.040	0.19187635
10.045	0.19184539
10.050	0.19181446
10.055	0.19178354
10.060	0.19175264
10.065	0.19172176
10.070	0.19169090
10.075	0.19166007
10.080	0.19162925
10.085	0.19159845
10.090	0.19156767
10.095	0.19153691
10.100	0.19150617
10.105	0.19147545
10.110	0.19144476
10.115	0.19141408
10.120	0.19138342
10.125	0.19135278
10.130	0.19132216
10.135	0.19129156
10.140	0.19126098
10.145	0.19123042
10.150	0.19119988
10.155	0.19116935
10.160	0.19113885
10.165	0.19110837
10.170	0.19107791
10.175	0.19104746
10.180	0.19101704
10.185	0.19098664
10.190	0.19095625
10.195	0.19092589
10.200	0.19089554
10.205	0.19086521
10.210	0.19083491
10.215	0.19080462
10.220	0.19077435
10.225	0.19074410
10.230	0.19071387
10.235	0.19068366
10.240	0.19065347
10.245	0.19062330
10.250	0.19059314
10.255	0.19056301
10.260	0.19053290
10.265	0.19050280
10.270	0.19047272
10.275	0.19044267
10.280	0.19041263
10.285	0.19038261
10.290	0.19035261
10.295	0.19032263
10.300	0.19029267
10.305	0.19026273
10.310	0.19023280
10.315	0.19020290
10.320	0.19017301
10.325	0.19014314
10.330	0.19011329
10.335	0.19008347
10.340	0.19005365
10.345	0.19002386
10.350	0.18999409
10.355	0.18996434
10.360	0.18993460
10.365	0.18990488
10.370	0.18987518
10.375	0.18984551
10.380	0.18981584
10.385	0.18978620
10.390	0.18975658
10.395	0.18972697
10.400	0.18969739
10.405	0.18966782
10.410	0.18963827
10.415	0.18960874
10.420	0.18957923
10.425	0.18954973
10.430	0.18952026
10.435	0.18949080
10.440	0.18946136
10.445	0.18943194
10.450	0.18940254
10.455	0.18937316
10.460	0.18934379
10.465	0.18931445
10.470	0.18928512
10.475	0.18925581
10.480	0.18922652
10.485	0.18919724
10.490	0.18916799
10.495	0.18913875
10.500	0.18910953
10.505	0.18908033
10.510	0.18905115
10.515	0.18902198
10.520	0.18899284
10.525	0.18896371
10.530	0.18893460
10.535	0.18890551
10.540	0.18887643
10.545	0.18884738
10.550	0.18881834
10.555	0.18878932
10.560	0.18876032
10.565	0.18873133
10.570	0.18870237
10.575	0.18867342
10.580	0.18864449
10.585	0.18861557
10.590	0.18858668
10.595	0.18855780
10.600	0.18852894
10.605	0.18850010
10.610	0.18847128
10.615	0.18844247
10.620	0.18841368
10.625	0.18838491
10.630	0.18835616
10.635	0.18832742
10.640	0.18829870
10.645	0.18827000
10.650	0.18824132
10.655	0.18821266
10.660	0.18818401
10.665	0.18815538
10.670	0.18812677
10.675	0.18809817
10.680	0.18806959
10.685	0.18804103
10.690	0.18801249
10.695	0.18798397
10.700	0.18795546
10.705	0.18792697
10.710	0.18789849
10.715	0.18787004
10.720	0.18784160
10.725	0.18781318
10.730	0.18778478
10.735	0.18775639
10.740	0.18772802
10.745	0.18769967
10.750	0.18767133
10.755	0.18764302
10.760	0.18761472
10.765	0.18758643
10.770	0.18755817
10.775	0.18752992
10.780	0.18750169
10.785	0.18747347
10.790	0.18744527
10.795	0.18741709
10.800	0.18738893
10.805	0.18736078
10.810	0.18733265
10.815	0.18730454
10.820	0.18727645
10.825	0.18724837
10.830	0.18722031
10.835	0.18719226
10.840	0.18716423
10.845	0.18713622
10.850	0.18710823
10.855	0.18708025
10.860	0.18705229
10.865	0.18702435
10.870	0.18699642
10.875	0.18696851
10.880	0.18694062
10.885	0.18691274
10.890	0.18688488
10.895	0.18685704
10.900	0.18682921
10.905	0.18680140
10.910	0.18677361
10.915	0.18674583
10.920	0.18671807
10.925	0.18669033
10.930	0.18666260
10.935	0.18663489
10.940	0.18660720
10.945	0.18657952
10.950	0.18655186
10.955	0.18652422
10.960	0.18649659
10.965	0.18646898
10.970	0.18644139
10.975	0.18641381
10.980	0.18638625
10.985	0.18635870
10.990	0.18633117
10.995	0.18630366
11.000	0.18627616
11.005	0.18624868
11.010	0.18622122
11.015	0.18619377
11.020	0.18616634
11.025	0.18613893
11.030	0.18611153
11.035	0.18608415
11.040	0.18605678
11.045	0.18602943
11.050	0.18600210
11.055	0.18597478
11.060	0.18594748
11.065	0.18592019
11.070	0.18589292
11.075	0.18586567
11.080	0.18583843
11.085	0.18581121
11.090	0.18578401
11.095	0.18575682
11.100	0.18572964
11.105	0.18570249
11.110	0.18567535
11.115	0.18564822
11.120	0.18562111
11.125	0.18559402
11.130	0.18556694
11.135	0.18553988
11.140	0.18551283
11.145	0.18548580
11.150	0.18545879
11.155	0.18543179
11.160	0.18540481
11.165	0.18537784
11.170	0.18535089
11.175	0.18532396
11.180	0.18529704
11.185	0.18527014
11.190	0.18524325
11.195	0.18521638
11.200	0.18518952
11.205	0.18516268
11.210	0.18513585
11.215	0.18510904
11.220	0.18508225
11.225	0.18505547
11.230	0.18502871
11.235	0.18500196
11.240	0.18497523
11.245	0.18494851
11.250	0.18492181
11.255	0.18489513
11.260	0.18486846
11.265	0.18484181
11.270	0.18481517
11.275	0.18478854
11.280	0.18476194
11.285	0.18473534
11.290	0.18470877
11.295	0.18468221
11.300	0.18465566
11.305	0.18462913
11.310	0.18460261
11.315	0.18457611
11.320	0.18454963
11.325	0.18452316
11.330	0.18449670
11.335	0.18447027
11.340	0.18444384
11.345	0.18441743
11.350	0.18439104
11.355	0.18436466
11.360	0.18433830
11.365	0.18431195
11.370	0.18428562
11.375	0.18425930
11.380	0.18423300
11.385	0.18420671
11.390	0.18418044
11.395	0.18415418
11.400	0.18412794
11.405	0.18410171
11.410	0.18407550
11.415	0.18404930
11.420	0.18402312
11.425	0.18399695
11.430	0.18397080
11.435	0.18394466
11.440	0.18391854
11.445	0.18389244
11.450	0.18386634
11.455	0.18384027
11.460	0.18381420
11.465	0.18378815
11.470	0.18376212
11.475	0.18373610
11.480	0.18371010
11.485	0.18368411
11.490	0.18365814
11.495	0.18363218
11.500	0.18360624
11.505	0.18358031
11.510	0.18355439
11.515	0.18352849
11.520	0.18350261
11.525	0.18347673
11.530	0.18345088
11.535	0.18342504
11.540	0.18339921
11.545	0.18337340
11.550	0.18334760
11.555	0.18332182
11.560	0.18329605
11.565	0.18327030
11.570	0.18324456
11.575	0.18321883
11.580	0.18319312
11.585	0.18316743
11.590	0.18314175
11.595	0.18311608
11.600	0.18309043
11.605	0.18306479
11.610	0.18303917
11.615	0.18301356
11.620	0.18298796
11.625	0.18296238
11.630	0.18293682
11.635	0.18291127
11.640	0.18288573
11.645	0.18286021
11.650	0.18283470
11.655	0.18280920
11.660	0.18278372
11.665	0.18275826
11.670	0.18273281
11.675	0.18270737
11.680	0.18268195
11.685	0.18265654
11.690	0.18263115
11.695	0.18260577
11.700	0.18258040
11.705	0.18255505
11.710	0.18252971
11.715	0.18250439
11.720	0.18247908
11.725	0.18245378
11.730	0.18242850
11.735	0.18240324
11.740	0.18237798
11.745	0.18235274
11.750	0.18232752
11.755	0.18230231
11.760	0.18227711
11.765	0.18225193
11.770	0.18222676
11.775	0.18220161
11.780	0.18217647
11.785	0.18215134
11.790	0.18212623
11.795	0.18210113
11.800	0.18207604
11.805	0.18205097
11.810	0.18202591
11.815	0.18200087
11.820	0.18197584
11.825	0.18195083
11.830	0.18192582
11.835	0.18190084
11.840	0.18187586
11.845	0.18185090
11.850	0.18182595
11.855	0.18180102
11.860	0.18177610
11.865	0.18175120
11.870	0.18172630
11.875	0.18170143
11.880	0.18167656
11.885	0.18165171
11.890	0.18162687
11.895	0.18160205
11.900	0.18157724
11.905	0.18155245
11.910	0.18152766
11.915	0.18150289
11.920	0.18147814
11.925	0.18145340
11.930	0.18142867
11.935	0.18140396
11.940	0.18137925
11.945	0.18135457
11.950	0.18132989
11.955	0.18130523
11.960	0.18128059
11.965	0.18125595
11.970	0.18123133
11.975	0.18120673
11.980	0.18118213
11.985	0.18115755
11.990	0.18113299
11.995	0.18110843
12.000	0.18108389
12.005	0.18105937
12.010	0.18103486
12.015	0.18101036
12.020	0.18098587
12.025	0.18096140
12.030	0.18093694
12.035	0.18091249
12.040	0.18088806
12.045	0.18086364
12.050	0.18083923
12.055	0.18081484
12.060	0.18079046
12.065	0.18076609
12.070	0.18074174
12.075	0.18071740
12.080	0.18069307
12.085	0.18066876
12.090	0.18064446
12.095	0.18062017
12.100	0.18059589
12.105	0.18057163
12.110	0.18054738
12.115	0.18052315
12.120	0.18049893
12.125	0.18047472
12.130	0.18045052
12.135	0.18042634
12.140	0.18040217
12.145	0.18037801
12.150	0.18035387
12.155	0.18032974
12.160	0.18030562
12.165	0.18028151
12.170	0.18025742
12.175	0.18023334
12.180	0.18020928
12.185	0.18018522
12.190	0.18016118
12.195	0.18013716
12.200	0.18011314
12.205	0.18008914
12.210	0.18006515
12.215	0.18004118
12.220	0.18001721
12.225	0.17999326
12.230	0.17996932
12.235	0.17994540
12.240	0.17992149
12.245	0.17989759
12.250	0.17987370
12.255	0.17984983
12.260	0.17982597
12.265	0.17980212
12.270	0.17977828
12.275	0.17975446
12.280	0.17973065
12.285	0.17970685
12.290	0.17968307
12.295	0.17965930
12.300	0.17963554
12.305	0.17961179
12.310	0.17958806
12.315	0.17956434
12.320	0.17954063
12.325	0.17951693
12.330	0.17949325
12.335	0.17946958
12.340	0.17944592
12.345	0.17942227
12.350	0.17939864
12.355	0.17937502
12.360	0.17935141
12.365	0.17932781
12.370	0.17930423
12.375	0.17928066
12.380	0.17925710
12.385	0.17923355
12.390	0.17921002
12.395	0.17918650
12.400	0.17916299
12.405	0.17913949
12.410	0.17911601
12.415	0.17909254
12.420	0.17906908
12.425	0.17904563
12.430	0.17902220
12.435	0.17899877
12.440	0.17897536
12.445	0.17895197
12.450	0.17892858
12.455	0.17890521
12.460	0.17888185
12.465	0.17885850
12.470	0.17883516
12.475	0.17881184
12.480	0.17878853
12.485	0.17876523
12.490	0.17874194
12.495	0.17871866
12.500	0.17869540
12.505	0.17867215
12.510	0.17864891
12.515	0.17862568
12.520	0.17860247
12.525	0.17857927
12.530	0.17855608
12.535	0.17853290
12.540	0.17850973
12.545	0.17848658
12.550	0.17846344
12.555	0.17844031
12.560	0.17841719
12.565	0.17839409
12.570	0.17837099
12.575	0.17834791
12.580	0.17832484
12.585	0.17830178
12.590	0.17827874
12.595	0.17825570
12.600	0.17823268
12.605	0.17820967
12.610	0.17818667
12.615	0.17816369
12.620	0.17814072
12.625	0.17811775
12.630	0.17809480
12.635	0.17807186
12.640	0.17804894
12.645	0.17802602
12.650	0.17800312
12.655	0.17798023
12.660	0.17795735
12.665	0.17793448
12.670	0.17791163
12.675	0.17788879
12.680	0.17786595
12.685	0.17784313
12.690	0.17782033
12.695	0.17779753
12.700	0.17777475
12.705	0.17775197
12.710	0.17772921
12.715	0.17770646
12.720	0.17768372
12.725	0.17766100
12.730	0.17763828
12.735	0.17761558
12.740	0.17759289
12.745	0.17757021
12.750	0.17754754
12.755	0.17752489
12.760	0.17750224
12.765	0.17747961
12.770	0.17745699
12.775	0.17743438
12.780	0.17741178
12.785	0.17738919
12.790	0.17736662
12.795	0.17734406
12.800	0.17732150
12.805	0.17729896
12.810	0.17727643
12.815	0.17725392
12.820	0.17723141
12.825	0.17720892
12.830	0.17718643
12.835	0.17716396
12.840	0.17714150
12.845	0.17711905
12.850	0.17709662
12.855	0.17707419
12.860	0.17705178
12.865	0.17702938
12.870	0.17700698
12.875	0.17698460
12.880	0.17696224
12.885	0.17693988
12.890	0.17691753
12.895	0.17689520
12.900	0.17687287
12.905	0.17685056
12.910	0.17682826
12.915	0.17680597
12.920	0.17678369
12.925	0.17676143
12.930	0.17673917
12.935	0.17671693
12.940	0.17669470
12.945	0.17667247
12.950	0.17665026
12.955	0.17662806
12.960	0.17660588
12.965	0.17658370
12.970	0.17656153
12.975	0.17653938
12.980	0.17651724
12.985	0.17649510
12.990	0.17647298
12.995	0.17645087
13.000	0.17642878
13.005	0.17640669
13.010	0.17638461
13.015	0.17636255
13.020	0.17634049
13.025	0.17631845
13.030	0.17629642
13.035	0.17627440
13.040	0.17625239
13.045	0.17623039
13.050	0.17620840
13.055	0.17618642
13.060	0.17616446
13.065	0.17614250
13.070	0.17612056
13.075	0.17609863
13.080	0.17607670
13.085	0.17605479
13.090	0.17603289
13.095	0.17601100
13.100	0.17598913
13.105	0.17596726
13.110	0.17594540
13.115	0.17592356
13.120	0.17590172
13.125	0.17587990
13.130	0.17585809
13.135	0.17583629
13.140	0.17581450
13.145	0.17579272
13.150	0.17577095
13.155	0.17574919
13.160	0.17572744
13.165	0.17570570
13.170	0.17568398
13.175	0.17566226
13.180	0.17564056
13.185	0.17561887
13.190	0.17559718
13.195	0.17557551
13.200	0.17555385
13.205	0.17553220
13.210	0.17551056
13.215	0.17548893
13.220	0.17546731
13.225	0.17544571
13.230	0.17542411
13.235	0.17540252
13.240	0.17538095
13.245	0.17535938
13.250	0.17533783
13.255	0.17531629
13.260	0.17529475
13.265	0.17527323
13.270	0.17525172
13.275	0.17523022
13.280	0.17520873
13.285	0.17518725
13.290	0.17516578
13.295	0.17514432
13.300	0.17512287
13.305	0.17510144
13.310	0.17508001
13.315	0.17505859
13.320	0.17503719
13.325	0.17501579
13.330	0.17499441
13.335	0.17497303
13.340	0.17495167
13.345	0.17493031
13.350	0.17490897
13.355	0.17488764
13.360	0.17486632
13.365	0.17484501
13.370	0.17482370
13.375	0.17480241
13.380	0.17478113
13.385	0.17475986
13.390	0.17473860
13.395	0.17471736
13.400	0.17469612
13.405	0.17467489
13.410	0.17465367
13.415	0.17463246
13.420	0.17461127
13.425	0.17459008
13.430	0.17456890
13.435	0.17454774
13.440	0.17452658
13.445	0.17450544
13.450	0.17448430
13.455	0.17446318
13.460	0.17444206
13.465	0.17442096
13.470	0.17439986
13.475	0.17437878
13.480	0.17435771
13.485	0.17433664
13.490	0.17431559
13.495	0.17429455
13.500	0.17427351
13.505	0.17425249
13.510	0.17423148
13.515	0.17421048
13.520	0.17418948
13.525	0.17416850
13.530	0.17414753
13.535	0.17412657
13.540	0.17410562
13.545	0.17408468
13.550	0.17406375
13.555	0.17404283
13.560	0.17402191
13.565	0.17400101
13.570	0.17398012
13.575	0.17395924
13.580	0.17393837
13.585	0.17391751
13.590	0.17389666
13.595	0.17387582
13.600	0.17385499
13.605	0.17383417
13.610	0.17381336
13.615	0.17379256
13.620	0.17377177
13.625	0.17375099
13.630	0.17373022
13.635	0.17370946
13.640	0.17368871
13.645	0.17366797
13.650	0.17364724
13.655	0.17362652
13.660	0.17360581
13.665	0.17358511
13.670	0.17356442
13.675	0.17354374
13.680	0.17352306
13.685	0.17350240
13.690	0.17348175
13.695	0.17346111
13.700	0.17344048
13.705	0.17341986
13.710	0.17339925
13.715	0.17337865
13.720	0.17335805
13.725	0.17333747
13.730	0.17331690
13.735	0.17329634
13.740	0.17327578
13.745	0.17325524
13.750	0.17323471
13.755	0.17321419
13.760	0.17319367
13.765	0.17317317
13.770	0.17315267
13.775	0.17313219
13.780	0.17311172
13.785	0.17309125
13.790	0.17307080
13.795	0.17305035
13.800	0.17302992
13.805	0.17300949
13.810	0.17298907
13.815	0.17296867
13.820	0.17294827
13.825	0.17292788
13.830	0.17290751
13.835	0.17288714
13.840	0.17286678
13.845	0.17284643
13.850	0.17282609
13.855	0.17280576
13.860	0.17278544
13.865	0.17276513
13.870	0.17274483
13.875	0.17272454
13.880	0.17270426
13.885	0.17268399
13.890	0.17266373
13.895	0.17264347
13.900	0.17262323
13.905	0.17260300
13.910	0.17258277
13.915	0.17256256
13.920	0.17254235
13.925	0.17252216
13.930	0.17250197
13.935	0.17248180
13.940	0.17246163
13.945	0.17244147
13.950	0.17242132
13.955	0.17240118
13.960	0.17238106
13.965	0.17236094
13.970	0.17234083
13.975	0.17232072
13.980	0.17230063
13.985	0.17228055
13.990	0.17226048
13.995	0.17224042
14.000	0.17222036
14.005	0.17220032
14.010	0.17218028
14.015	0.17216026
14.020	0.17214024
14.025	0.17212023
14.030	0.17210024
14.035	0.17208025
14.040	0.17206027
14.045	0.17204030
14.050	0.17202034
14.055	0.17200039
14.060	0.17198045
14.065	0.17196051
14.070	0.17194059
14.075	0.17192068
14.080	0.17190077
14.085	0.17188088
14.090	0.17186099
14.095	0.17184111
14.100	0.17182125
14.105	0.17180139
14.110	0.17178154
14.115	0.17176170
14.120	0.17174187
14.125	0.17172205
14.130	0.17170223
14.135	0.17168243
14.140	0.17166264
14.145	0.17164285
14.150	0.17162308
14.155	0.17160331
14.160	0.17158355
14.165	0.17156381
14.170	0.17154407
14.175	0.17152434
14.180	0.17150462
14.185	0.17148490
14.190	0.17146520
14.195	0.17144551
14.200	0.17142582
14.205	0.17140615
14.210	0.17138648
14.215	0.17136683
14.220	0.17134718
14.225	0.17132754
14.230	0.17130791
14.235	0.17128829
14.240	0.17126868
14.245	0.17124907
14.250	0.17122948
14.255	0.17120989
14.260	0.17119032
14.265	0.17117075
14.270	0.17115119
14.275	0.17113165
14.280	0.17111211
14.285	0.17109257
14.290	0.17107305
14.295	0.17105354
14.300	0.17103404
14.305	0.17101454
14.310	0.17099505
14.315	0.17097558
14.320	0.17095611
14.325	0.17093665
14.330	0.17091720
14.335	0.17089776
14.340	0.17087832
14.345	0.17085890
14.350	0.17083949
14.355	0.17082008
14.360	0.17080068
14.365	0.17078129
14.370	0.17076191
14.375	0.17074254
14.380	0.17072318
14.385	0.17070383
14.390	0.17068448
14.395	0.17066515
14.400	0.17064582
14.405	0.17062650
14.410	0.17060720
14.415	0.17058789
14.420	0.17056860
14.425	0.17054932
14.430	0.17053005
14.435	0.17051078
14.440	0.17049152
14.445	0.17047228
14.450	0.17045304
14.455	0.17043381
14.460	0.17041459
14.465	0.17039537
14.470	0.17037617
14.475	0.17035697
14.480	0.17033779
14.485	0.17031861
14.490	0.17029944
14.495	0.17028028
14.500	0.17026113
14.505	0.17024198
14.510	0.17022285
14.515	0.17020372
14.520	0.17018461
14.525	0.17016550
14.530	0.17014640
14.535	0.17012730
14.540	0.17010822
14.545	0.17008915
14.550	0.17007008
14.555	0.17005102
14.560	0.17003198
14.565	0.17001294
14.570	0.16999390
14.575	0.16997488
14.580	0.16995587
14.585	0.16993686
14.590	0.16991786
14.595	0.16989887
14.600	0.16987989
14.605	0.16986092
14.610	0.16984196
14.615	0.16982300
14.620	0.16980406
14.625	0.16978512
14.630	0.16976619
14.635	0.16974727
14.640	0.16972836
14.645	0.16970946
14.650	0.16969056
14.655	0.16967167
14.660	0.16965279
14.665	0.16963392
14.670	0.16961506
14.675	0.16959621
14.680	0.16957737
14.685	0.16955853
14.690	0.16953970
14.695	0.16952088
14.700	0.16950207
14.705	0.16948327
14.710	0.16946447
14.715	0.16944569
14.720	0.16942691
14.725	0.16940814
14.730	0.16938938
14.735	0.16937063
14.740	0.16935188
14.745	0.16933315
14.750	0.16931442
14.755	0.16929570
14.760	0.16927699
14.765	0.16925829
14.770	0.16923959
14.775	0.16922091
14.780	0.16920223
14.785	0.16918356
14.790	0.16916490
14.795	0.16914625
14.800	0.16912760
14.805	0.16910897
14.810	0.16909034
14.815	0.16907172
14.820	0.16905311
14.825	0.16903450
14.830	0.16901591
14.835	0.16899732
14.840	0.16897874
14.845	0.16896017
14.850	0.16894161
14.855	0.16892306
14.860	0.16890451
14.865	0.16888597
14.870	0.16886744
14.875	0.16884892
14.880	0.16883041
14.885	0.16881190
14.890	0.16879341
14.895	0.16877492
14.900	0.16875644
14.905	0.16873797
14.910	0.16871950
14.915	0.16870104
14.920	0.16868260
14.925	0.16866416
14.930	0.16864572
14.935	0.16862730
14.940	0.16860889
14.945	0.16859048
14.950	0.16857208
14.955	0.16855369
14.960	0.16853530
14.965	0.16851693
14.970	0.16849856
14.975	0.16848020
14.980	0.16846185
14.985	0.16844351
14.990	0.16842517
14.995	0.16840684
15.000	0.16838853
15.005	0.16837021
15.010	0.16835191
15.015	0.16833362
15.020	0.16831533
15.025	0.16829705
15.030	0.16827878
15.035	0.16826052
15.040	0.16824226
15.045	0.16822401
15.050	0.16820577
15.055	0.16818754
15.060	0.16816932
15.065	0.16815110
15.070	0.16813290
15.075	0.16811470
15.080	0.16809650
15.085	0.16807832
15.090	0.16806015
15.095	0.16804198
15.100	0.16802382
15.105	0.16800566
15.110	0.16798752
15.115	0.16796938
15.120	0.16795126
15.125	0.16793313
15.130	0.16791502
15.135	0.16789692
15.140	0.16787882
15.145	0.16786073
15.150	0.16784265
15.155	0.16782457
15.160	0.16780651
15.165	0.16778845
15.170	0.16777040
15.175	0.16775236
15.180	0.16773432
15.185	0.16771630
15.190	0.16769828
15.195	0.16768027
15.200	0.16766226
15.205	0.16764427
15.210	0.16762628
15.215	0.16760830
15.220	0.16759033
15.225	0.16757236
15.230	0.16755440
15.235	0.16753646
15.240	0.16751851
15.245	0.16750058
15.250	0.16748265
15.255	0.16746474
15.260	0.16744682
15.265	0.16742892
15.270	0.16741103
15.275	0.16739314
15.280	0.16737526
15.285	0.16735739
15.290	0.16733952
15.295	0.16732166
15.300	0.16730382
15.305	0.16728597
15.310	0.16726814
15.315	0.16725031
15.320	0.16723249
15.325	0.16721468
15.330	0.16719688
15.335	0.16717908
15.340	0.16716130
15.345	0.16714352
15.350	0.16712574
15.355	0.16710798
15.360	0.16709022
15.365	0.16707247
15.370	0.16705473
15.375	0.16703699
15.380	0.16701926
15.385	0.16700154
15.390	0.16698383
15.395	0.16696613
15.400	0.16694843
15.405	0.16693074
15.410	0.16691306
15.415	0.16689538
15.420	0.16687771
15.425	0.16686005
15.430	0.16684240
15.435	0.16682476
15.440	0.16680712
15.445	0.16678949
15.450	0.16677187
15.455	0.16675425
15.460	0.16673665
15.465	0.16671905
15.470	0.16670145
15.475	0.16668387
15.480	0.16666629
15.485	0.16664872
15.490	0.16663116
15.495	0.16661360
15.500	0.16659606
15.505	0.16657852
15.510	0.16656098
15.515	0.16654346
15.520	0.16652594
15.525	0.16650843
15.530	0.16649093
15.535	0.16647343
15.540	0.16645594
15.545	0.16643846
15.550	0.16642099
15.555	0.16640352
15.560	0.16638606
15.565	0.16636861
15.570	0.16635117
15.575	0.16633373
15.580	0.16631630
15.585	0.16629888
15.590	0.16628146
15.595	0.16626406
15.600	0.16624666
15.605	0.16622926
15.610	0.16621188
15.615	0.16619450
15.620	0.16617713
15.625	0.16615976
15.630	0.16614241
15.635	0.16612506
15.640	0.16610772
15.645	0.16609038
15.650	0.16607305
15.655	0.16605573
15.660	0.16603842
15.665	0.16602112
15.670	0.16600382
15.675	0.16598653
15.680	0.16596924
15.685	0.16595197
15.690	0.16593470
15.695	0.16591744
15.700	0.16590018
15.705	0.16588293
15.710	0.16586569
15.715	0.16584846
15.720	0.16583123
15.725	0.16581401
15.730	0.16579680
15.735	0.16577960
15.740	0.16576240
15.745	0.16574521
15.750	0.16572803
15.755	0.16571085
15.760	0.16569368
15.765	0.16567652
15.770	0.16565937
15.775	0.16564222
15.780	0.16562508
15.785	0.16560795
15.790	0.16559082
15.795	0.16557370
15.800	0.16555659
15.805	0.16553949
15.810	0.16552239
15.815	0.16550530
15.820	0.16548821
15.825	0.16547114
15.830	0.16545407
15.835	0.16543701
15.840	0.16541995
15.845	0.16540290
15.850	0.16538586
15.855	0.16536883
15.860	0.16535180
15.865	0.16533478
15.870	0.16531777
15.875	0.16530076
15.880	0.16528377
15.885	0.16526677
15.890	0.16524979
15.895	0.16523281
15.900	0.16521584
15.905	0.16519888
15.910	0.16518192
15.915	0.16516497
15.920	0.16514803
15.925	0.16513109
15.930	0.16511417
15.935	0.16509724
15.940	0.16508033
15.945	0.16506342
15.950	0.16504652
15.955	0.16502963
15.960	0.16501274
15.965	0.16499586
15.970	0.16497899
15.975	0.16496212
15.980	0.16494526
15.985	0.16492841
15.990	0.16491156
15.995	0.16489473
16.000	0.16487789
16.005	0.16486107
16.010	0.16484425
16.015	0.16482744
16.020	0.16481064
16.025	0.16479384
16.030	0.16477705
16.035	0.16476027
16.040	0.16474349
16.045	0.16472672
16.050	0.16470996
16.055	0.16469320
16.060	0.16467645
16.065	0.16465971
16.070	0.16464298
16.075	0.16462625
16.080	0.16460953
16.085	0.16459281
16.090	0.16457610
16.095	0.16455940
16.100	0.16454271
16.105	0.16452602
16.110	0.16450934
16.115	0.16449267
16.120	0.16447600
16.125	0.16445934
16.130	0.16444268
16.135	0.16442604
16.140	0.16440940
16.145	0.16439276
16.150	0.16437614
16.155	0.16435952
16.160	0.16434291
16.165	0.16432630
16.170	0.16430970
16.175	0.16429311
16.180	0.16427652
16.185	0.16425994
16.190	0.16424337
16.195	0.16422680
16.200	0.16421024
16.205	0.16419369
16.210	0.16417715
16.215	0.16416061
16.220	0.16414407
16.225	0.16412755
16.230	0.16411103
16.235	0.16409452
16.240	0.16407801
16.245	0.16406151
16.250	0.16404502
16.255	0.16402853
16.260	0.16401206
16.265	0.16399558
16.270	0.16397912
16.275	0.16396266
16.280	0.16394621
16.285	0.16392976
16.290	0.16391332
16.295	0.16389689
16.300	0.16388046
16.305	0.16386404
16.310	0.16384763
16.315	0.16383122
16.320	0.16381483
16.325	0.16379843
16.330	0.16378205
16.335	0.16376567
16.340	0.16374929
16.345	0.16373293
16.350	0.16371657
16.355	0.16370021
16.360	0.16368387
16.365	0.16366753
16.370	0.16365119
16.375	0.16363487
16.380	0.16361854
16.385	0.16360223
16.390	0.16358592
16.395	0.16356962
16.400	0.16355333
16.405	0.16353704
16.410	0.16352076
16.415	0.16350448
16.420	0.16348821
16.425	0.16347195
16.430	0.16345570
16.435	0.16343945
16.440	0.16342321
16.445	0.16340697
16.450	0.16339074
16.455	0.16337452
16.460	0.16335830
16.465	0.16334209
16.470	0.16332589
16.475	0.16330969
16.480	0.16329350
16.485	0.16327731
16.490	0.16326114
16.495	0.16324497
16.500	0.16322880
16.505	0.16321264
16.510	0.16319649
16.515	0.16318034
16.520	0.16316420
16.525	0.16314807
16.530	0.16313195
16.535	0.16311583
16.540	0.16309971
16.545	0.16308360
16.550	0.16306750
16.555	0.16305141
16.560	0.16303532
16.565	0.16301924
16.570	0.16300316
16.575	0.16298710
16.580	0.16297103
16.585	0.16295498
16.590	0.16293893
16.595	0.16292288
16.600	0.16290685
16.605	0.16289081
16.610	0.16287479
16.615	0.16285877
16.620	0.16284276
16.625	0.16282675
16.630	0.16281076
16.635	0.16279476
16.640	0.16277878
16.645	0.16276280
16.650	0.16274682
16.655	0.16273085
16.660	0.16271489
16.665	0.16269894
16.670	0.16268299
16.675	0.16266705
16.680	0.16265111
16.685	0.16263518
16.690	0.16261926
16.695	0.16260334
16.700	0.16258743
16.705	0.16257152
16.710	0.16255562
16.715	0.16253973
16.720	0.16252385
16.725	0.16250797
16.730	0.16249209
16.735	0.16247622
16.740	0.16246036
16.745	0.16244451
16.750	0.16242866
16.755	0.16241282
16.760	0.16239698
16.765	0.16238115
16.770	0.16236533
16.775	0.16234951
16.780	0.16233370
16.785	0.16231789
16.790	0.16230209
16.795	0.16228630
16.800	0.16227051
16.805	0.16225473
16.810	0.16223896
16.815	0.16222319
16.820	0.16220743
16.825	0.16219167
16.830	0.16217592
16.835	0.16216018
16.840	0.16214444
16.845	0.16212871
16.850	0.16211298
16.855	0.16209726
16.860	0.16208155
16.865	0.16206584
16.870	0.16205014
16.875	0.16203445
16.880	0.16201876
16.885	0.16200307
16.890	0.16198740
16.895	0.16197173
16.900	0.16195606
16.905	0.16194041
16.910	0.16192475
16.915	0.16190911
16.920	0.16189347
16.925	0.16187783
16.930	0.16186221
16.935	0.16184658
16.940	0.16183097
16.945	0.16181536
16.950	0.16179975
16.955	0.16178416
16.960	0.16176856
16.965	0.16175298
16.970	0.16173740
16.975	0.16172183
16.980	0.16170626
16.985	0.16169070
16.990	0.16167514
16.995	0.16165959
17.000	0.16164405
17.005	0.16162851
17.010	0.16161298
17.015	0.16159746
17.020	0.16158194
17.025	0.16156642
17.030	0.16155091
17.035	0.16153541
17.040	0.16151992
17.045	0.16150443
17.050	0.16148894
17.055	0.16147347
17.060	0.16145800
17.065	0.16144253
17.070	0.16142707
17.075	0.16141162
17.080	0.16139617
17.085	0.16138073
17.090	0.16136529
17.095	0.16134986
17.100	0.16133444
17.105	0.16131902
17.110	0.16130361
17.115	0.16128820
17.120	0.16127280
17.125	0.16125741
17.130	0.16124202
17.135	0.16122663
17.140	0.16121126
17.145	0.16119589
17.150	0.16118052
17.155	0.16116516
17.160	0.16114981
17.165	0.16113446
17.170	0.16111912
17.175	0.16110378
17.180	0.16108845
17.185	0.16107313
17.190	0.16105781
17.195	0.16104250
17.200	0.16102719
17.205	0.16101189
17.210	0.16099660
17.215	0.16098131
17.220	0.16096603
17.225	0.16095075
17.230	0.16093548
17.235	0.16092021
17.240	0.16090495
17.245	0.16088970
17.250	0.16087445
17.255	0.16085921
17.260	0.16084397
17.265	0.16082874
17.270	0.16081352
17.275	0.16079830
17.280	0.16078308
17.285	0.16076788
17.290	0.16075267
17.295	0.16073748
17.300	0.16072229
17.305	0.16070710
17.310	0.16069192
17.315	0.16067675
17.320	0.16066158
17.325	0.16064642
17.330	0.16063127
17.335	0.16061612
17.340	0.16060097
17.345	0.16058583
17.350	0.16057070
17.355	0.16055557
17.360	0.16054045
17.365	0.16052534
17.370	0.16051023
17.375	0.16049512
17.380	0.16048002
17.385	0.16046493
17.390	0.16044985
17.395	0.16043476
17.400	0.16041969
17.405	0.16040462
17.410	0.16038955
17.415	0.16037450
17.420	0.16035944
17.425	0.16034440
17.430	0.16032935
17.435	0.16031432
17.440	0.16029929
17.445	0.16028426
17.450	0.16026924
17.455	0.16025423
17.460	0.16023922
17.465	0.16022422
17.470	0.16020922
17.475	0.16019423
17.480	0.16017925
17.485	0.16016427
17.490	0.16014930
17.495	0.16013433
17.500	0.16011936
17.505	0.16010441
17.510	0.16008946
17.515	0.16007451
17.520	0.16005957
17.525	0.16004464
17.530	0.16002971
17.535	0.16001478
17.540	0.15999987
17.545	0.15998495
17.550	0.15997005
17.555	0.15995515
17.560	0.15994025
17.565	0.15992536
17.570	0.15991048
17.575	0.15989560
17.580	0.15988073
17.585	0.15986586
17.590	0.15985100
17.595	0.15983614
17.600	0.15982129
17.605	0.15980644
17.610	0.15979160
17.615	0.15977677
17.620	0.15976194
17.625	0.15974712
17.630	0.15973230
17.635	0.15971749
17.640	0.15970268
17.645	0.15968788
17.650	0.15967308
17.655	0.15965829
17.660	0.15964351
17.665	0.15962873
17.670	0.15961396
17.675	0.15959919
17.680	0.15958442
17.685	0.15956967
17.690	0.15955492
17.695	0.15954017
17.700	0.15952543
17.705	0.15951069
17.710	0.15949596
17.715	0.15948124
17.720	0.15946652
17.725	0.15945181
17.730	0.15943710
17.735	0.15942240
17.740	0.15940770
17.745	0.15939301
17.750	0.15937832
17.755	0.15936364
17.760	0.15934896
17.765	0.15933429
17.770	0.15931963
17.775	0.15930497
17.780	0.15929032
17.785	0.15927567
17.790	0.15926103
17.795	0.15924639
17.800	0.15923176
17.805	0.15921713
17.810	0.15920251
17.815	0.15918789
17.820	0.15917328
17.825	0.15915868
17.830	0.15914408
17.835	0.15912948
17.840	0.15911489
17.845	0.15910031
17.850	0.15908573
17.855	0.15907116
17.860	0.15905659
17.865	0.15904203
17.870	0.15902747
17.875	0.15901292
17.880	0.15899838
17.885	0.15898384
17.890	0.15896930
17.895	0.15895477
17.900	0.15894025
17.905	0.15892573
17.910	0.15891121
17.915	0.15889670
17.920	0.15888220
17.925	0.15886770
17.930	0.15885321
17.935	0.15883872
17.940	0.15882424
17.945	0.15880976
17.950	0.15879529
17.955	0.15878082
17.960	0.15876636
17.965	0.15875191
17.970	0.15873746
17.975	0.15872301
17.980	0.15870857
17.985	0.15869414
17.990	0.15867971
17.995	0.15866528
18.000	0.15865087
18.005	0.15863645
18.010	0.15862204
18.015	0.15860764
18.020	0.15859324
18.025	0.15857885
18.030	0.15856446
18.035	0.15855008
18.040	0.15853571
18.045	0.15852133
18.050	0.15850697
18.055	0.15849261
18.060	0.15847825
18.065	0.15846390
18.070	0.15844955
18.075	0.15843521
18.080	0.15842088
18.085	0.15840655
18.090	0.15839223
18.095	0.15837791
18.100	0.15836359
18.105	0.15834928
18.110	0.15833498
18.115	0.15832068
18.120	0.15830639
18.125	0.15829210
18.130	0.15827782
18.135	0.15826354
18.140	0.15824927
18.145	0.15823500
18.150	0.15822074
18.155	0.15820648
18.160	0.15819223
18.165	0.15817798
18.170	0.15816374
18.175	0.15814950
18.180	0.15813527
18.185	0.15812104
18.190	0.15810682
18.195	0.15809261
18.200	0.15807840
18.205	0.15806419
18.210	0.15804999
18.215	0.15803579
18.220	0.15802160
18.225	0.15800742
18.230	0.15799324
18.235	0.15797906
18.240	0.15796489
18.245	0.15795073
18.250	0.15793657
18.255	0.15792242
18.260	0.15790827
18.265	0.15789412
18.270	0.15787998
18.275	0.15786585
18.280	0.15785172
18.285	0.15783759
18.290	0.15782348
18.295	0.15780936
18.300	0.15779525
18.305	0.15778115
18.310	0.15776705
18.315	0.15775296
18.320	0.15773887
18.325	0.15772478
18.330	0.15771071
18.335	0.15769663
18.340	0.15768256
18.345	0.15766850
18.350	0.15765444
18.355	0.15764039
18.360	0.15762634
18.365	0.15761230
18.370	0.15759826
18.375	0.15758423
18.380	0.15757020
18.385	0.15755618
18.390	0.15754216
18.395	0.15752814
18.400	0.15751414
18.405	0.15750013
18.410	0.15748614
18.415	0.15747214
18.420	0.15745815
18.425	0.15744417
18.430	0.15743019
18.435	0.15741622
18.440	0.15740225
18.445	0.15738829
18.450	0.15737433
18.455	0.15736038
18.460	0.15734643
18.465	0.15733249
18.470	0.15731855
18.475	0.15730461
18.480	0.15729068
18.485	0.15727676
18.490	0.15726284
18.495	0.15724893
18.500	0.15723502
18.505	0.15722112
18.510	0.15720722
18.515	0.15719332
18.520	0.15717944
18.525	0.15716555
18.530	0.15715167
18.535	0.15713780
18.540	0.15712393
18.545	0.15711006
18.550	0.15709621
18.555	0.15708235
18.560	0.15706850
18.565	0.15705466
18.570	0.15704082
18.575	0.15702698
18.580	0.15701315
18.585	0.15699933
18.590	0.15698551
18.595	0.15697169
18.600	0.15695788
18.605	0.15694408
18.610	0.15693028
18.615	0.15691648
18.620	0.15690269
18.625	0.15688890
18.630	0.15687512
18.635	0.15686134
18.640	0.15684757
18.645	0.15683381
18.650	0.15682005
18.655	0.15680629
18.660	0.15679254
18.665	0.15677879
18.670	0.15676505
18.675	0.15675131
18.680	0.15673758
18.685	0.15672385
18.690	0.15671013
18.695	0.15669641
18.700	0.15668269
18.705	0.15666899
18.710	0.15665528
18.715	0.15664158
18.720	0.15662789
18.725	0.15661420
18.730	0.15660051
18.735	0.15658683
18.740	0.15657316
18.745	0.15655949
18.750	0.15654582
18.755	0.15653216
18.760	0.15651851
18.765	0.15650486
18.770	0.15649121
18.775	0.15647757
18.780	0.15646393
18.785	0.15645030
18.790	0.15643667
18.795	0.15642305
18.800	0.15640943
18.805	0.15639582
18.810	0.15638221
18.815	0.15636861
18.820	0.15635501
18.825	0.15634142
18.830	0.15632783
18.835	0.15631424
18.840	0.15630067
18.845	0.15628709
18.850	0.15627352
18.855	0.15625995
18.860	0.15624639
18.865	0.15623284
18.870	0.15621929
18.875	0.15620574
18.880	0.15619220
18.885	0.15617866
18.890	0.15616513
18.895	0.15615160
18.900	0.15613808
18.905	0.15612456
18.910	0.15611105
18.915	0.15609754
18.920	0.15608403
18.925	0.15607054
18.930	0.15605704
18.935	0.15604355
18.940	0.15603007
18.945	0.15601658
18.950	0.15600311
18.955	0.15598964
18.960	0.15597617
18.965	0.15596271
18.970	0.15594925
18.975	0.15593580
18.980	0.15592235
18.985	0.15590891
18.990	0.15589547
18.995	0.15588203
19.000	0.15586861
19.005	0.15585518
19.010	0.15584176
19.015	0.15582835
19.020	0.15581493
19.025	0.15580153
19.030	0.15578813
19.035	0.15577473
19.040	0.15576134
19.045	0.15574795
19.050	0.15573457
19.055	0.15572119
19.060	0.15570781
19.065	0.15569445
19.070	0.15568108
19.075	0.15566772
19.080	0.15565437
19.085	0.15564101
19.090	0.15562767
19.095	0.15561433
19.100	0.15560099
19.105	0.15558766
19.110	0.15557433
19.115	0.15556101
19.120	0.15554769
19.125	0.15553437
19.130	0.15552106
19.135	0.15550776
19.140	0.15549446
19.145	0.15548116
19.150	0.15546787
19.155	0.15545459
19.160	0.15544130
19.165	0.15542803
19.170	0.15541475
19.175	0.15540148
19.180	0.15538822
19.185	0.15537496
19.190	0.15536171
19.195	0.15534846
19.200	0.15533521
19.205	0.15532197
19.210	0.15530873
19.215	0.15529550
19.220	0.15528227
19.225	0.15526905
19.230	0.15525583
19.235	0.15524262
19.240	0.15522941
19.245	0.15521620
19.250	0.15520300
19.255	0.15518981
19.260	0.15517662
19.265	0.15516343
19.270	0.15515025
19.275	0.15513707
19.280	0.15512390
19.285	0.15511073
19.290	0.15509756
19.295	0.15508440
19.300	0.15507125
19.305	0.15505810
19.310	0.15504495
19.315	0.15503181
19.320	0.15501867
19.325	0.15500554
19.330	0.15499241
19.335	0.15497928
19.340	0.15496616
19.345	0.15495305
19.350	0.15493994
19.355	0.15492683
19.360	0.15491373
19.365	0.15490063
19.370	0.15488754
19.375	0.15487445
19.380	0.15486137
19.385	0.15484829
19.390	0.15483521
19.395	0.15482214
19.400	0.15480907
19.405	0.15479601
19.410	0.15478295
19.415	0.15476990
19.420	0.15475685
19.425	0.15474381
19.430	0.15473077
19.435	0.15471773
19.440	0.15470470
19.445	0.15469168
19.450	0.15467865
19.455	0.15466564
19.460	0.15465262
19.465	0.15463961
19.470	0.15462661
19.475	0.15461361
19.480	0.15460061
19.485	0.15458762
19.490	0.15457463
19.495	0.15456165
19.500	0.15454867
19.505	0.15453570
19.510	0.15452273
19.515	0.15450976
19.520	0.15449680
19.525	0.15448385
19.530	0.15447089
19.535	0.15445795
19.540	0.15444500
19.545	0.15443206
19.550	0.15441913
19.555	0.15440620
19.560	0.15439327
19.565	0.15438035
19.570	0.15436743
19.575	0.15435452
19.580	0.15434161
19.585	0.15432871
19.590	0.15431581
19.595	0.15430291
19.600	0.15429002
19.605	0.15427714
19.610	0.15426425
19.615	0.15425137
19.620	0.15423850
19.625	0.15422563
19.630	0.15421277
19.635	0.15419990
19.640	0.15418705
19.645	0.15417420
19.650	0.15416135
19.655	0.15414850
19.660	0.15413566
19.665	0.15412283
19.670	0.15411000
19.675	0.15409717
19.680	0.15408435
19.685	0.15407153
19.690	0.15405872
19.695	0.15404591
19.700	0.15403310
19.705	0.15402030
19.710	0.15400750
19.715	0.15399471
19.720	0.15398192
19.725	0.15396914
19.730	0.15395636
19.735	0.15394358
19.740	0.15393081
19.745	0.15391805
19.750	0.15390528
19.755	0.15389253
19.760	0.15387977
19.765	0.15386702
19.770	0.15385428
19.775	0.15384153
19.780	0.15382880
19.785	0.15381606
19.790	0.15380334
19.795	0.15379061
19.800	0.15377789
19.805	0.15376517
19.810	0.15375246
19.815	0.15373976
19.820	0.15372705
19.825	0.15371435
19.830	0.15370166
19.835	0.15368897
19.840	0.15367628
19.845	0.15366360
19.850	0.15365092
19.855	0.15363825
19.860	0.15362558
19.865	0.15361291
19.870	0.15360025
19.875	0.15358759
19.880	0.15357494
19.885	0.15356229
19.890	0.15354965
19.895	0.15353701
19.900	0.15352437
19.905	0.15351174
19.910	0.15349911
19.915	0.15348649
19.920	0.15347387
19.925	0.15346125
19.930	0.15344864
19.935	0.15343603
19.940	0.15342343
19.945	0.15341083
19.950	0.15339824
19.955	0.15338565
19.960	0.15337306
19.965	0.15336048
19.970	0.15334790
19.975	0.15333533
19.980	0.15332276
19.985	0.15331019
19.990	0.15329763
19.995	0.15328507
20.000	0.15327252
20.005	0.15325997
20.010	0.15324743
20.015	0.15323488
20.020	0.15322235
20.025	0.15320982
20.030	0.15319729
20.035	0.15318476
20.040	0.15317224
20.045	0.15315973
20.050	0.15314721
20.055	0.15313471
20.060	0.15312220
20.065	0.15310970
20.070	0.15309721
20.075	0.15308472
20.080	0.15307223
20.085	0.15305975
20.090	0.15304727
20.095	0.15303479
20.100	0.15302232
20.105	0.15300985
20.110	0.15299739
20.115	0.15298493
20.120	0.15297248
20.125	0.15296003
20.130	0.15294758
20.135	0.15293514
20.140	0.15292270
20.145	0.15291026
20.150	0.15289783
20.155	0.15288541
20.160	0.15287299
20.165	0.15286057
20.170	0.15284815
20.175	0.15283574
20.180	0.15282334
20.185	0.15281093
20.190	0.15279854
20.195	0.15278614
20.200	0.15277375
20.205	0.15276137
20.210	0.15274899
20.215	0.15273661
20.220	0.15272423
20.225	0.15271186
20.230	0.15269950
20.235	0.15268714
20.240	0.15267478
20.245	0.15266243
20.250	0.15265008
20.255	0.15263773
20.260	0.15262539
20.265	0.15261305
20.270	0.15260072
20.275	0.15258839
20.280	0.15257606
20.285	0.15256374
20.290	0.15255142
20.295	0.15253911
20.300	0.15252680
20.305	0.15251449
20.310	0.15250219
20.315	0.15248990
20.320	0.15247760
20.325	0.15246531
20.330	0.15245303
20.335	0.15244074
20.340	0.15242847
20.345	0.15241619
20.350	0.15240392
20.355	0.15239166
20.360	0.15237940
20.365	0.15236714
20.370	0.15235488
20.375	0.15234263
20.380	0.15233039
20.385	0.15231814
20.390	0.15230591
20.395	0.15229367
20.400	0.15228144
20.405	0.15226922
20.410	0.15225699
20.415	0.15224478
20.420	0.15223256
20.425	0.15222035
20.430	0.15220814
20.435	0.15219594
20.440	0.15218374
20.445	0.15217155
20.450	0.15215936
20.455	0.15214717
20.460	0.15213499
20.465	0.15212281
20.470	0.15211063
20.475	0.15209846
20.480	0.15208629
20.485	0.15207413
20.490	0.15206197
20.495	0.15204981
20.500	0.15203766
20.505	0.15202551
20.510	0.15201337
20.515	0.15200123
20.520	0.15198909
20.525	0.15197696
20.530	0.15196483
20.535	0.15195271
20.540	0.15194059
20.545	0.15192847
20.550	0.15191636
20.555	0.15190425
20.560	0.15189214
20.565	0.15188004
20.570	0.15186795
20.575	0.15185585
20.580	0.15184376
20.585	0.15183168
20.590	0.15181959
20.595	0.15180752
20.600	0.15179544
20.605	0.15178337
20.610	0.15177130
20.615	0.15175924
20.620	0.15174718
20.625	0.15173513
20.630	0.15172308
20.635	0.15171103
20.640	0.15169899
20.645	0.15168695
20.650	0.15167491
20.655	0.15166288
20.660	0.15165085
20.665	0.15163883
20.670	0.15162681
20.675	0.15161479
20.680	0.15160278
20.685	0.15159077
20.690	0.15157876
20.695	0.15156676
20.700	0.15155476
20.705	0.15154277
20.710	0.15153078
20.715	0.15151879
20.720	0.15150681
20.725	0.15149483
20.730	0.15148286
20.735	0.15147089
20.740	0.15145892
20.745	0.15144696
20.750	0.15143500
20.755	0.15142304
20.760	0.15141109
20.765	0.15139914
20.770	0.15138720
20.775	0.15137526
20.780	0.15136332
20.785	0.15135139
20.790	0.15133946
20.795	0.15132753
20.800	0.15131561
20.805	0.15130369
20.810	0.15129178
20.815	0.15127987
20.820	0.15126796
20.825	0.15125606
20.830	0.15124416
20.835	0.15123226
20.840	0.15122037
20.845	0.15120849
20.850	0.15119660
20.855	0.15118472
20.860	0.15117284
20.865	0.15116097
20.870	0.15114910
20.875	0.15113724
20.880	0.15112538
20.885	0.15111352
20.890	0.15110166
20.895	0.15108981
20.900	0.15107797
20.905	0.15106612
20.910	0.15105428
20.915	0.15104245
20.920	0.15103062
20.925	0.15101879
20.930	0.15100696
20.935	0.15099514
20.940	0.15098333
20.945	0.15097151
20.950	0.15095970
20.955	0.15094790
20.960	0.15093610
20.965	0.15092430
20.970	0.15091250
20.975	0.15090071
20.980	0.15088893
20.985	0.15087714
20.990	0.15086536
20.995	0.15085359
21.000	0.15084181
21.005	0.15083004
21.010	0.15081828
21.015	0.15080652
21.020	0.15079476
21.025	0.15078301
21.030	0.15077126
21.035	0.15075951
21.040	0.15074777
21.045	0.15073603
21.050	0.15072429
21.055	0.15071256
21.060	0.15070083
21.065	0.15068911
21.070	0.15067739
21.075	0.15066567
21.080	0.15065395
21.085	0.15064224
21.090	0.15063054
21.095	0.15061884
21.100	0.15060714
21.105	0.15059544
21.110	0.15058375
21.115	0.15057206
21.120	0.15056038
21.125	0.15054870
21.130	0.15053702
21.135	0.15052535
21.140	0.15051368
21.145	0.15050201
21.150	0.15049035
21.155	0.15047869
21.160	0.15046703
21.165	0.15045538
21.170	0.15044373
21.175	0.15043209
21.180	0.15042045
21.185	0.15040881
21.190	0.15039718
21.195	0.15038555
21.200	0.15037392
21.205	0.15036230
21.210	0.15035068
21.215	0.15033906
21.220	0.15032745
21.225	0.15031584
21.230	0.15030424
21.235	0.15029263
21.240	0.15028104
21.245	0.15026944
21.250	0.15025785
21.255	0.15024627
21.260	0.15023468
21.265	0.15022310
21.270	0.15021153
21.275	0.15019995
21.280	0.15018838
21.285	0.15017682
21.290	0.15016526
21.295	0.15015370
21.300	0.15014214
21.305	0.15013059
21.310	0.15011905
21.315	0.15010750
21.320	0.15009596
21.325	0.15008442
21.330	0.15007289
21.335	0.15006136
21.340	0.15004984
21.345	0.15003831
21.350	0.15002679
21.355	0.15001528
21.360	0.15000377
21.365	0.14999226
