0.25		1.0000001		
0.255		0.98053941		
0.26		0.96210874		
0.265		0.94463992		
0.27		0.92807059		
0.275		0.91234359		
0.28		0.89740644		
0.285		0.88321084		
0.29		0.86971226		
0.295		0.8568696		
0.3		0.84464483		
0.305		0.83300273		
0.31		0.82191065		
0.315		0.81133822		
0.32		0.8012572		
0.325		0.7916413		
0.33		0.78246597		
0.335		0.77370831		
0.34		0.76534688		
0.345		0.75736164		
0.35		0.74973378		
0.355		0.74244568		
0.36		0.73548078		
0.365		0.72882351		
0.37		0.72245925		
0.375		0.71637419		
0.38		0.71055534		
0.385		0.70499045		
0.39		0.69966793		
0.395		0.69457685		
0.4		0.68970687		
0.405		0.6850482		
0.41		0.68059158		
0.415		0.67632822		
0.42		0.6722498		
0.425		0.66834842		
0.43		0.66461658		
0.435		0.66104716		
0.44		0.65763338		
0.445		0.65436881		
0.45		0.65124731		
0.455		0.64826305		
0.46		0.64541048		
0.465		0.6426843		
0.47		0.64007946		
0.475		0.63759114		
0.48		0.63521476		
0.485		0.63294592		
0.49		0.63078042		
0.495		0.62871428		
0.5		0.62674366		
0.505		0.62486491		
0.51		0.62307452		
0.515		0.62136914		
0.52		0.61974558		
0.525		0.61820075		
0.53		0.61673173		
0.535		0.61533569		
0.54		0.61400993		
0.545		0.61275187		
0.55		0.61155902		
0.555		0.610429		
0.56		0.60935954		
0.565		0.60834842		
0.57		0.60739355		
0.575		0.60649292		
0.58		0.60564456		
0.585		0.60484662		
0.59		0.60409731		
0.595		0.6033949		
0.6		0.60273774		
0.605		0.60212422		
0.61		0.60155282		
0.615		0.60102206		
0.62		0.60053052		
0.625		0.60007684		
0.63		0.5996597		
0.635		0.59927783		
0.64		0.59893001		
0.645		0.59861507		
0.65		0.59833188		
0.655		0.59807934		
0.66		0.5978564		
0.665		0.59766206		
0.67		0.59749532		
0.675		0.59735526		
0.68		0.59724095		
0.685		0.59715153		
0.69		0.59708615		
0.695		0.59704399		
0.7		0.59702426		
0.705		0.5970262		
0.71		0.59704909		
0.715		0.5970922		
0.72		0.59715486		
0.725		0.5972364		
0.73		0.59733619		
0.735		0.5974536		
0.74		0.59758805		
0.745		0.59773895		
0.75		0.59790576		
0.755		0.59808792		
0.76		0.59828492		
0.765		0.59849627		
0.77		0.59872146		
0.775		0.59896003		
0.78		0.59921153		
0.785		0.59947552		
0.79		0.59975156		
0.795		0.60003925		
0.8		0.60033819		
0.805		0.600648		
0.81		0.60096829		
0.815		0.60129872		
0.82		0.60163892		
0.825		0.60198856		
0.83		0.60234731		
0.835		0.60271485		
0.84		0.60309089		
0.845		0.60347511		
0.85		0.60386723		
0.855		0.60426697		
0.86		0.60467406		
0.865		0.60508823		
0.87		0.60550924		
0.875		0.60593684		
0.88		0.60637078		
0.885		0.60681084		
0.89		0.60725679		
0.895		0.60770842		
0.9		0.6081655		
0.905		0.60862785		
0.91		0.60909526		
0.915		0.60956754		
0.92		0.6100445		
0.925		0.61052596		
0.93		0.61101174		
0.935		0.61150169		
0.94		0.61199562		
0.945		0.61249339		
0.95		0.61299483		
0.955		0.6134998		
0.96		0.61400815		
0.965		0.61451973		
0.97		0.61503442		
0.975		0.61555207		
0.98		0.61607257		
0.985		0.61659577		
0.99		0.61712156		
0.995		0.61764983		
1		0.61818045		
1.005		0.61871332		
1.01		0.61924833		
1.015		0.61978537		
1.02		0.62032434		
1.025		0.62086514		
1.03		0.62140768		
1.035		0.62195186		
1.04		0.62249759		
1.045		0.62304479		
1.05		0.62359336		
1.055		0.62414323		
1.06		0.62469432		
1.065		0.62524654		
1.07		0.62579983		
1.075		0.6263541		
1.08		0.62690929		
1.085		0.62746533		
1.09		0.62802215		
1.095		0.62857968		
1.1		0.62913786		
1.105		0.62969663		
1.11		0.63025594		
1.115		0.63081571		
1.12		0.6313759		
1.125		0.63193645		
1.13		0.6324973		
1.135		0.63305842		
1.14		0.63361973		
1.145		0.63418121		
1.15		0.63474279		
1.155		0.63530444		
1.16		0.6358661		
1.165		0.63642775		
1.17		0.63698932		
1.175		0.63755079		
1.18		0.63811211		
1.185		0.63867325		
1.19		0.63923417		
1.195		0.63979483		
1.2		0.6403552		
1.205		0.64091524		
1.21		0.64147492		
1.215		0.6420342		
1.22		0.64259307		
1.225		0.64315148		
1.23		0.64370941		
1.235		0.64426683		
1.24		0.64482371		
1.245		0.64538003		
1.25		0.64593576		
1.255		0.64649087		
1.26		0.64704534		
1.265		0.64759915		
1.27		0.64815227		
1.275		0.64870469		
1.28		0.64925637		
1.285		0.64980731		
1.29		0.65035747		
1.295		0.65090685		
1.3		0.65145541		
1.305		0.65200316		
1.31		0.65255005		
1.315		0.65309609		
1.32		0.65364124		
1.325		0.65418551		
1.33		0.65472886		
1.335		0.65527129		
1.34		0.65581278		
1.345		0.65635332		
1.35		0.65689289		
1.355		0.65743149		
1.36		0.65796909		
1.365		0.65850569		
1.37		0.65904127		
1.375		0.65957582		
1.38		0.66010934		
1.385		0.66064181		
1.39		0.66117322		
1.395		0.66170357		
1.4		0.66223283		
1.405		0.66276101		
1.41		0.6632881		
1.415		0.66381408		
1.42		0.66433895		
1.425		0.6648627		
1.43		0.66538532		
1.435		0.66590681		
1.44		0.66642716		
1.445		0.66694636		
1.45		0.66746441		
1.455		0.6679813		
1.46		0.66849702		
1.465		0.66901157		
1.47		0.66952495		
1.475		0.67003715		
1.48		0.67054816		
1.485		0.67105798		
1.49		0.6715666		
1.495		0.67207403		
1.5		0.67258025		
1.505		0.67308527		
1.51		0.67358908		
1.515		0.67409168		
1.52		0.67459306		
1.525		0.67509322		
1.53		0.67559216		
1.535		0.67608988		
1.54		0.67658637		
1.545		0.67708163		
1.55		0.67757567		
1.555		0.67806846		
1.56		0.67856003		
1.565		0.67905036		
1.57		0.67953945		
1.575		0.68002731		
1.58		0.68051393		
1.585		0.6809993		
1.59		0.68148344		
1.595		0.68196633		
1.6		0.68244798		
1.605		0.68292839		
1.61		0.68340755		
1.615		0.68388547		
1.62		0.68436215		
1.625		0.68483758		
1.63		0.68531177		
1.635		0.68578472		
1.64		0.68625642		
1.645		0.68672688		
1.65		0.6871961		
1.655		0.68766408		
1.66		0.68813082		
1.665		0.68859631		
1.67		0.68906057		
1.675		0.68952358		
1.68		0.68998536		
1.685		0.69044591		
1.69		0.69090522		
1.695		0.69136329		
1.7		0.69182013		
1.705		0.69227574		
1.71		0.69273012		
1.715		0.69318327		
1.72		0.6936352		
1.725		0.6940859		
1.73		0.69453537		
1.735		0.69498363		
1.74		0.69543066		
1.745		0.69587648		
1.75		0.69632108		
1.755		0.69676446		
1.76		0.69720663		
1.765		0.6976476		
1.77		0.69808735		
1.775		0.6985259		
1.78		0.69896324		
1.785		0.69939938		
1.79		0.69983433		
1.795		0.70026807		
1.8		0.70070063		
1.805		0.70113199		
1.81		0.70156216		
1.815		0.70199114		
1.82		0.70241894		
1.825		0.70284555		
1.83		0.70327099		
1.835		0.70369525		
1.84		0.70411833		
1.845		0.70454024		
1.85		0.70496099		
1.855		0.70538056		
1.86		0.70579898		
1.865		0.70621623		
1.87		0.70663232		
1.875		0.70704726		
1.88		0.70746105		
1.885		0.70787369		
1.89		0.70828518		
1.895		0.70869553		
1.9		0.70910473		
1.905		0.7095128		
1.91		0.70991973		
1.915		0.71032554		
1.92		0.71073021		
1.925		0.71113376		
1.93		0.71153618		
1.935		0.71193748		
1.94		0.71233767		
1.945		0.71273674		
1.95		0.71313471		
1.955		0.71353156		
1.96		0.71392731		
1.965		0.71432196		
1.97		0.71471551		
1.975		0.71510797		
1.98		0.71549933		
1.985		0.71588961		
1.99		0.7162788		
1.995		0.71666691		
2		0.71705394		
2.005		0.71743989		
2.01		0.71782477		
2.015		0.71820858		
2.02		0.71859132		
2.025		0.718973		
2.03		0.71935362		
2.035		0.71973318		
2.04		0.72011169		
2.045		0.72048914		
2.05		0.72086556		
2.055		0.72124092		
2.06		0.72161525		
2.065		0.72198854		
2.07		0.72236079		
2.075		0.72273201		
2.08		0.72310221		
2.085		0.72347138		
2.09		0.72383953		
2.095		0.72420666		
2.1		0.72457277		
2.105		0.72493788		
2.11		0.72530197		
2.115		0.72566506		
2.12		0.72602715		
2.125		0.72638824		
2.13		0.72674833		
2.135		0.72710743		
2.14		0.72746555		
2.145		0.72782267		
2.15		0.72817882		
2.155		0.72853398		
2.16		0.72888817		
2.165		0.72924138		
2.17		0.72959363		
2.175		0.72994491		
2.18		0.73029522		
2.185		0.73064457		
2.19		0.73099297		
2.195		0.73134041		
2.2		0.73168691		
2.205		0.73203245		
2.21		0.73237705		
2.215		0.73272071		
2.22		0.73306343		
2.225		0.73340522		
2.23		0.73374607		
2.235		0.734086		
2.24		0.734425		
2.245		0.73476308		
2.25		0.73510024		
2.255		0.73543648		
2.26		0.73577181		
2.265		0.73610623		
2.27		0.73643974		
2.275		0.73677235		
2.28		0.73710406		
2.285		0.73743487		
2.29		0.73776478		
2.295		0.73809381		
2.3		0.73842194		
2.305		0.7387492		
2.31		0.73907556		
2.315		0.73940105		
2.32		0.73972567		
2.325		0.74004941		
2.33		0.74037227		
2.335		0.74069428		
2.34		0.74101541		
2.345		0.74133569		
2.35		0.74165511		
2.355		0.74197367		
2.36		0.74229138		
2.365		0.74260825		
2.37		0.74292426		
2.375		0.74323943		
2.38		0.74355376		
2.385		0.74386726		
2.39		0.74417991		
2.395		0.74449174		
2.4		0.74480274		
2.405		0.74511291		
2.41		0.74542226		
2.415		0.74573079		
2.42		0.7460385		
2.425		0.74634539		
2.43		0.74665148		
2.435		0.74695675		
2.44		0.74726122		
2.445		0.74756489		
2.45		0.74786775		
2.455		0.74816982		
2.46		0.74847109		
2.465		0.74877157		
2.47		0.74907127		
2.475		0.74937017		
2.48		0.74966829		
2.485		0.74996563		
2.49		0.75026219		
2.495		0.75055798		
2.5		0.75085299		
2.505		0.75114724		
2.51		0.75144071		
2.515		0.75173342		
2.52		0.75202537		
2.525		0.75231656		
2.53		0.75260699		
2.535		0.75289667		
2.54		0.7531856		
2.545		0.75347378		
2.55		0.75376121		
2.555		0.7540479		
2.56		0.75433384		
2.565		0.75461905		
2.57		0.75490353		
2.575		0.75518727		
2.58		0.75547027		
2.585		0.75575256		
2.59		0.75603411		
2.595		0.75631494		
2.6		0.75659506		
2.605		0.75687445		
2.61		0.75715313		
2.615		0.7574311		
2.62		0.75770835		
2.625		0.7579849		
2.63		0.75826074		
2.635		0.75853588		
2.64		0.75881032		
2.645		0.75908406		
2.65		0.75935711		
2.655		0.75962946		
2.66		0.75990112		
2.665		0.7601721		
2.67		0.76044239		
2.675		0.76071199		
2.68		0.76098091		
2.685		0.76124916		
2.69		0.76151673		
2.695		0.76178362		
2.7		0.76204984		
2.705		0.7623154		
2.71		0.76258028		
2.715		0.7628445		
2.72		0.76310806		
2.725		0.76337096		
2.73		0.76363321		
2.735		0.76389479		
2.74		0.76415573		
2.745		0.76441601		
2.75		0.76467564		
2.755		0.76493463		
2.76		0.76519298		
2.765		0.76545068		
2.77		0.76570774		
2.775		0.76596417		
2.78		0.76621996		
2.785		0.76647511		
2.79		0.76672964		
2.795		0.76698354		
2.8		0.76723681		
2.805		0.76748946		
2.81		0.76774148		
2.815		0.76799289		
2.82		0.76824368		
2.825		0.76849385		
2.83		0.76874341		
2.835		0.76899236		
2.84		0.7692407		
2.845		0.76948843		
2.85		0.76973556		
2.855		0.76998208		
2.86		0.770228		
2.865		0.77047333		
2.87		0.77071806		
2.875		0.77096219		
2.88		0.77120573		
2.885		0.77144868		
2.89		0.77169104		
2.895		0.77193282		
2.9		0.77217401		
2.905		0.77241462		
2.91		0.77265465		
2.915		0.7728941		
2.92		0.77313297		
2.925		0.77337127		
2.93		0.77360899		
2.935		0.77384615		
2.94		0.77408274		
2.945		0.77431876		
2.95		0.77455421		
2.955		0.77478911		
2.96		0.77502344		
2.965		0.77525721		
2.97		0.77549043		
2.975		0.77572309		
2.98		0.7759552		
2.985		0.77618676		
2.99		0.77641776		
2.995		0.77664822		
3		0.77687814		
3.005		0.77710751		
3.01		0.77733634		
3.015		0.77756462		
3.02		0.77779237		
3.025		0.77801959		
3.03		0.77824627		
3.035		0.77847241		
3.04		0.77869803		
3.045		0.77892311		
3.05		0.77914767		
3.055		0.7793717		
3.06		0.77959521		
3.065		0.7798182		
3.07		0.78004066		
3.075		0.78026261		
3.08		0.78048404		
3.085		0.78070495		
3.09		0.78092536		
3.095		0.78114525		
3.1		0.78136463		
3.105		0.7815835		
3.11		0.78180186		
3.115		0.78201972		
3.12		0.78223708		
3.125		0.78245393		
3.13		0.78267029		
3.135		0.78288615		
3.14		0.78310151		
3.145		0.78331638		
3.15		0.78353075		
3.155		0.78374463		
3.16		0.78395802		
3.165		0.78417093		
3.17		0.78438334		
3.175		0.78459527		
3.18		0.78480672		
3.185		0.78501769		
3.19		0.78522818		
3.195		0.78543818		
3.2		0.78564771		
3.205		0.78585677		
3.21		0.78606535		
3.215		0.78627346		
3.22		0.7864811		
3.225		0.78668827		
3.23		0.78689497		
3.235		0.78710121		
3.24		0.78730698		
3.245		0.78751229		
3.25		0.78771713		
3.255		0.78792152		
3.26		0.78812545		
3.265		0.78832892		
3.27		0.78853193		
3.275		0.7887345		
3.28		0.78893661		
3.285		0.78913826		
3.29		0.78933947		
3.295		0.78954023		
3.3		0.78974055		
3.305		0.78994042		
3.31		0.79013984		
3.315		0.79033883		
3.32		0.79053737		
3.325		0.79073547		
3.33		0.79093314		
3.335		0.79113037		
3.34		0.79132716		
3.345		0.79152352		
3.35		0.79171945		
3.355		0.79191494		
3.36		0.79211001		
3.365		0.79230465		
3.37		0.79249886		
3.375		0.79269265		
3.38		0.79288601		
3.385		0.79307895		
3.39		0.79327147		
3.395		0.79346357		
3.4		0.79365525		
3.405		0.79384652		
3.41		0.79403736		
3.415		0.7942278		
3.42		0.79441782		
3.425		0.79460743		
3.43		0.79479663		
3.435		0.79498541		
3.44		0.7951738		
3.445		0.79536177		
3.45		0.79554934		
3.455		0.7957365		
3.46		0.79592327		
3.465		0.79610963		
3.47		0.79629559		
3.475		0.79648115		
3.48		0.79666631		
3.485		0.79685108		
3.49		0.79703546		
3.495		0.79721943		
3.5		0.79740302		
3.505		0.79758622		
3.51		0.79776902		
3.515		0.79795144		
3.52		0.79813347		
3.525		0.79831511		
3.53		0.79849636		
3.535		0.79867724		
3.54		0.79885773		
3.545		0.79903784		
3.55		0.79921756		
3.555		0.79939691		
3.56		0.79957588		
3.565		0.79975448		
3.57		0.7999327		
3.575		0.80011054		
3.58		0.80028801		
3.585		0.80046511		
3.59		0.80064184		
3.595		0.8008182		
3.6		0.80099419		
3.605		0.80116981		
3.61		0.80134506		
3.615		0.80151995		
3.62		0.80169448		
3.625		0.80186864		
3.63		0.80204244		
3.635		0.80221588		
3.64		0.80238897		
3.645		0.80256169		
3.65		0.80273405		
3.655		0.80290606		
3.66		0.80307772		
3.665		0.80324902		
3.67		0.80341996		
3.675		0.80359056		
3.68		0.8037608		
3.685		0.8039307		
3.69		0.80410024		
3.695		0.80426944		
3.7		0.80443829		
3.705		0.8046068		
3.71		0.80477496		
3.715		0.80494278		
3.72		0.80511026		
3.725		0.80527739		
3.73		0.80544419		
3.735		0.80561064		
3.74		0.80577676		
3.745		0.80594254		
3.75		0.80610799		
3.755		0.8062731		
3.76		0.80643787		
3.765		0.80660231		
3.77		0.80676642		
3.775		0.8069302		
3.78		0.80709365		
3.785		0.80725677		
3.79		0.80741957		
3.795		0.80758203		
3.8		0.80774417		
3.805		0.80790599		
3.81		0.80806748		
3.815		0.80822864		
3.82		0.80838949		
3.825		0.80855001		
3.83		0.80871022		
3.835		0.8088701		
3.84		0.80902967		
3.845		0.80918892		
3.85		0.80934785		
3.855		0.80950647		
3.86		0.80966477		
3.865		0.80982276		
3.87		0.80998044		
3.875		0.8101378		
3.88		0.81029486		
3.885		0.8104516		
3.89		0.81060804		
3.895		0.81076417		
3.9		0.81091999		
3.905		0.8110755		
3.91		0.81123071		
3.915		0.81138562		
3.92		0.81154022		
3.925		0.81169452		
3.93		0.81184851		
3.935		0.81200221		
3.94		0.81215561		
3.945		0.81230871		
3.95		0.81246151		
3.955		0.81261401		
3.96		0.81276621		
3.965		0.81291813		
3.97		0.81306974		
3.975		0.81322106		
3.98		0.81337209		
3.985		0.81352283		
3.99		0.81367328		
3.995		0.81382343		
4		0.8139733		
4.005		0.81412288		
4.01		0.81427217		
4.015		0.81442117		
4.02		0.81456989		
4.025		0.81471832		
4.03		0.81486647		
4.035		0.81501433		
4.04		0.81516191		
4.045		0.81530921		
4.05		0.81545623		
4.055		0.81560297		
4.06		0.81574942		
4.065		0.8158956		
4.07		0.8160415		
4.075		0.81618713		
4.08		0.81633248		
4.085		0.81647755		
4.09		0.81662235		
4.095		0.81676687		
4.1		0.81691112		
4.105		0.8170551		
4.11		0.8171988		
4.115		0.81734224		
4.12		0.8174854		
4.125		0.8176283		
4.13		0.81777093		
4.135		0.81791329		
4.14		0.81805538		
4.145		0.81819721		
4.15		0.81833877		
4.155		0.81848007		
4.16		0.8186211		
4.165		0.81876187		
4.17		0.81890237		
4.175		0.81904262		
4.18		0.8191826		
4.185		0.81932233		
4.19		0.81946179		
4.195		0.819601		
4.2		0.81973995		
4.205		0.81987864		
4.21		0.82001707		
4.215		0.82015525		
4.22		0.82029317		
4.225		0.82043084		
4.23		0.82056825		
4.235		0.82070542		
4.24		0.82084233		
4.245		0.82097898		
4.25		0.82111539		
4.255		0.82125155		
4.26		0.82138745		
4.265		0.82152311		
4.27		0.82165852		
4.275		0.82179369		
4.28		0.8219286		
4.285		0.82206327		
4.29		0.8221977		
4.295		0.82233188		
4.3		0.82246582		
4.305		0.82259951		
4.31		0.82273296		
4.315		0.82286617		
4.32		0.82299914		
4.325		0.82313186		
4.33		0.82326435		
4.335		0.8233966		
4.34		0.82352861		
4.345		0.82366038		
4.35		0.82379191		
4.355		0.82392321		
4.36		0.82405427		
4.365		0.8241851		
4.37		0.82431569		
4.375		0.82444604		
4.38		0.82457617		
4.385		0.82470606		
4.39		0.82483572		
4.395		0.82496515		
4.4		0.82509434		
4.405		0.82522331		
4.41		0.82535204		
4.415		0.82548055		
4.42		0.82560883		
4.425		0.82573688		
4.43		0.82586471		
4.435		0.8259923		
4.44		0.82611968		
4.445		0.82624682		
4.45		0.82637375		
4.455		0.82650044		
4.46		0.82662692		
4.465		0.82675317		
4.47		0.8268792		
4.475		0.82700501		
4.48		0.82713059		
4.485		0.82725596		
4.49		0.82738111		
4.495		0.82750603		
4.5		0.82763074		
4.505		0.82775523		
4.51		0.8278795		
4.515		0.82800356		
4.52		0.8281274		
4.525		0.82825102		
4.53		0.82837443		
4.535		0.82849763		
4.54		0.82862061		
4.545		0.82874337		
4.55		0.82886593		
4.555		0.82898827		
4.56		0.8291104		
4.565		0.82923232		
4.57		0.82935402		
4.575		0.82947552		
4.58		0.82959681		
4.585		0.82971789		
4.59		0.82983876		
4.595		0.82995942		
4.6		0.83007988		
4.605		0.83020013		
4.61		0.83032017		
4.615		0.83044		
4.62		0.83055964		
4.625		0.83067906		
4.63		0.83079829		
4.635		0.83091731		
4.64		0.83103612		
4.645		0.83115474		
4.65		0.83127315		
4.655		0.83139136		
4.66		0.83150937		
4.665		0.83162718		
4.67		0.83174479		
4.675		0.8318622		
4.68		0.83197941		
4.685		0.83209642		
4.69		0.83221324		
4.695		0.83232986		
4.7		0.83244628		
4.705		0.8325625		
4.71		0.83267853		
4.715		0.83279437		
4.72		0.83291001		
4.725		0.83302545		
4.73		0.83314071		
4.735		0.83325577		
4.74		0.83337063		
4.745		0.83348531		
4.75		0.83359979		
4.755		0.83371408		
4.76		0.83382818		
4.765		0.83394209		
4.77		0.83405581		
4.775		0.83416934		
4.78		0.83428268		
4.785		0.83439584		
4.79		0.8345088		
4.795		0.83462158		
4.8		0.83473418		
4.805		0.83484658		
4.81		0.8349588		
4.815		0.83507084		
4.82		0.83518269		
4.825		0.83529435		
4.83		0.83540583		
4.835		0.83551713		
4.84		0.83562825		
4.845		0.83573918		
4.85		0.83584993		
4.855		0.8359605		
4.86		0.83607088		
4.865		0.83618109		
4.87		0.83629112		
4.875		0.83640096		
4.88		0.83651063		
4.885		0.83662012		
4.89		0.83672943		
4.895		0.83683856		
4.9		0.83694751		
4.905		0.83705629		
4.91		0.83716489		
4.915		0.83727332		
4.92		0.83738156		
4.925		0.83748964		
4.93		0.83759754		
4.935		0.83770526		
4.94		0.83781281		
4.945		0.83792018		
4.95		0.83802739		
4.955		0.83813442		
4.96		0.83824128		
4.965		0.83834796		
4.97		0.83845448		
4.975		0.83856082		
4.98		0.83866699		
4.985		0.83877299		
4.99		0.83887883		
4.995		0.83898449		
5		0.83908999		
5.005		0.83919531		
5.01		0.83930047		
5.015		0.83940546		
5.02		0.83951028		
5.025		0.83961494		
5.03		0.83971943		
5.035		0.83982376		
5.04		0.83992791		
5.045		0.84003191		
5.05		0.84013574		
5.055		0.8402394		
5.06		0.8403429		
5.065		0.84044624		
5.07		0.84054941		
5.075		0.84065242		
5.08		0.84075527		
5.085		0.84085795		
5.09		0.84096048		
5.095		0.84106284		
5.1		0.84116505		
5.105		0.84126709		
5.11		0.84136897		
5.115		0.84147069		
5.12		0.84157226		
5.125		0.84167366		
5.13		0.84177491		
5.135		0.841876		
5.14		0.84197693		
5.145		0.8420777		
5.15		0.84217831		
5.155		0.84227877		
5.16		0.84237908		
5.165		0.84247923		
5.17		0.84257922		
5.175		0.84267905		
5.18		0.84277874		
5.185		0.84287826		
5.19		0.84297764		
5.195		0.84307686		
5.2		0.84317593		
5.205		0.84327484		
5.21		0.8433736		
5.215		0.84347221		
5.22		0.84357067		
5.225		0.84366898		
5.23		0.84376714		
5.235		0.84386514		
5.24		0.843963		
5.245		0.8440607		
5.25		0.84415826		
5.255		0.84425566		
5.26		0.84435292		
5.265		0.84445003		
5.27		0.84454699		
5.275		0.8446438		
5.28		0.84474047		
5.285		0.84483699		
5.29		0.84493336		
5.295		0.84502958		
5.3		0.84512566		
5.305		0.8452216		
5.31		0.84531738		
5.315		0.84541303		
5.32		0.84550853		
5.325		0.84560388		
5.33		0.84569909		
5.335		0.84579416		
5.34		0.84588908		
5.345		0.84598386		
5.35		0.8460785		
5.355		0.84617299		
5.36		0.84626734		
5.365		0.84636156		
5.37		0.84645563		
5.375		0.84654956		
5.38		0.84664334		
5.385		0.84673699		
5.39		0.8468305		
5.395		0.84692387		
5.4		0.8470171		
5.405		0.84711019		
5.41		0.84720314		
5.415		0.84729595		
5.42		0.84738863		
5.425		0.84748116		
5.43		0.84757356		
5.435		0.84766583		
5.44		0.84775795		
5.445		0.84784994		
5.45		0.84794179		
5.455		0.84803351		
5.46		0.84812509		
5.465		0.84821654		
5.47		0.84830785		
5.475		0.84839903		
5.48		0.84849007		
5.485		0.84858098		
5.49		0.84867175		
5.495		0.84876239		
5.5		0.8488529		
5.505		0.84894328		
5.51		0.84903352		
5.515		0.84912363		
5.52		0.84921361		
5.525		0.84930346		
5.53		0.84939318		
5.535		0.84948276		
5.54		0.84957222		
5.545		0.84966154		
5.55		0.84975074		
5.555		0.8498398		
5.56		0.84992874		
5.565		0.85001754		
5.57		0.85010622		
5.575		0.85019477		
5.58		0.85028319		
5.585		0.85037148		
5.59		0.85045964		
5.595		0.85054768		
5.6		0.85063559		
5.605		0.85072337		
5.61		0.85081103		
5.615		0.85089856		
5.62		0.85098596		
5.625		0.85107324		
5.63		0.8511604		
5.635		0.85124742		
5.64		0.85133433		
5.645		0.8514211		
5.65		0.85150776		
5.655		0.85159429		
5.66		0.8516807		
5.665		0.85176698		
5.67		0.85185314		
5.675		0.85193917		
5.68		0.85202509		
5.685		0.85211088		
5.69		0.85219655		
5.695		0.8522821		
5.7		0.85236752		
5.705		0.85245283		
5.71		0.85253801		
5.715		0.85262307		
5.72		0.85270802		
5.725		0.85279284		
5.73		0.85287754		
5.735		0.85296212		
5.74		0.85304659		
5.745		0.85313093		
5.75		0.85321516		
5.755		0.85329926		
5.76		0.85338325		
5.765		0.85346712		
5.77		0.85355087		
5.775		0.85363451		
5.78		0.85371802		
5.785		0.85380142		
5.79		0.85388471		
5.795		0.85396787		
5.8		0.85405092		
5.805		0.85413386		
5.81		0.85421668		
5.815		0.85429938		
5.82		0.85438197		
5.825		0.85446444		
5.83		0.8545468		
5.835		0.85462904		
5.84		0.85471117		
5.845		0.85479318		
5.85		0.85487508		
5.855		0.85495687		
5.86		0.85503855		
5.865		0.85512011		
5.87		0.85520156		
5.875		0.85528289		
5.88		0.85536411		
5.885		0.85544523		
5.89		0.85552622		
5.895		0.85560711		
5.9		0.85568789		
5.905		0.85576855		
5.91		0.85584911		
5.915		0.85592955		
5.92		0.85600989		
5.925		0.85609011		
5.93		0.85617022		
5.935		0.85625023		
5.94		0.85633012		
5.945		0.8564099		
5.95		0.85648958		
5.955		0.85656915		
5.96		0.85664861		
5.965		0.85672796		
5.97		0.8568072		
5.975		0.85688633		
5.98		0.85696536		
5.985		0.85704428		
5.99		0.85712309		
5.995		0.8572018		
6		0.85728039		
6.005		0.85735889		
6.01		0.85743727		
6.015		0.85751555		
6.02		0.85759373		
6.025		0.8576718		
6.03		0.85774976		
6.035		0.85782762		
6.04		0.85790537		
6.045		0.85798302		
6.05		0.85806056		
6.055		0.858138		
6.06		0.85821534		
6.065		0.85829257		
6.07		0.8583697		
6.075		0.85844672		
6.08		0.85852365		
6.085		0.85860047		
6.09		0.85867718		
6.095		0.8587538		
6.1		0.85883031		
6.105		0.85890672		
6.11		0.85898302		
6.115		0.85905923		
6.12		0.85913534		
6.125		0.85921134		
6.13		0.85928724		
6.135		0.85936304		
6.14		0.85943874		
6.145		0.85951434		
6.15		0.85958985		
6.155		0.85966525		
6.16		0.85974055		
6.165		0.85981575		
6.17		0.85989085		
6.175		0.85996585		
6.18		0.86004076		
6.185		0.86011556		
6.19		0.86019027		
6.195		0.86026488		
6.2		0.86033939		
6.205		0.8604138		
6.21		0.86048811		
6.215		0.86056233		
6.22		0.86063645		
6.225		0.86071047		
6.23		0.8607844		
6.235		0.86085823		
6.24		0.86093196		
6.245		0.8610056		
6.25		0.86107914		
6.255		0.86115258		
6.26		0.86122593		
6.265		0.86129919		
6.27		0.86137234		
6.275		0.86144541		
6.28		0.86151837		
6.285		0.86159125		
6.29		0.86166403		
6.295		0.86173671		
6.3		0.8618093		
6.305		0.8618818		
6.31		0.8619542		
6.315		0.86202651		
6.32		0.86209872		
6.325		0.86217085		
6.33		0.86224288		
6.335		0.86231481		
6.34		0.86238666		
6.345		0.86245841		
6.35		0.86253007		
6.355		0.86260163		
6.36		0.86267311		
6.365		0.86274449		
6.37		0.86281578		
6.375		0.86288698		
6.38		0.86295809		
6.385		0.86302911		
6.39		0.86310004		
6.395		0.86317088		
6.4		0.86324162		
6.405		0.86331228		
6.41		0.86338285		
6.415		0.86345332		
6.42		0.86352371		
6.425		0.86359401		
6.43		0.86366421		
6.435		0.86373433		
6.44		0.86380436		
6.445		0.8638743		
6.45		0.86394416		
6.455		0.86401392		
6.46		0.8640836		
6.465		0.86415318		
6.47		0.86422268		
6.475		0.8642921		
6.48		0.86436142		
6.485		0.86443066		
6.49		0.86449981		
6.495		0.86456887		
6.5		0.86463784		
6.505		0.86470673		
6.51		0.86477554		
6.515		0.86484425		
6.52		0.86491288		
6.525		0.86498143		
6.53		0.86504988		
6.535		0.86511826		
6.54		0.86518654		
6.545		0.86525475		
6.55		0.86532286		
6.555		0.86539089		
6.56		0.86545884		
6.565		0.8655267		
6.57		0.86559448		
6.575		0.86566217		
6.58		0.86572978		
6.585		0.86579731		
6.59		0.86586475		
6.595		0.86593211		
6.6		0.86599938		
6.605		0.86606657		
6.61		0.86613368		
6.615		0.8662007		
6.62		0.86626764		
6.625		0.8663345		
6.63		0.86640128		
6.635		0.86646797		
6.64		0.86653458		
6.645		0.86660111		
6.65		0.86666756		
6.655		0.86673393		
6.66		0.86680021		
6.665		0.86686641		
6.67		0.86693253		
6.675		0.86699857		
6.68		0.86706453		
6.685		0.86713041		
6.69		0.86719621		
6.695		0.86726193		
6.7		0.86732756		
6.705		0.86739312		
6.71		0.8674586		
6.715		0.867524		
6.72		0.86758931		
6.725		0.86765455		
6.73		0.86771971		
6.735		0.86778479		
6.74		0.86784979		
6.745		0.86791471		
6.75		0.86797955		
6.755		0.86804431		
6.76		0.868109		
6.765		0.86817361		
6.77		0.86823813		
6.775		0.86830259		
6.78		0.86836696		
6.785		0.86843125		
6.79		0.86849547		
6.795		0.86855961		
6.8		0.86862367		
6.805		0.86868766		
6.81		0.86875156		
6.815		0.8688154		
6.82		0.86887915		
6.825		0.86894283		
6.83		0.86900643		
6.835		0.86906996		
6.84		0.8691334		
6.845		0.86919678		
6.85		0.86926007		
6.855		0.8693233		
6.86		0.86938644		
6.865		0.86944951		
6.87		0.86951251		
6.875		0.86957543		
6.88		0.86963827		
6.885		0.86970104		
6.89		0.86976374		
6.895		0.86982636		
6.9		0.86988891		
6.905		0.86995138		
6.91		0.87001378		
6.915		0.8700761		
6.92		0.87013835		
6.925		0.87020053		
6.93		0.87026263		
6.935		0.87032466		
6.94		0.87038661		
6.945		0.8704485		
6.95		0.87051031		
6.955		0.87057204		
6.96		0.87063371		
6.965		0.8706953		
6.97		0.87075682		
6.975		0.87081826		
6.98		0.87087964		
6.985		0.87094094		
6.99		0.87100217		
6.995		0.87106333		
7		0.87112441		
7.005		0.87118543		
7.01		0.87124637		
7.015		0.87130724		
7.02		0.87136804		
7.025		0.87142877		
7.03		0.87148943		
7.035		0.87155002		
7.04		0.87161054		
7.045		0.87167099		
7.05		0.87173136		
7.055		0.87179167		
7.06		0.8718519		
7.065		0.87191207		
7.07		0.87197217		
7.075		0.87203219		
7.08		0.87209215		
7.085		0.87215204		
7.09		0.87221185		
7.095		0.8722716		
7.1		0.87233128		
7.105		0.87239089		
7.11		0.87245043		
7.115		0.87250991		
7.12		0.87256931		
7.125		0.87262865		
7.13		0.87268792		
7.135		0.87274711		
7.14		0.87280625		
7.145		0.87286531		
7.15		0.8729243		
7.155		0.87298323		
7.16		0.87304209		
7.165		0.87310088		
7.17		0.87315961		
7.175		0.87321827		
7.18		0.87327686		
7.185		0.87333538		
7.19		0.87339384		
7.195		0.87345223		
7.2		0.87351055		
7.205		0.87356881		
7.21		0.873627		
7.215		0.87368512		
7.22		0.87374318		
7.225		0.87380117		
7.23		0.87385909		
7.235		0.87391695		
7.24		0.87397475		
7.245		0.87403248		
7.25		0.87409014		
7.255		0.87414774		
7.26		0.87420527		
7.265		0.87426274		
7.27		0.87432014		
7.275		0.87437748		
7.28		0.87443475		
7.285		0.87449196		
7.29		0.8745491		
7.295		0.87460618		
7.3		0.8746632		
7.305		0.87472015		
7.31		0.87477703		
7.315		0.87483386		
7.32		0.87489062		
7.325		0.87494731		
7.33		0.87500394		
7.335		0.87506051		
7.34		0.87511701		
7.345		0.87517346		
7.35		0.87522983		
7.355		0.87528615		
7.36		0.8753424		
7.365		0.87539859		
7.37		0.87545472		
7.375		0.87551078		
7.38		0.87556678		
7.385		0.87562272		
7.39		0.8756786		
7.395		0.87573441		
7.4		0.87579017		
7.405		0.87584586		
7.41		0.87590148		
7.415		0.87595705		
7.42		0.87601256		
7.425		0.876068		
7.43		0.87612338		
7.435		0.8761787		
7.44		0.87623396		
7.445		0.87628916		
7.45		0.8763443		
7.455		0.87639938		
7.46		0.87645439		
7.465		0.87650935		
7.47		0.87656424		
7.475		0.87661908		
7.48		0.87667385		
7.485		0.87672857		
7.49		0.87678322		
7.495		0.87683781		
7.5		0.87689235		
7.505		0.87694682		
7.51		0.87700124		
7.515		0.87705559		
7.52		0.87710989		
7.525		0.87716412		
7.53		0.8772183		
7.535		0.87727242		
7.54		0.87732647		
7.545		0.87738047		
7.55		0.87743441		
7.555		0.8774883		
7.56		0.87754212		
7.565		0.87759588		
7.57		0.87764959		
7.575		0.87770323		
7.58		0.87775682		
7.585		0.87781035		
7.59		0.87786383		
7.595		0.87791724		
7.6		0.8779706		
7.605		0.8780239		
7.61		0.87807714		
7.615		0.87813032		
7.62		0.87818345		
7.625		0.87823652		
7.63		0.87828953		
7.635		0.87834248		
7.64		0.87839538		
7.645		0.87844822		
7.65		0.878501		
7.655		0.87855373		
7.66		0.8786064		
7.665		0.87865901		
7.67		0.87871157		
7.675		0.87876407		
7.68		0.87881651		
7.685		0.8788689		
7.69		0.87892123		
7.695		0.87897351		
7.7		0.87902573		
7.705		0.87907789		
7.71		0.87913		
7.715		0.87918205		
7.72		0.87923405		
7.725		0.87928599		
7.73		0.87933788		
7.735		0.87938971		
7.74		0.87944148		
7.745		0.8794932		
7.75		0.87954487		
7.755		0.87959648		
7.76		0.87964803		
7.765		0.87969953		
7.77		0.87975098		
7.775		0.87980237		
7.78		0.87985371		
7.785		0.87990499		
7.79		0.87995622		
7.795		0.88000739		
7.8		0.88005851		
7.805		0.88010958		
7.81		0.88016059		
7.815		0.88021155		
7.82		0.88026246		
7.825		0.88031331		
7.83		0.8803641		
7.835		0.88041485		
7.84		0.88046554		
7.845		0.88051618		
7.85		0.88056676		
7.855		0.88061729		
7.86		0.88066777		
7.865		0.8807182		
7.87		0.88076857		
7.875		0.88081889		
7.88		0.88086915		
7.885		0.88091937		
7.89		0.88096953		
7.895		0.88101964		
7.9		0.8810697		
7.905		0.8811197		
7.91		0.88116965		
7.915		0.88121955		
7.92		0.8812694		
7.925		0.8813192		
7.93		0.88136895		
7.935		0.88141864		
7.94		0.88146828		
7.945		0.88151787		
7.95		0.88156741		
7.955		0.8816169		
7.96		0.88166633		
7.965		0.88171572		
7.97		0.88176505		
7.975		0.88181433		
7.98		0.88186356		
7.985		0.88191275		
7.99		0.88196188		
7.995		0.88201095		
8		0.88205998		
8.005		0.88210896		
8.01		0.88215789		
8.015		0.88220677		
8.02		0.88225559		
8.025		0.88230437		
8.03		0.8823531		
8.035		0.88240177		
8.04		0.8824504		
8.045		0.88249898		
8.05		0.8825475		
8.055		0.88259598		
8.06		0.88264441		
8.065		0.88269279		
8.07		0.88274112		
8.075		0.88278939		
8.08		0.88283762		
8.085		0.88288581		
8.09		0.88293394		
8.095		0.88298202		
8.1		0.88303005		
8.105		0.88307804		
8.11		0.88312597		
8.115		0.88317386		
8.12		0.8832217		
8.125		0.88326949		
8.13		0.88331723		
8.135		0.88336492		
8.14		0.88341256		
8.145		0.88346016		
8.15		0.88350771		
8.155		0.88355521		
8.16		0.88360266		
8.165		0.88365006		
8.17		0.88369742		
8.175		0.88374473		
8.18		0.88379199		
8.185		0.8838392		
8.19		0.88388636		
8.195		0.88393348		
8.2		0.88398055		
8.205		0.88402757		
8.21		0.88407455		
8.215		0.88412148		
8.22		0.88416836		
8.225		0.88421519		
8.23		0.88426198		
8.235		0.88430872		
8.24		0.88435541		
8.245		0.88440205		
8.25		0.88444865		
8.255		0.88449521		
8.26		0.88454171		
8.265		0.88458817		
8.27		0.88463459		
8.275		0.88468095		
8.28		0.88472727		
8.285		0.88477355		
8.29		0.88481978		
8.295		0.88486596		
8.3		0.8849121		
8.305		0.88495819		
8.31		0.88500423		
8.315		0.88505023		
8.32		0.88509618		
8.325		0.88514209		
8.33		0.88518795		
8.335		0.88523377		
8.34		0.88527954		
8.345		0.88532527		
8.35		0.88537095		
8.355		0.88541658		
8.36		0.88546217		
8.365		0.88550772		
8.37		0.88555322		
8.375		0.88559868		
8.38		0.88564409		
8.385		0.88568945		
8.39		0.88573477		
8.395		0.88578005		
8.4		0.88582528		
8.405		0.88587047		
8.41		0.88591561		
8.415		0.88596071		
8.42		0.88600577		
8.425		0.88605078		
8.43		0.88609575		
8.435		0.88614067		
8.44		0.88618555		
8.445		0.88623038		
8.45		0.88627517		
8.455		0.88631992		
8.46		0.88636462		
8.465		0.88640928		
8.47		0.8864539		
8.475		0.88649847		
8.48		0.886543		
8.485		0.88658748		
8.49		0.88663193		
8.495		0.88667632		
8.5		0.88672068		
8.505		0.88676499		
8.51		0.88680926		
8.515		0.88685349		
8.52		0.88689767		
8.525		0.88694181		
8.53		0.88698591		
8.535		0.88702997		
8.54		0.88707398		
8.545		0.88711795		
8.55		0.88716188		
8.555		0.88720576		
8.56		0.88724961		
8.565		0.88729341		
8.57		0.88733717		
8.575		0.88738088		
8.58		0.88742456		
8.585		0.88746819		
8.59		0.88751178		
8.595		0.88755533		
8.6		0.88759883		
8.605		0.8876423		
8.61		0.88768572		
8.615		0.8877291		
8.62		0.88777244		
8.625		0.88781574		
8.63		0.88785899		
8.635		0.88790221		
8.64		0.88794538		
8.645		0.88798851		
8.65		0.8880316		
8.655		0.88807465		
8.66		0.88811766		
8.665		0.88816063		
8.67		0.88820356		
8.675		0.88824644		
8.68		0.88828929		
8.685		0.88833209		
8.69		0.88837485		
8.695		0.88841758		
8.7		0.88846026		
8.705		0.8885029		
8.71		0.8885455		
8.715		0.88858806		
8.72		0.88863058		
8.725		0.88867306		
8.73		0.8887155		
8.735		0.8887579		
8.74		0.88880026		
8.745		0.88884258		
8.75		0.88888486		
8.755		0.8889271		
8.76		0.8889693		
8.765		0.88901145		
8.77		0.88905357		
8.775		0.88909565		
8.78		0.88913769		
8.785		0.8891797		
8.79		0.88922166		
8.795		0.88926358		
8.8		0.88930546		
8.805		0.8893473		
8.81		0.88938911		
8.815		0.88943087		
8.82		0.8894726		
8.825		0.88951428		
8.83		0.88955593		
8.835		0.88959754		
8.84		0.88963911		
8.845		0.88968064		
8.85		0.88972213		
8.855		0.88976358		
8.86		0.889805		
8.865		0.88984637		
8.87		0.88988771		
8.875		0.88992901		
8.88		0.88997027		
8.885		0.89001149		
8.89		0.89005267		
8.895		0.89009381		
8.9		0.89013492		
8.905		0.89017599		
8.91		0.89021702		
8.915		0.89025801		
8.92		0.89029896		
8.925		0.89033988		
8.93		0.89038076		
8.935		0.8904216		
8.94		0.8904624		
8.945		0.89050317		
8.95		0.89054389		
8.955		0.89058458		
8.96		0.89062523		
8.965		0.89066585		
8.97		0.89070642		
8.975		0.89074696		
8.98		0.89078746		
8.985		0.89082793		
8.99		0.89086836		
8.995		0.89090875		
9		0.8909491		
9.005		0.89098941		
9.01		0.89102969		
9.015		0.89106994		
9.02		0.89111014		
9.025		0.89115031		
9.03		0.89119044		
9.035		0.89123053		
9.04		0.89127059		
9.045		0.89131061		
9.05		0.8913506		
9.055		0.89139054		
9.06		0.89143046		
9.065		0.89147033		
9.07		0.89151017		
9.075		0.89154997		
9.08		0.89158974		
9.085		0.89162947		
9.09		0.89166916		
9.095		0.89170882		
9.1		0.89174844		
9.105		0.89178802		
9.11		0.89182757		
9.115		0.89186709		
9.12		0.89190656		
9.125		0.891946		
9.13		0.89198541		
9.135		0.89202478		
9.14		0.89206411		
9.145		0.89210341		
9.15		0.89214268		
9.155		0.8921819		
9.16		0.8922211		
9.165		0.89226025		
9.17		0.89229937		
9.175		0.89233846		
9.18		0.89237751		
9.185		0.89241653		
9.19		0.89245551		
9.195		0.89249445		
9.2		0.89253336		
9.205		0.89257224		
9.21		0.89261108		
9.215		0.89264988		
9.22		0.89268866		
9.225		0.89272739		
9.23		0.89276609		
9.235		0.89280476		
9.24		0.89284339		
9.245		0.89288199		
9.25		0.89292055		
9.255		0.89295908		
9.26		0.89299757		
9.265		0.89303603		
9.27		0.89307446		
9.275		0.89311285		
9.28		0.8931512		
9.285		0.89318952		
9.29		0.89322781		
9.295		0.89326607		
9.3		0.89330429		
9.305		0.89334247		
9.31		0.89338062		
9.315		0.89341874		
9.32		0.89345682		
9.325		0.89349487		
9.33		0.89353289		
9.335		0.89357087		
9.34		0.89360882		
9.345		0.89364674		
9.35		0.89368462		
9.355		0.89372247		
9.36		0.89376028		
9.365		0.89379806		
9.37		0.89383581		
9.375		0.89387352		
9.38		0.8939112		
9.385		0.89394885		
9.39		0.89398647		
9.395		0.89402405		
9.4		0.8940616		
9.405		0.89409911		
9.41		0.89413659		
9.415		0.89417404		
9.42		0.89421146		
9.425		0.89424884		
9.43		0.89428619		
9.435		0.89432351		
9.44		0.89436079		
9.445		0.89439805		
9.45		0.89443527		
9.455		0.89447245		
9.46		0.89450961		
9.465		0.89454673		
9.47		0.89458382		
9.475		0.89462087		
9.48		0.8946579		
9.485		0.89469489		
9.49		0.89473185		
9.495		0.89476878		
9.5		0.89480567		
9.505		0.89484254		
9.51		0.89487937		
9.515		0.89491617		
9.52		0.89495293		
9.525		0.89498967		
9.53		0.89502637		
9.535		0.89506304		
9.54		0.89509968		
9.545		0.89513629		
9.55		0.89517287		
9.555		0.89520941		
9.56		0.89524592		
9.565		0.8952824		
9.57		0.89531885		
9.575		0.89535527		
9.58		0.89539165		
9.585		0.89542801		
9.59		0.89546433		
9.595		0.89550062		
9.6		0.89553688		
9.605		0.89557311		
9.61		0.89560931		
9.615		0.89564548		
9.62		0.89568161		
9.625		0.89571772		
9.63		0.89575379		
9.635		0.89578983		
9.64		0.89582584		
9.645		0.89586183		
9.65		0.89589777		
9.655		0.89593369		
9.66		0.89596958		
9.665		0.89600544		
9.67		0.89604126		
9.675		0.89607706		
9.68		0.89611282		
9.685		0.89614856		
9.69		0.89618426		
9.695		0.89621994		
9.7		0.89625558		
9.705		0.89629119		
9.71		0.89632677		
9.715		0.89636232		
9.72		0.89639784		
9.725		0.89643334		
9.73		0.8964688		
9.735		0.89650423		
9.74		0.89653963		
9.745		0.896575		
9.75		0.89661034		
9.755		0.89664565		
9.76		0.89668093		
9.765		0.89671618		
9.77		0.8967514		
9.775		0.89678659		
9.78		0.89682175		
9.785		0.89685688		
9.79		0.89689198		
9.795		0.89692705		
9.8		0.89696209		
9.805		0.8969971		
9.81		0.89703209		
9.815		0.89706704		
9.82		0.89710196		
9.825		0.89713686		
9.83		0.89717172		
9.835		0.89720655		
9.84		0.89724136		
9.845		0.89727614		
9.85		0.89731088		
9.855		0.8973456		
9.86		0.89738029		
9.865		0.89741495		
9.87		0.89744958		
9.875		0.89748418		
9.88		0.89751875		
9.885		0.8975533		
9.89		0.89758781		
9.895		0.89762229		
9.9		0.89765675		
9.905		0.89769118		
9.91		0.89772558		
9.915		0.89775995		
9.92		0.89779429		
9.925		0.8978286		
9.93		0.89786288		
9.935		0.89789714		
9.94		0.89793137		
9.945		0.89796556		
9.95		0.89799973		
9.955		0.89803388		
9.96		0.89806799		
9.965		0.89810207		
9.97		0.89813613		
9.975		0.89817016		
9.98		0.89820415		
9.985		0.89823813		
9.99		0.89827207		
9.995		0.89830598		
10		0.89833987		
10.005		0.89837373		
10.01		0.89840756		
10.015		0.89844136		
10.02		0.89847514		
10.025		0.89850888		
10.03		0.8985426		
10.035		0.89857629		
10.04		0.89860995		
10.045		0.89864359		
10.05		0.8986772		
10.055		0.89871078		
10.06		0.89874433		
10.065		0.89877785		
10.07		0.89881135		
10.075		0.89884482		
10.08		0.89887826		
10.085		0.89891167		
10.09		0.89894506		
10.095		0.89897842		
10.1		0.89901175		
10.105		0.89904506		
10.11		0.89907833		
10.115		0.89911158		
10.12		0.8991448		
10.125		0.899178		
10.13		0.89921117		
10.135		0.89924431		
10.14		0.89927742		
10.145		0.89931051		
10.15		0.89934357		
10.155		0.8993766		
10.16		0.89940961		
10.165		0.89944259		
10.17		0.89947554		
10.175		0.89950846		
10.18		0.89954136		
10.185		0.89957423		
10.19		0.89960708		
10.195		0.89963989		
10.2		0.89967269		
10.205		0.89970545		
10.21		0.89973819		
10.215		0.8997709		
10.22		0.89980358		
10.225		0.89983624		
10.23		0.89986887		
10.235		0.89990148		
10.24		0.89993406		
10.245		0.89996661		
10.25		0.89999914		
10.255		0.90003164		
10.26		0.90006411		
10.265		0.90009656		
10.27		0.90012898		
10.275		0.90016137		
10.28		0.90019374		
10.285		0.90022608		
10.29		0.9002584		
10.295		0.90029069		
10.3		0.90032296		
10.305		0.90035519		
10.31		0.90038741		
10.315		0.90041959		
10.32		0.90045175		
10.325		0.90048389		
10.33		0.900516		
10.335		0.90054808		
10.34		0.90058014		
10.345		0.90061217		
10.35		0.90064418		
10.355		0.90067616		
10.36		0.90070811		
10.365		0.90074004		
10.37		0.90077194		
10.375		0.90080382		
10.38		0.90083568		
10.385		0.9008675		
10.39		0.9008993		
10.395		0.90093108		
10.4		0.90096283		
10.405		0.90099456		
10.41		0.90102626		
10.415		0.90105793		
10.42		0.90108958		
10.425		0.90112121		
10.43		0.90115281		
10.435		0.90118438		
10.44		0.90121593		
10.445		0.90124746		
10.45		0.90127895		
10.455		0.90131043		
10.46		0.90134188		
10.465		0.9013733		
10.47		0.9014047		
10.475		0.90143608		
10.48		0.90146743		
10.485		0.90149875		
10.49		0.90153005		
10.495		0.90156133		
10.5		0.90159258		
10.505		0.9016238		
10.51		0.901655		
10.515		0.90168618		
10.52		0.90171733		
10.525		0.90174846		
10.53		0.90177956		
10.535		0.90181064		
10.54		0.9018417		
10.545		0.90187272		
10.55		0.90190373		
10.555		0.90193471		
10.56		0.90196567		
10.565		0.9019966		
10.57		0.90202751		
10.575		0.90205839		
10.58		0.90208925		
10.585		0.90212008		
10.59		0.9021509		
10.595		0.90218168		
10.6		0.90221244		
10.605		0.90224318		
10.61		0.9022739		
10.615		0.90230459		
10.62		0.90233525		
10.625		0.9023659		
10.63		0.90239652		
10.635		0.90242711		
10.64		0.90245768		
10.645		0.90248823		
10.65		0.90251875		
10.655		0.90254925		
10.66		0.90257973		
10.665		0.90261018		
10.67		0.90264061		
10.675		0.90267101		
10.68		0.90270139		
10.685		0.90273175		
10.69		0.90276208		
10.695		0.90279239		
10.7		0.90282268		
10.705		0.90285294		
10.71		0.90288318		
10.715		0.9029134		
10.72		0.90294359		
10.725		0.90297376		
10.73		0.90300391		
10.735		0.90303403		
10.74		0.90306413		
10.745		0.9030942		
10.75		0.90312426		
10.755		0.90315429		
10.76		0.90318429		
10.765		0.90321428		
10.77		0.90324424		
10.775		0.90327418		
10.78		0.90330409		
10.785		0.90333398		
10.79		0.90336385		
10.795		0.90339369		
10.8		0.90342352		
10.805		0.90345332		
10.81		0.90348309		
10.815		0.90351285		
10.82		0.90354258		
10.825		0.90357228		
10.83		0.90360197		
10.835		0.90363163		
10.84		0.90366127		
10.845		0.90369089		
10.85		0.90372048		
10.855		0.90375005		
10.86		0.9037796		
10.865		0.90380913		
10.87		0.90383863		
10.875		0.90386812		
10.88		0.90389757		
10.885		0.90392701		
10.89		0.90395643		
10.895		0.90398582		
10.9		0.90401519		
10.905		0.90404453		
10.91		0.90407386		
10.915		0.90410316		
10.92		0.90413244		
10.925		0.9041617		
10.93		0.90419093		
10.935		0.90422015		
10.94		0.90424934		
10.945		0.90427851		
10.95		0.90430765		
10.955		0.90433678		
10.96		0.90436588		
10.965		0.90439496		
10.97		0.90442402		
10.975		0.90445305		
10.98		0.90448207		
10.985		0.90451106		
10.99		0.90454003		
10.995		0.90456898		
11		0.90459791		
11.005		0.90462681		
11.01		0.9046557		
11.015		0.90468456		
11.02		0.9047134		
11.025		0.90474222		
11.03		0.90477101		
11.035		0.90479979		
11.04		0.90482854		
11.045		0.90485727		
11.05		0.90488598		
11.055		0.90491467		
11.06		0.90494334		
11.065		0.90497198		
11.07		0.90500061		
11.075		0.90502921		
11.08		0.90505779		
11.085		0.90508635		
11.09		0.90511489		
11.095		0.9051434		
11.1		0.9051719		
11.105		0.90520037		
11.11		0.90522882		
11.115		0.90525726		
11.12		0.90528567		
11.125		0.90531405		
11.13		0.90534242		
11.135		0.90537077		
11.14		0.90539909		
11.145		0.9054274		
11.15		0.90545568		
11.155		0.90548394		
11.16		0.90551219		
11.165		0.90554041		
11.17		0.9055686		
11.175		0.90559678		
11.18		0.90562494		
11.185		0.90565308		
11.19		0.90568119		
11.195		0.90570929		
11.2		0.90573736		
11.205		0.90576541		
11.21		0.90579345		
11.215		0.90582146		
11.22		0.90584945		
11.225		0.90587742		
11.23		0.90590537		
11.235		0.90593329		
11.24		0.9059612		
11.245		0.90598909		
11.25		0.90601696		
11.255		0.9060448		
11.26		0.90607263		
11.265		0.90610043		
11.27		0.90612822		
11.275		0.90615598		
11.28		0.90618373		
11.285		0.90621145		
11.29		0.90623915		
11.295		0.90626683		
11.3		0.9062945		
11.305		0.90632214		
11.31		0.90634976		
11.315		0.90637736		
11.32		0.90640494		
11.325		0.9064325		
11.33		0.90646004		
11.335		0.90648756		
11.34		0.90651506		
11.345		0.90654254		
11.35		0.90657		
11.355		0.90659744		
11.36		0.90662486		
11.365		0.90665226		
11.37		0.90667964		
11.375		0.906707		
11.38		0.90673434		
11.385		0.90676166		
11.39		0.90678896		
11.395		0.90681624		
11.4		0.9068435		
11.405		0.90687074		
11.41		0.90689796		
11.415		0.90692516		
11.42		0.90695234		
11.425		0.9069795		
11.43		0.90700664		
11.435		0.90703377		
11.44		0.90706087		
11.445		0.90708795		
11.45		0.90711501		
11.455		0.90714205		
11.46		0.90716908		
11.465		0.90719608		
11.47		0.90722307		
11.475		0.90725003		
11.48		0.90727698		
11.485		0.9073039		
11.49		0.90733081		
11.495		0.90735769		
11.5		0.90738456		
11.505		0.90741141		
11.51		0.90743824		
11.515		0.90746505		
11.52		0.90749183		
11.525		0.90751861		
11.53		0.90754536		
11.535		0.90757209		
11.54		0.9075988		
11.545		0.90762549		
11.55		0.90765217		
11.555		0.90767882		
11.56		0.90770546		
11.565		0.90773207		
11.57		0.90775867		
11.575		0.90778525		
11.58		0.90781181		
11.585		0.90783835		
11.59		0.90786487		
11.595		0.90789137		
11.6		0.90791786		
11.605		0.90794432		
11.61		0.90797077		
11.615		0.90799719		
11.62		0.9080236		
11.625		0.90804999		
11.63		0.90807636		
11.635		0.90810271		
11.64		0.90812904		
11.645		0.90815535		
11.65		0.90818165		
11.655		0.90820792		
11.66		0.90823418		
11.665		0.90826042		
11.67		0.90828664		
11.675		0.90831284		
11.68		0.90833902		
11.685		0.90836519		
11.69		0.90839133		
11.695		0.90841746		
11.7		0.90844357		
11.705		0.90846966		
11.71		0.90849573		
11.715		0.90852178		
11.72		0.90854781		
11.725		0.90857383		
11.73		0.90859983		
11.735		0.9086258		
11.74		0.90865176		
11.745		0.90867771		
11.75		0.90870363		
11.755		0.90872954		
11.76		0.90875542		
11.765		0.90878129		
11.77		0.90880714		
11.775		0.90883297		
11.78		0.90885879		
11.785		0.90888458		
11.79		0.90891036		
11.795		0.90893612		
11.8		0.90896186		
11.805		0.90898758		
11.81		0.90901329		
11.815		0.90903898		
11.82		0.90906464		
11.825		0.90909029		
11.83		0.90911593		
11.835		0.90914154		
11.84		0.90916714		
11.845		0.90919272		
11.85		0.90921828		
11.855		0.90924382		
11.86		0.90926935		
11.865		0.90929485		
11.87		0.90932034		
11.875		0.90934581		
11.88		0.90937127		
11.885		0.9093967		
11.89		0.90942212		
11.895		0.90944752		
11.9		0.9094729		
11.905		0.90949827		
11.91		0.90952362		
11.915		0.90954895		
11.92		0.90957426		
11.925		0.90959955		
11.93		0.90962483		
11.935		0.90965009		
11.94		0.90967533		
11.945		0.90970055		
11.95		0.90972576		
11.955		0.90975095		
11.96		0.90977612		
11.965		0.90980127		
11.97		0.90982641		
11.975		0.90985153		
11.98		0.90987663		
11.985		0.90990171		
11.99		0.90992678		
11.995		0.90995183		
12		0.90997686		
12.005		0.91000187		
12.01		0.91002687		
12.015		0.91005185		
12.02		0.91007681		
12.025		0.91010176		
12.03		0.91012668		
12.035		0.9101516		
12.04		0.91017649		
12.045		0.91020136		
12.05		0.91022622		
12.055		0.91025107		
12.06		0.91027589		
12.065		0.9103007		
12.07		0.91032549		
12.075		0.91035026		
12.08		0.91037502		
12.085		0.91039976		
12.09		0.91042448		
12.095		0.91044919		
12.1		0.91047388		
12.105		0.91049855		
12.11		0.9105232		
12.115		0.91054784		
12.12		0.91057246		
12.125		0.91059707		
12.13		0.91062165		
12.135		0.91064622		
12.14		0.91067078		
12.145		0.91069531		
12.15		0.91071983		
12.155		0.91074434		
12.16		0.91076882		
12.165		0.91079329		
12.17		0.91081774		
12.175		0.91084218		
12.18		0.9108666		
12.185		0.910891		
12.19		0.91091539		
12.195		0.91093976		
12.2		0.91096411		
12.205		0.91098845		
12.21		0.91101277		
12.215		0.91103707		
12.22		0.91106136		
12.225		0.91108563		
12.23		0.91110988		
12.235		0.91113412		
12.24		0.91115834		
12.245		0.91118254		
12.25		0.91120673		
12.255		0.9112309		
12.26		0.91125506		
12.265		0.9112792		
12.27		0.91130332		
12.275		0.91132743		
12.28		0.91135152		
12.285		0.91137559		
12.29		0.91139965		
12.295		0.91142369		
12.3		0.91144771		
12.305		0.91147172		
12.31		0.91149571		
12.315		0.91151969		
12.32		0.91154365		
12.325		0.91156759		
12.33		0.91159152		
12.335		0.91161543		
12.34		0.91163932		
12.345		0.9116632		
12.35		0.91168707		
12.355		0.91171091		
12.36		0.91173474		
12.365		0.91175856		
12.37		0.91178236		
12.375		0.91180614		
12.38		0.91182991		
12.385		0.91185366		
12.39		0.91187739		
12.395		0.91190111		
12.4		0.91192482		
12.405		0.9119485		
12.41		0.91197217		
12.415		0.91199583		
12.42		0.91201947		
12.425		0.91204309		
12.43		0.9120667		
12.435		0.91209029		
12.44		0.91211387		
12.445		0.91213743		
12.45		0.91216098		
12.455		0.91218451		
12.46		0.91220802		
12.465		0.91223152		
12.47		0.912255		
12.475		0.91227847		
12.48		0.91230192		
12.485		0.91232535		
12.49		0.91234877		
12.495		0.91237218		
12.5		0.91239556		
12.505		0.91241894		
12.51		0.91244229		
12.515		0.91246564		
12.52		0.91248896		
12.525		0.91251227		
12.53		0.91253557		
12.535		0.91255885		
12.54		0.91258211		
12.545		0.91260536		
12.55		0.9126286		
12.555		0.91265181		
12.56		0.91267502		
12.565		0.9126982		
12.57		0.91272138		
12.575		0.91274453		
12.58		0.91276768		
12.585		0.9127908		
12.59		0.91281391		
12.595		0.91283701		
12.6		0.91286009		
12.605		0.91288315		
12.61		0.9129062		
12.615		0.91292924		
12.62		0.91295226		
12.625		0.91297526		
12.63		0.91299825		
12.635		0.91302123		
12.64		0.91304419		
12.645		0.91306713		
12.65		0.91309006		
12.655		0.91311297		
12.66		0.91313587		
12.665		0.91315876		
12.67		0.91318162		
12.675		0.91320448		
12.68		0.91322732		
12.685		0.91325014		
12.69		0.91327295		
12.695		0.91329574		
12.7		0.91331852		
12.705		0.91334129		
12.71		0.91336404		
12.715		0.91338677		
12.72		0.91340949		
12.725		0.91343219		
12.73		0.91345488		
12.735		0.91347756		
12.74		0.91350022		
12.745		0.91352286		
12.75		0.91354549		
12.755		0.91356811		
12.76		0.91359071		
12.765		0.9136133		
12.77		0.91363587		
12.775		0.91365843		
12.78		0.91368097		
12.785		0.9137035		
12.79		0.91372601		
12.795		0.91374851		
12.8		0.91377099		
12.805		0.91379346		
12.81		0.91381591		
12.815		0.91383835		
12.82		0.91386078		
12.825		0.91388319		
12.83		0.91390559		
12.835		0.91392797		
12.84		0.91395034		
12.845		0.91397269		
12.85		0.91399503		
12.855		0.91401735		
12.86		0.91403966		
12.865		0.91406195		
12.87		0.91408423		
12.875		0.9141065		
12.88		0.91412875		
12.885		0.91415099		
12.89		0.91417321		
12.895		0.91419542		
12.9		0.91421762		
12.905		0.9142398		
12.91		0.91426196		
12.915		0.91428411		
12.92		0.91430625		
12.925		0.91432837		
12.93		0.91435048		
12.935		0.91437258		
12.94		0.91439466		
12.945		0.91441672		
12.95		0.91443877		
12.955		0.91446081		
12.96		0.91448284		
12.965		0.91450485		
12.97		0.91452684		
12.975		0.91454882		
12.98		0.91457079		
12.985		0.91459274		
12.99		0.91461468		
12.995		0.91463661		
13		0.91465852		
13.005		0.91468041		
13.01		0.9147023		
13.015		0.91472417		
13.02		0.91474602		
13.025		0.91476786		
13.03		0.91478969		
13.035		0.9148115		
13.04		0.9148333		
13.045		0.91485509		
13.05		0.91487686		
13.055		0.91489862		
13.06		0.91492036		
13.065		0.91494209		
13.07		0.91496381		
13.075		0.91498551		
13.08		0.9150072		
13.085		0.91502887		
13.09		0.91505053		
13.095		0.91507218		
13.1		0.91509381		
13.105		0.91511543		
13.11		0.91513704		
13.115		0.91515863		
13.12		0.91518021		
13.125		0.91520177		
13.13		0.91522333		
13.135		0.91524486		
13.14		0.91526639		
13.145		0.9152879		
13.15		0.91530939		
13.155		0.91533088		
13.16		0.91535235		
13.165		0.9153738		
13.17		0.91539524		
13.175		0.91541667		
13.18		0.91543809		
13.185		0.91545949		
13.19		0.91548088		
13.195		0.91550225		
13.2		0.91552361		
13.205		0.91554496		
13.21		0.9155663		
13.215		0.91558762		
13.22		0.91560892		
13.225		0.91563022		
13.23		0.9156515		
13.235		0.91567277		
13.24		0.91569402		
13.245		0.91571526		
13.25		0.91573649		
13.255		0.9157577		
13.26		0.9157789		
13.265		0.91580009		
13.27		0.91582126		
13.275		0.91584243		
13.28		0.91586357		
13.285		0.91588471		
13.29		0.91590583		
13.295		0.91592694		
13.3		0.91594803		
13.305		0.91596911		
13.31		0.91599018		
13.315		0.91601124		
13.32		0.91603228		
13.325		0.91605331		
13.33		0.91607432		
13.335		0.91609532		
13.34		0.91611631		
13.345		0.91613729		
13.35		0.91615825		
13.355		0.9161792		
13.36		0.91620014		
13.365		0.91622107		
13.37		0.91624198		
13.375		0.91626287		
13.38		0.91628376		
13.385		0.91630463		
13.39		0.91632549		
13.395		0.91634634		
13.4		0.91636717		
13.405		0.91638799		
13.41		0.9164088		
13.415		0.91642959		
13.42		0.91645037		
13.425		0.91647114		
13.43		0.9164919		
13.435		0.91651264		
13.44		0.91653337		
13.445		0.91655409		
13.45		0.91657479		
13.455		0.91659549		
13.46		0.91661616		
13.465		0.91663683		
13.47		0.91665748		
13.475		0.91667812		
13.48		0.91669875		
13.485		0.91671937		
13.49		0.91673997		
13.495		0.91676056		
13.5		0.91678114		
13.505		0.9168017		
13.51		0.91682225		
13.515		0.91684279		
13.52		0.91686332		
13.525		0.91688383		
13.53		0.91690433		
13.535		0.91692482		
13.54		0.9169453		
13.545		0.91696576		
13.55		0.91698621		
13.555		0.91700665		
13.56		0.91702708		
13.565		0.91704749		
13.57		0.91706789		
13.575		0.91708828		
13.58		0.91710865		
13.585		0.91712902		
13.59		0.91714937		
13.595		0.91716971		
13.6		0.91719003		
13.605		0.91721034		
13.61		0.91723065		
13.615		0.91725093		
13.62		0.91727121		
13.625		0.91729147		
13.63		0.91731173		
13.635		0.91733196		
13.64		0.91735219		
13.645		0.91737241		
13.65		0.91739261		
13.655		0.9174128		
13.66		0.91743297		
13.665		0.91745314		
13.67		0.91747329		
13.675		0.91749343		
13.68		0.91751356		
13.685		0.91753368		
13.69		0.91755378		
13.695		0.91757387		
13.7		0.91759395		
13.705		0.91761402		
13.71		0.91763407		
13.715		0.91765412		
13.72		0.91767415		
13.725		0.91769417		
13.73		0.91771417		
13.735		0.91773417		
13.74		0.91775415		
13.745		0.91777412		
13.75		0.91779408		
13.755		0.91781402		
13.76		0.91783396		
13.765		0.91785388		
13.77		0.91787379		
13.775		0.91789369		
13.78		0.91791357		
13.785		0.91793345		
13.79		0.91795331		
13.795		0.91797316		
13.8		0.917993		
13.805		0.91801282		
13.81		0.91803264		
13.815		0.91805244		
13.82		0.91807223		
13.825		0.91809201		
13.83		0.91811177		
13.835		0.91813153		
13.84		0.91815127		
13.845		0.918171		
13.85		0.91819072		
13.855		0.91821042		
13.86		0.91823012		
13.865		0.9182498		
13.87		0.91826947		
13.875		0.91828913		
13.88		0.91830878		
13.885		0.91832842		
13.89		0.91834804		
13.895		0.91836765		
13.9		0.91838725		
13.905		0.91840684		
13.91		0.91842642		
13.915		0.91844599		
13.92		0.91846554		
13.925		0.91848508		
13.93		0.91850461		
13.935		0.91852413		
13.94		0.91854364		
13.945		0.91856313		
13.95		0.91858262		
13.955		0.91860209		
13.96		0.91862155		
13.965		0.918641		
13.97		0.91866044		
13.975		0.91867986		
13.98		0.91869928		
13.985		0.91871868		
13.99		0.91873807		
13.995		0.91875745		
14		0.91877682		
14.005		0.91879618		
14.01		0.91881552		
14.015		0.91883486		
14.02		0.91885418		
14.025		0.91887349		
14.03		0.91889279		
14.035		0.91891208		
14.04		0.91893135		
14.045		0.91895062		
14.05		0.91896987		
14.055		0.91898911		
14.06		0.91900834		
14.065		0.91902756		
14.07		0.91904677		
14.075		0.91906597		
14.08		0.91908515		
14.085		0.91910433		
14.09		0.91912349		
14.095		0.91914264		
14.1		0.91916178		
14.105		0.91918091		
14.11		0.91920003		
14.115		0.91921913		
14.12		0.91923823		
14.125		0.91925731		
14.13		0.91927638		
14.135		0.91929544		
14.14		0.91931449		
14.145		0.91933353		
14.15		0.91935256		
14.155		0.91937158		
14.16		0.91939058		
14.165		0.91940958		
14.17		0.91942856		
14.175		0.91944753		
14.18		0.91946649		
14.185		0.91948544		
14.19		0.91950438		
14.195		0.91952331		
14.2		0.91954222		
14.205		0.91956113		
14.21		0.91958002		
14.215		0.9195989		
14.22		0.91961778		
14.225		0.91963664		
14.23		0.91965549		
14.235		0.91967433		
14.24		0.91969315		
14.245		0.91971197		
14.25		0.91973078		
14.255		0.91974957		
14.26		0.91976835		
14.265		0.91978713		
14.27		0.91980589		
14.275		0.91982464		
14.28		0.91984338		
14.285		0.91986211		
14.29		0.91988083		
14.295		0.91989953		
14.3		0.91991823		
14.305		0.91993692		
14.31		0.91995559		
14.315		0.91997425		
14.32		0.91999291		
14.325		0.92001155		
14.33		0.92003018		
14.335		0.9200488		
14.34		0.92006741		
14.345		0.92008601		
14.35		0.9201046		
14.355		0.92012317		
14.36		0.92014174		
14.365		0.9201603		
14.37		0.92017884		
14.375		0.92019738		
14.38		0.9202159		
14.385		0.92023441		
14.39		0.92025291		
14.395		0.92027141		
14.4		0.92028989		
14.405		0.92030836		
14.41		0.92032682		
14.415		0.92034526		
14.42		0.9203637		
14.425		0.92038213		
14.43		0.92040055		
14.435		0.92041895		
14.44		0.92043735		
14.445		0.92045573		
14.45		0.92047411		
14.455		0.92049247		
14.46		0.92051082		
14.465		0.92052917		
14.47		0.9205475		
14.475		0.92056582		
14.48		0.92058413		
14.485		0.92060243		
14.49		0.92062072		
14.495		0.920639		
14.5		0.92065727		
14.505		0.92067553		
14.51		0.92069378		
14.515		0.92071201		
14.52		0.92073024		
14.525		0.92074846		
14.53		0.92076666		
14.535		0.92078486		
14.54		0.92080304		
14.545		0.92082122		
14.55		0.92083938		
14.555		0.92085754		
14.56		0.92087568		
14.565		0.92089381		
14.57		0.92091194		
14.575		0.92093005		
14.58		0.92094815		
14.585		0.92096624		
14.59		0.92098433		
14.595		0.9210024		
14.6		0.92102046		
14.605		0.92103851		
14.61		0.92105655		
14.615		0.92107458		
14.62		0.9210926		
14.625		0.92111061		
14.63		0.92112861		
14.635		0.9211466		
14.64		0.92116458		
14.645		0.92118254		
14.65		0.9212005		
14.655		0.92121845		
14.66		0.92123639		
14.665		0.92125432		
14.67		0.92127223		
14.675		0.92129014		
14.68		0.92130804		
14.685		0.92132593		
14.69		0.9213438		
14.695		0.92136167		
14.7		0.92137953		
14.705		0.92139737		
14.71		0.92141521		
14.715		0.92143304		
14.72		0.92145085		
14.725		0.92146866		
14.73		0.92148646		
14.735		0.92150424		
14.74		0.92152202		
14.745		0.92153978		
14.75		0.92155754		
14.755		0.92157529		
14.76		0.92159302		
14.765		0.92161075		
14.77		0.92162847		
14.775		0.92164617		
14.78		0.92166387		
14.785		0.92168155		
14.79		0.92169923		
14.795		0.9217169		
14.8		0.92173455		
14.805		0.9217522		
14.81		0.92176984		
14.815		0.92178746		
14.82		0.92180508		
14.825		0.92182269		
14.83		0.92184028		
14.835		0.92185787		
14.84		0.92187545		
14.845		0.92189301		
14.85		0.92191057		
14.855		0.92192812		
14.86		0.92194566		
14.865		0.92196318		
14.87		0.9219807		
14.875		0.92199821		
14.88		0.92201571		
14.885		0.9220332		
14.89		0.92205068		
14.895		0.92206815		
14.9		0.92208561		
14.905		0.92210306		
14.91		0.9221205		
14.915		0.92213793		
14.92		0.92215535		
14.925		0.92217276		
14.93		0.92219016		
14.935		0.92220755		
14.94		0.92222493		
14.945		0.9222423		
14.95		0.92225966		
14.955		0.92227702		
14.96		0.92229436		
14.965		0.92231169		
14.97		0.92232902		
14.975		0.92234633		
14.98		0.92236364		
14.985		0.92238093		
14.99		0.92239822		
14.995		0.92241549		
15		0.92243276		
15.005		0.92245001		
15.01		0.92246726		
15.015		0.9224845		
15.02		0.92250172		
15.025		0.92251894		
15.03		0.92253615		
15.035		0.92255335		
15.04		0.92257054		
15.045		0.92258772		
15.05		0.92260489		
15.055		0.92262205		
15.06		0.9226392		
15.065		0.92265635		
15.07		0.92267348		
15.075		0.9226906		
15.08		0.92270771		
15.085		0.92272482		
15.09		0.92274191		
15.095		0.922759		
15.1		0.92277608		
15.105		0.92279314		
15.11		0.9228102		
15.115		0.92282725		
15.12		0.92284428		
15.125		0.92286131		
15.13		0.92287833		
15.135		0.92289534		
15.14		0.92291234		
15.145		0.92292934		
15.15		0.92294632		
15.155		0.92296329		
15.16		0.92298025		
15.165		0.92299721		
15.17		0.92301415		
15.175		0.92303109		
15.18		0.92304802		
15.185		0.92306493		
15.19		0.92308184		
15.195		0.92309874		
15.2		0.92311563		
15.205		0.92313251		
15.21		0.92314938		
15.215		0.92316624		
15.22		0.92318309		
15.225		0.92319994		
15.23		0.92321677		
15.235		0.92323359		
15.24		0.92325041		
15.245		0.92326722		
15.25		0.92328401		
15.255		0.9233008		
15.26		0.92331758		
15.265		0.92333435		
15.27		0.92335111		
15.275		0.92336786		
15.28		0.9233846		
15.285		0.92340134		
15.29		0.92341806		
15.295		0.92343477		
15.3		0.92345148		
15.305		0.92346818		
15.31		0.92348486		
15.315		0.92350154		
15.32		0.92351821		
15.325		0.92353487		
15.33		0.92355152		
15.335		0.92356817		
15.34		0.9235848		
15.345		0.92360142		
15.35		0.92361804		
15.355		0.92363465		
15.36		0.92365124		
15.365		0.92366783		
15.37		0.92368441		
15.375		0.92370098		
15.38		0.92371754		
15.385		0.92373409		
15.39		0.92375064		
15.395		0.92376717		
15.4		0.9237837		
15.405		0.92380021		
15.41		0.92381672		
15.415		0.92383322		
15.42		0.92384971		
15.425		0.92386619		
15.43		0.92388266		
15.435		0.92389912		
15.44		0.92391558		
15.445		0.92393202		
15.45		0.92394846		
15.455		0.92396489		
15.46		0.92398131		
15.465		0.92399772		
15.47		0.92401412		
15.475		0.92403051		
15.48		0.92404689		
15.485		0.92406327		
15.49		0.92407963		
15.495		0.92409599		
15.5		0.92411234		
15.505		0.92412868		
15.51		0.92414501		
15.515		0.92416133		
15.52		0.92417764		
15.525		0.92419395		
15.53		0.92421024		
15.535		0.92422653		
15.54		0.92424281		
15.545		0.92425908		
15.55		0.92427534		
15.555		0.92429159		
15.56		0.92430783		
15.565		0.92432407		
15.57		0.92434029		
15.575		0.92435651		
15.58		0.92437272		
15.585		0.92438892		
15.59		0.92440511		
15.595		0.92442129		
15.6		0.92443747		
15.605		0.92445363		
15.61		0.92446979		
15.615		0.92448594		
15.62		0.92450208		
15.625		0.92451821		
15.63		0.92453433		
15.635		0.92455044		
15.64		0.92456655		
15.645		0.92458265		
15.65		0.92459873		
15.655		0.92461481		
15.66		0.92463088		
15.665		0.92464695		
15.67		0.924663		
15.675		0.92467905		
15.68		0.92469508		
15.685		0.92471111		
15.69		0.92472713		
15.695		0.92474314		
15.7		0.92475914		
15.705		0.92477514		
15.71		0.92479112		
15.715		0.9248071		
15.72		0.92482307		
15.725		0.92483903		
15.73		0.92485498		
15.735		0.92487093		
15.74		0.92488686		
15.745		0.92490279		
15.75		0.92491871		
15.755		0.92493462		
15.76		0.92495052		
15.765		0.92496641		
15.77		0.9249823		
15.775		0.92499817		
15.78		0.92501404		
15.785		0.9250299		
15.79		0.92504575		
15.795		0.92506159		
15.8		0.92507743		
15.805		0.92509325		
15.81		0.92510907		
15.815		0.92512488		
15.82		0.92514068		
15.825		0.92515647		
15.83		0.92517226		
15.835		0.92518803		
15.84		0.9252038		
15.845		0.92521956		
15.85		0.92523531		
15.855		0.92525105		
15.86		0.92526679		
15.865		0.92528252		
15.87		0.92529823		
15.875		0.92531394		
15.88		0.92532965		
15.885		0.92534534		
15.89		0.92536102		
15.895		0.9253767		
15.9		0.92539237		
15.905		0.92540803		
15.91		0.92542368		
15.915		0.92543933		
15.92		0.92545496		
15.925		0.92547059		
15.93		0.92548621		
15.935		0.92550182		
15.94		0.92551743		
15.945		0.92553302		
15.95		0.92554861		
15.955		0.92556419		
15.96		0.92557976		
15.965		0.92559532		
15.97		0.92561087		
15.975		0.92562642		
15.98		0.92564196		
15.985		0.92565749		
15.99		0.92567301		
15.995		0.92568853		
16		0.92570403		
16.005		0.92571953		
16.01		0.92573502		
16.015		0.9257505		
16.02		0.92576597		
16.025		0.92578144		
16.03		0.9257969		
16.035		0.92581235		
16.04		0.92582779		
16.045		0.92584322		
16.05		0.92585865		
16.055		0.92587407		
16.06		0.92588947		
16.065		0.92590488		
16.07		0.92592027		
16.075		0.92593566		
16.08		0.92595103		
16.085		0.9259664		
16.09		0.92598176		
16.095		0.92599712		
16.1		0.92601246		
16.105		0.9260278		
16.11		0.92604313		
16.115		0.92605845		
16.12		0.92607377		
16.125		0.92608907		
16.13		0.92610437		
16.135		0.92611966		
16.14		0.92613495		
16.145		0.92615022		
16.15		0.92616549		
16.155		0.92618075		
16.16		0.926196		
16.165		0.92621124		
16.17		0.92622647		
16.175		0.9262417		
16.18		0.92625692		
16.185		0.92627213		
16.19		0.92628734		
16.195		0.92630253		
16.2		0.92631772		
16.205		0.9263329		
16.21		0.92634808		
16.215		0.92636324		
16.22		0.9263784		
16.225		0.92639355		
16.23		0.92640869		
16.235		0.92642382		
16.24		0.92643895		
16.245		0.92645407		
16.25		0.92646918		
16.255		0.92648428		
16.26		0.92649937		
16.265		0.92651446		
16.27		0.92652954		
16.275		0.92654461		
16.28		0.92655968		
16.285		0.92657473		
16.29		0.92658978		
16.295		0.92660482		
16.3		0.92661986		
16.305		0.92663488		
16.31		0.9266499		
16.315		0.92666491		
16.32		0.92667991		
16.325		0.92669491		
16.33		0.9267099		
16.335		0.92672488		
16.34		0.92673985		
16.345		0.92675481		
16.35		0.92676977		
16.355		0.92678472		
16.36		0.92679966		
16.365		0.92681459		
16.37		0.92682952		
16.375		0.92684444		
16.38		0.92685935		
16.385		0.92687425		
16.39		0.92688915		
16.395		0.92690404		
16.4		0.92691892		
16.405		0.92693379		
16.41		0.92694866		
16.415		0.92696352		
16.42		0.92697837		
16.425		0.92699321		
16.43		0.92700805		
16.435		0.92702287		
16.44		0.92703769		
16.445		0.92705251		
16.45		0.92706731		
16.455		0.92708211		
16.46		0.9270969		
16.465		0.92711169		
16.47		0.92712646		
16.475		0.92714123		
16.48		0.92715599		
16.485		0.92717074		
16.49		0.92718549		
16.495		0.92720023		
16.5		0.92721496		
16.505		0.92722968		
16.51		0.9272444		
16.515		0.92725911		
16.52		0.92727381		
16.525		0.9272885		
16.53		0.92730319		
16.535		0.92731787		
16.54		0.92733254		
16.545		0.9273472		
16.55		0.92736186		
16.555		0.92737651		
16.56		0.92739115		
16.565		0.92740579		
16.57		0.92742041		
16.575		0.92743503		
16.58		0.92744965		
16.585		0.92746425		
16.59		0.92747885		
16.595		0.92749344		
16.6		0.92750802		
16.605		0.9275226		
16.61		0.92753717		
16.615		0.92755173		
16.62		0.92756628		
16.625		0.92758083		
16.63		0.92759537		
16.635		0.9276099		
16.64		0.92762443		
16.645		0.92763895		
16.65		0.92765346		
16.655		0.92766796		
16.66		0.92768245		
16.665		0.92769694		
16.67		0.92771142		
16.675		0.9277259		
16.68		0.92774037		
16.685		0.92775483		
16.69		0.92776928		
16.695		0.92778372		
16.7		0.92779816		
16.705		0.92781259		
16.71		0.92782702		
16.715		0.92784143		
16.72		0.92785584		
16.725		0.92787024		
16.73		0.92788464		
16.735		0.92789903		
16.74		0.92791341		
16.745		0.92792778		
16.75		0.92794215		
16.755		0.92795651		
16.76		0.92797086		
16.765		0.9279852		
16.77		0.92799954		
16.775		0.92801387		
16.78		0.9280282		
16.785		0.92804251		
16.79		0.92805682		
16.795		0.92807112		
16.8		0.92808542		
16.805		0.92809971		
16.81		0.92811399		
16.815		0.92812826		
16.82		0.92814253		
16.825		0.92815679		
16.83		0.92817104		
16.835		0.92818529		
16.84		0.92819953		
16.845		0.92821376		
16.85		0.92822798		
16.855		0.9282422		
16.86		0.92825641		
16.865		0.92827061		
16.87		0.92828481		
16.875		0.928299		
16.88		0.92831318		
16.885		0.92832736		
16.89		0.92834153		
16.895		0.92835569		
16.9		0.92836984		
16.905		0.92838399		
16.91		0.92839813		
16.915		0.92841226		
16.92		0.92842639		
16.925		0.92844051		
16.93		0.92845462		
16.935		0.92846873		
16.94		0.92848283		
16.945		0.92849692		
16.95		0.92851101		
16.955		0.92852508		
16.96		0.92853915		
16.965		0.92855322		
16.97		0.92856728		
16.975		0.92858133		
16.98		0.92859537		
16.985		0.92860941		
16.99		0.92862344		
16.995		0.92863746		
17		0.92865148		
17.005		0.92866548		
17.01		0.92867949		
17.015		0.92869348		
17.02		0.92870747		
17.025		0.92872145		
17.03		0.92873543		
17.035		0.9287494		
17.04		0.92876336		
17.045		0.92877731		
17.05		0.92879126		
17.055		0.9288052		
17.06		0.92881913		
17.065		0.92883306		
17.07		0.92884698		
17.075		0.92886089		
17.08		0.9288748		
17.085		0.9288887		
17.09		0.92890259		
17.095		0.92891648		
17.1		0.92893036		
17.105		0.92894423		
17.11		0.9289581		
17.115		0.92897196		
17.12		0.92898581		
17.125		0.92899966		
17.13		0.9290135		
17.135		0.92902733		
17.14		0.92904116		
17.145		0.92905497		
17.15		0.92906879		
17.155		0.92908259		
17.16		0.92909639		
17.165		0.92911018		
17.17		0.92912397		
17.175		0.92913775		
17.18		0.92915152		
17.185		0.92916528		
17.19		0.92917904		
17.195		0.9291928		
17.2		0.92920654		
17.205		0.92922028		
17.21		0.92923401		
17.215		0.92924774		
17.22		0.92926146		
17.225		0.92927517		
17.23		0.92928887		
17.235		0.92930257		
17.24		0.92931627		
17.245		0.92932995		
17.25		0.92934363		
17.255		0.9293573		
17.26		0.92937097		
17.265		0.92938463		
17.27		0.92939828		
17.275		0.92941193		
17.28		0.92942557		
17.285		0.9294392		
17.29		0.92945283		
17.295		0.92946645		
17.3		0.92948006		
17.305		0.92949367		
17.31		0.92950727		
17.315		0.92952086		
17.32		0.92953445		
17.325		0.92954803		
17.33		0.9295616		
17.335		0.92957517		
17.34		0.92958873		
17.345		0.92960228		
17.35		0.92961583		
17.355		0.92962937		
17.36		0.92964291		
17.365		0.92965644		
17.37		0.92966996		
17.375		0.92968347		
17.38		0.92969698		
17.385		0.92971049		
17.39		0.92972398		
17.395		0.92973747		
17.4		0.92975096		
17.405		0.92976443		
17.41		0.9297779		
17.415		0.92979137		
17.42		0.92980482		
17.425		0.92981827		
17.43		0.92983172		
17.435		0.92984516		
17.44		0.92985859		
17.445		0.92987201		
17.45		0.92988543		
17.455		0.92989884		
17.46		0.92991225		
17.465		0.92992565		
17.47		0.92993904		
17.475		0.92995243		
17.48		0.92996581		
17.485		0.92997919		
17.49		0.92999255		
17.495		0.93000591		
17.5		0.93001927		
17.505		0.93003262		
17.51		0.93004596		
17.515		0.9300593		
17.52		0.93007263		
17.525		0.93008595		
17.53		0.93009927		
17.535		0.93011258		
17.54		0.93012588		
17.545		0.93013918		
17.55		0.93015247		
17.555		0.93016576		
17.56		0.93017903		
17.565		0.93019231		
17.57		0.93020557		
17.575		0.93021883		
17.58		0.93023209		
17.585		0.93024534		
17.59		0.93025858		
17.595		0.93027181		
17.6		0.93028504		
17.605		0.93029826		
17.61		0.93031148		
17.615		0.93032469		
17.62		0.93033789		
17.625		0.93035109		
17.63		0.93036428		
17.635		0.93037747		
17.64		0.93039065		
17.645		0.93040382		
17.65		0.93041698		
17.655		0.93043014		
17.66		0.9304433		
17.665		0.93045645		
17.67		0.93046959		
17.675		0.93048272		
17.68		0.93049585		
17.685		0.93050897		
17.69		0.93052209		
17.695		0.9305352		
17.7		0.93054831		
17.705		0.9305614		
17.71		0.9305745		
17.715		0.93058758		
17.72		0.93060066		
17.725		0.93061374		
17.73		0.9306268		
17.735		0.93063986		
17.74		0.93065292		
17.745		0.93066597		
17.75		0.93067901		
17.755		0.93069205		
17.76		0.93070508		
17.765		0.9307181		
17.77		0.93073112		
17.775		0.93074413		
17.78		0.93075714		
17.785		0.93077014		
17.79		0.93078314		
17.795		0.93079612		
17.8		0.93080911		
17.805		0.93082208		
17.81		0.93083505		
17.815		0.93084801		
17.82		0.93086097		
17.825		0.93087392		
17.83		0.93088687		
17.835		0.93089981		
17.84		0.93091274		
17.845		0.93092567		
17.85		0.93093859		
17.855		0.93095151		
17.86		0.93096442		
17.865		0.93097732		
17.87		0.93099022		
17.875		0.93100311		
17.88		0.93101599		
17.885		0.93102887		
17.89		0.93104175		
17.895		0.93105461		
17.9		0.93106747		
17.905		0.93108033		
17.91		0.93109318		
17.915		0.93110602		
17.92		0.93111886		
17.925		0.93113169		
17.93		0.93114452		
17.935		0.93115734		
17.94		0.93117015		
17.945		0.93118296		
17.95		0.93119576		
17.955		0.93120855		
17.96		0.93122134		
17.965		0.93123413		
17.97		0.9312469		
17.975		0.93125968		
17.98		0.93127244		
17.985		0.9312852		
17.99		0.93129796		
17.995		0.93131071		
18		0.93132345		
18.005		0.93133618		
18.01		0.93134891		
18.015		0.93136164		
18.02		0.93137436		
18.025		0.93138707		
18.03		0.93139978		
18.035		0.93141248		
18.04		0.93142517		
18.045		0.93143786		
18.05		0.93145055		
18.055		0.93146323		
18.06		0.9314759		
18.065		0.93148856		
18.07		0.93150122		
18.075		0.93151388		
18.08		0.93152653		
18.085		0.93153917		
18.09		0.93155181		
18.095		0.93156444		
18.1		0.93157706		
18.105		0.93158968		
18.11		0.9316023		
18.115		0.9316149		
18.12		0.93162751		
18.125		0.9316401		
18.13		0.93165269		
18.135		0.93166528		
18.14		0.93167786		
18.145		0.93169043		
18.15		0.931703		
18.155		0.93171556		
18.16		0.93172811		
18.165		0.93174066		
18.17		0.93175321		
18.175		0.93176575		
18.18		0.93177828		
18.185		0.93179081		
18.19		0.93180333		
18.195		0.93181584		
18.2		0.93182835		
18.205		0.93184086		
18.21		0.93185336		
18.215		0.93186585		
18.22		0.93187833		
18.225		0.93189082		
18.23		0.93190329		
18.235		0.93191576		
18.24		0.93192823		
18.245		0.93194068		
18.25		0.93195314		
18.255		0.93196558		
18.26		0.93197803		
18.265		0.93199046		
18.27		0.93200289		
18.275		0.93201532		
18.28		0.93202773		
18.285		0.93204015		
18.29		0.93205255		
18.295		0.93206496		
18.3		0.93207735		
18.305		0.93208974		
18.31		0.93210213		
18.315		0.93211451		
18.32		0.93212688		
18.325		0.93213925		
18.33		0.93215161		
18.335		0.93216397		
18.34		0.93217632		
18.345		0.93218866		
18.35		0.932201		
18.355		0.93221334		
18.36		0.93222567		
18.365		0.93223799		
18.37		0.93225031		
18.375		0.93226262		
18.38		0.93227492		
18.385		0.93228723		
18.39		0.93229952		
18.395		0.93231181		
18.4		0.93232409		
18.405		0.93233637		
18.41		0.93234865		
18.415		0.93236091		
18.42		0.93237317		
18.425		0.93238543		
18.43		0.93239768		
18.435		0.93240993		
18.44		0.93242217		
18.445		0.9324344		
18.45		0.93244663		
18.455		0.93245885		
18.46		0.93247107		
18.465		0.93248328		
18.47		0.93249549		
18.475		0.93250769		
18.48		0.93251988		
18.485		0.93253207		
18.49		0.93254426		
18.495		0.93255644		
18.5		0.93256861		
18.505		0.93258078		
18.51		0.93259294		
18.515		0.9326051		
18.52		0.93261725		
18.525		0.9326294		
18.53		0.93264154		
18.535		0.93265367		
18.54		0.9326658		
18.545		0.93267793		
18.55		0.93269004		
18.555		0.93270216		
18.56		0.93271427		
18.565		0.93272637		
18.57		0.93273847		
18.575		0.93275056		
18.58		0.93276264		
18.585		0.93277472		
18.59		0.9327868		
18.595		0.93279887		
18.6		0.93281093		
18.605		0.93282299		
18.61		0.93283505		
18.615		0.9328471		
18.62		0.93285914		
18.625		0.93287118		
18.63		0.93288321		
18.635		0.93289524		
18.64		0.93290726		
18.645		0.93291927		
18.65		0.93293128		
18.655		0.93294329		
18.66		0.93295529		
18.665		0.93296728		
18.67		0.93297927		
18.675		0.93299126		
18.68		0.93300324		
18.685		0.93301521		
18.69		0.93302718		
18.695		0.93303914		
18.7		0.9330511		
18.705		0.93306305		
18.71		0.93307499		
18.715		0.93308694		
18.72		0.93309887		
18.725		0.9331108		
18.73		0.93312273		
18.735		0.93313465		
18.74		0.93314656		
18.745		0.93315847		
18.75		0.93317038		
18.755		0.93318227		
18.76		0.93319417		
18.765		0.93320606		
18.77		0.93321794		
18.775		0.93322982		
18.78		0.93324169		
18.785		0.93325356		
18.79		0.93326542		
18.795		0.93327728		
18.8		0.93328913		
18.805		0.93330097		
18.81		0.93331281		
18.815		0.93332465		
18.82		0.93333648		
18.825		0.93334831		
18.83		0.93336012		
18.835		0.93337194		
18.84		0.93338375		
18.845		0.93339555		
18.85		0.93340735		
18.855		0.93341915		
18.86		0.93343093		
18.865		0.93344272		
18.87		0.9334545		
18.875		0.93346627		
18.88		0.93347804		
18.885		0.9334898		
18.89		0.93350156		
18.895		0.93351331		
18.9		0.93352506		
18.905		0.9335368		
18.91		0.93354853		
18.915		0.93356027		
18.92		0.93357199		
18.925		0.93358371		
18.93		0.93359543		
18.935		0.93360714		
18.94		0.93361885		
18.945		0.93363055		
18.95		0.93364224		
18.955		0.93365393		
18.96		0.93366562		
18.965		0.9336773		
18.97		0.93368897		
18.975		0.93370064		
18.98		0.93371231		
18.985		0.93372397		
18.99		0.93373562		
18.995		0.93374727		
19		0.93375891		
19.005		0.93377055		
19.01		0.93378219		
19.015		0.93379382		
19.02		0.93380544		
19.025		0.93381706		
19.03		0.93382867		
19.035		0.93384028		
19.04		0.93385188		
19.045		0.93386348		
19.05		0.93387507		
19.055		0.93388666		
19.06		0.93389825		
19.065		0.93390982		
19.07		0.9339214		
19.075		0.93393296		
19.08		0.93394453		
19.085		0.93395609		
19.09		0.93396764		
19.095		0.93397919		
19.1		0.93399073		
19.105		0.93400227		
19.11		0.9340138		
19.115		0.93402533		
19.12		0.93403685		
19.125		0.93404837		
19.13		0.93405988		
19.135		0.93407139		
19.14		0.93408289		
19.145		0.93409439		
19.15		0.93410588		
19.155		0.93411737		
19.16		0.93412885		
19.165		0.93414033		
19.17		0.9341518		
19.175		0.93416327		
19.18		0.93417473		
19.185		0.93418619		
19.19		0.93419764		
19.195		0.93420909		
19.2		0.93422053		
19.205		0.93423197		
19.21		0.9342434		
19.215		0.93425483		
19.22		0.93426625		
19.225		0.93427767		
19.23		0.93428908		
19.235		0.93430049		
19.24		0.93431189		
19.245		0.93432329		
19.25		0.93433468		
19.255		0.93434607		
19.26		0.93435745		
19.265		0.93436883		
19.27		0.93438021		
19.275		0.93439157		
19.28		0.93440294		
19.285		0.9344143		
19.29		0.93442565		
19.295		0.934437		
19.3		0.93444834		
19.305		0.93445968		
19.31		0.93447102		
19.315		0.93448235		
19.32		0.93449367		
19.325		0.93450499		
19.33		0.9345163		
19.335		0.93452761		
19.34		0.93453892		
19.345		0.93455022		
19.35		0.93456151		
19.355		0.9345728		
19.36		0.93458409		
19.365		0.93459537		
19.37		0.93460665		
19.375		0.93461792		
19.38		0.93462918		
19.385		0.93464044		
19.39		0.9346517		
19.395		0.93466295		
19.4		0.9346742		
19.405		0.93468544		
19.41		0.93469668		
19.415		0.93470791		
19.42		0.93471914		
19.425		0.93473036		
19.43		0.93474158		
19.435		0.93475279		
19.44		0.934764		
19.445		0.9347752		
19.45		0.9347864		
19.455		0.93479759		
19.46		0.93480878		
19.465		0.93481997		
19.47		0.93483114		
19.475		0.93484232		
19.48		0.93485349		
19.485		0.93486465		
19.49		0.93487581		
19.495		0.93488697		
19.5		0.93489812		
19.505		0.93490927		
19.51		0.93492041		
19.515		0.93493154		
19.52		0.93494268		
19.525		0.9349538		
19.53		0.93496492		
19.535		0.93497604		
19.54		0.93498715		
19.545		0.93499826		
19.55		0.93500936		
19.555		0.93502046		
19.56		0.93503156		
19.565		0.93504265		
19.57		0.93505373		
19.575		0.93506481		
19.58		0.93507588		
19.585		0.93508695		
19.59		0.93509802		
19.595		0.93510908		
19.6		0.93512014		
19.605		0.93513119		
19.61		0.93514223		
19.615		0.93515328		
19.62		0.93516431		
19.625		0.93517535		
19.63		0.93518637		
19.635		0.9351974		
19.64		0.93520841		
19.645		0.93521943		
19.65		0.93523044		
19.655		0.93524144		
19.66		0.93525244		
19.665		0.93526344		
19.67		0.93527443		
19.675		0.93528541		
19.68		0.93529639		
19.685		0.93530737		
19.69		0.93531834		
19.695		0.93532931		
19.7		0.93534027		
19.705		0.93535123		
19.71		0.93536218		
19.715		0.93537313		
19.72		0.93538408		
19.725		0.93539502		
19.73		0.93540595		
19.735		0.93541688		
19.74		0.93542781		
19.745		0.93543873		
19.75		0.93544964		
19.755		0.93546055		
19.76		0.93547146		
19.765		0.93548236		
19.77		0.93549326		
19.775		0.93550416		
19.78		0.93551504		
19.785		0.93552593		
19.79		0.93553681		
19.795		0.93554768		
19.8		0.93555855		
19.805		0.93556942		
19.81		0.93558028		
19.815		0.93559114		
19.82		0.93560199		
19.825		0.93561284		
19.83		0.93562368		
19.835		0.93563452		
19.84		0.93564535		
19.845		0.93565618		
19.85		0.93566701		
19.855		0.93567783		
19.86		0.93568864		
19.865		0.93569945		
19.87		0.93571026		
19.875		0.93572106		
19.88		0.93573186		
19.885		0.93574265		
19.89		0.93575344		
19.895		0.93576422		
19.9		0.935775		
19.905		0.93578578		
19.91		0.93579655		
19.915		0.93580731		
19.92		0.93581808		
19.925		0.93582883		
19.93		0.93583959		
19.935		0.93585033		
19.94		0.93586108		
19.945		0.93587182		
19.95		0.93588255		
19.955		0.93589328		
19.96		0.93590401		
19.965		0.93591473		
19.97		0.93592544		
19.975		0.93593615		
19.98		0.93594686		
19.985		0.93595757		
19.99		0.93596826		
19.995		0.93597896		
20		0.93598965		
20.005		0.93600033		
20.01		0.93601101		
20.015		0.93602169		
20.02		0.93603236		
20.025		0.93604303		
20.03		0.93605369		
20.035		0.93606435		
20.04		0.93607501		
20.045		0.93608566		
20.05		0.9360963		
20.055		0.93610694		
20.06		0.93611758		
20.065		0.93612821		
20.07		0.93613884		
20.075		0.93614946		
20.08		0.93616008		
20.085		0.93617069		
20.09		0.9361813		
20.095		0.93619191		
20.1		0.93620251		
20.105		0.93621311		
20.11		0.9362237		
20.115		0.93623429		
20.12		0.93624487		
20.125		0.93625545		
20.13		0.93626603		
20.135		0.9362766		
20.14		0.93628716		
20.145		0.93629772		
20.15		0.93630828		
20.155		0.93631883		
20.16		0.93632938		
20.165		0.93633993		
20.17		0.93635047		
20.175		0.936361		
20.18		0.93637153		
20.185		0.93638206		
20.19		0.93639258		
20.195		0.9364031		
20.2		0.93641362		
20.205		0.93642412		
20.21		0.93643463		
20.215		0.93644513		
20.22		0.93645563		
20.225		0.93646612		
20.23		0.93647661		
20.235		0.93648709		
20.24		0.93649757		
20.245		0.93650804		
20.25		0.93651852		
20.255		0.93652898		
20.26		0.93653944		
20.265		0.9365499		
20.27		0.93656035		
20.275		0.9365708		
20.28		0.93658125		
20.285		0.93659169		
20.29		0.93660213		
20.295		0.93661256		
20.3		0.93662298		
20.305		0.93663341		
20.31		0.93664383		
20.315		0.93665424		
20.32		0.93666465		
20.325		0.93667506		
20.33		0.93668546		
20.335		0.93669586		
20.34		0.93670625		
20.345		0.93671664		
20.35		0.93672703		
20.355		0.93673741		
20.36		0.93674778		
20.365		0.93675816		
20.37		0.93676852		
20.375		0.93677889		
20.38		0.93678925		
20.385		0.9367996		
20.39		0.93680995		
20.395		0.9368203		
20.4		0.93683064		
20.405		0.93684098		
20.41		0.93685131		
20.415		0.93686164		
20.42		0.93687197		
20.425		0.93688229		
20.43		0.93689261		
20.435		0.93690292		
20.44		0.93691323		
20.445		0.93692353		
20.45		0.93693383		
20.455		0.93694413		
20.46		0.93695442		
20.465		0.93696471		
20.47		0.93697499		
20.475		0.93698527		
20.48		0.93699555		
20.485		0.93700582		
20.49		0.93701609		
20.495		0.93702635		
20.5		0.93703661		
20.505		0.93704686		
20.51		0.93705711		
20.515		0.93706736		
20.52		0.9370776		
20.525		0.93708784		
20.53		0.93709807		
20.535		0.9371083		
20.54		0.93711853		
20.545		0.93712875		
20.55		0.93713896		
20.555		0.93714918		
20.56		0.93715939		
20.565		0.93716959		
20.57		0.93717979		
20.575		0.93718999		
20.58		0.93720018		
20.585		0.93721037		
20.59		0.93722055		
20.595		0.93723073		
20.6		0.93724091		
20.605		0.93725108		
20.61		0.93726125		
20.615		0.93727141		
20.62		0.93728157		
20.625		0.93729172		
20.63		0.93730187		
20.635		0.93731202		
20.64		0.93732216		
20.645		0.9373323		
20.65		0.93734244		
20.655		0.93735257		
20.66		0.93736269		
20.665		0.93737282		
20.67		0.93738293		
20.675		0.93739305		
20.68		0.93740316		
20.685		0.93741326		
20.69		0.93742337		
20.695		0.93743346		
20.7		0.93744356		
20.705		0.93745365		
20.71		0.93746373		
20.715		0.93747381		
20.72		0.93748389		
20.725		0.93749397		
20.73		0.93750404		
20.735		0.9375141		
20.74		0.93752416		
20.745		0.93753422		
20.75		0.93754427		
20.755		0.93755432		
20.76		0.93756437		
20.765		0.93757441		
20.77		0.93758445		
20.775		0.93759448		
20.78		0.93760451		
20.785		0.93761453		
20.79		0.93762455		
20.795		0.93763457		
20.8		0.93764458		
20.805		0.93765459		
20.81		0.9376646		
20.815		0.9376746		
20.82		0.9376846		
20.825		0.93769459		
20.83		0.93770458		
20.835		0.93771456		
20.84		0.93772454		
20.845		0.93773452		
20.85		0.93774449		
20.855		0.93775446		
20.86		0.93776443		
20.865		0.93777439		
20.87		0.93778435		
20.875		0.9377943		
20.88		0.93780425		
20.885		0.93781419		
20.89		0.93782413		
20.895		0.93783407		
20.9		0.937844		
20.905		0.93785393		
20.91		0.93786386		
20.915		0.93787378		
20.92		0.9378837		
20.925		0.93789361		
20.93		0.93790352		
20.935		0.93791343		
20.94		0.93792333		
20.945		0.93793323		
20.95		0.93794312		
20.955		0.93795301		
20.96		0.93796289		
20.965		0.93797278		
20.97		0.93798265		
20.975		0.93799253		
20.98		0.9380024		
20.985		0.93801227		
20.99		0.93802213		
20.995		0.93803199		
21		0.93804184		
21.005		0.93805169		
21.01		0.93806154		
21.015		0.93807138		
21.02		0.93808122		
21.025		0.93809105		
21.03		0.93810089		
21.035		0.93811071		
21.04		0.93812054		
21.045		0.93813036		
21.05		0.93814017		
21.055		0.93814998		
21.06		0.93815979		
21.065		0.93816959		
21.07		0.93817939		
21.075		0.93818919		
21.08		0.93819898		
21.085		0.93820877		
21.09		0.93821855		
21.095		0.93822834		
21.1		0.93823811		
21.105		0.93824788		
21.11		0.93825765		
21.115		0.93826742		
21.12		0.93827718		
21.125		0.93828694		
21.13		0.93829669		
21.135		0.93830644		
21.14		0.93831619		
21.145		0.93832593		
21.15		0.93833567		
21.155		0.9383454		
21.16		0.93835513		
21.165		0.93836486		
21.17		0.93837458		
21.175		0.9383843		
21.18		0.93839402		
21.185		0.93840373		
21.19		0.93841343		
21.195		0.93842314		
21.2		0.93843284		
21.205		0.93844253		
21.21		0.93845223		
21.215		0.93846192		
21.22		0.9384716		
21.225		0.93848128		
21.23		0.93849096		
21.235		0.93850063		
21.24		0.9385103		
21.245		0.93851997		
21.25		0.93852963		
21.255		0.93853929		
21.26		0.93854894		
21.265		0.93855859		
21.27		0.93856824		
21.275		0.93857788		
21.28		0.93858752		
21.285		0.93859716		
21.29		0.93860679		
21.295		0.93861642		
21.3		0.93862604		
21.305		0.93863566		
21.31		0.93864528		
21.315		0.93865489		
21.32		0.9386645		
21.325		0.9386741		
21.33		0.93868371		
21.335		0.9386933		
21.34		0.9387029		
21.345		0.93871249		
21.35		0.93872207		
21.355		0.93873166		
21.36		0.93874124		
21.365		0.93875081		
