0.25		1		
0.255		0.96902792		
0.26		0.9400014		
0.265		0.91276743		
0.27		0.88718794		
0.275		0.86313804		
0.28		0.84050455		
0.285		0.81918466		
0.29		0.79908481		
0.295		0.78011968		
0.3		0.76221134		
0.305		0.74528847		
0.31		0.72928571		
0.315		0.71414305		
0.32		0.69980528		
0.325		0.68622161		
0.33		0.67334514		
0.335		0.66113262		
0.34		0.649544		
0.345		0.63854224		
0.35		0.62809297		
0.355		0.61816431		
0.36		0.60872662		
0.365		0.59975233		
0.37		0.59121577		
0.375		0.58309301		
0.38		0.5753617		
0.385		0.56800098		
0.39		0.56099133		
0.395		0.5543145		
0.4		0.54795337		
0.405		0.54189191		
0.41		0.53611507		
0.415		0.53060872		
0.42		0.52535956		
0.425		0.52035511		
0.43		0.5155836		
0.435		0.51103394		
0.44		0.5066957		
0.445		0.50255902		
0.45		0.4986146		
0.455		0.49485364		
0.46		0.49126785		
0.465		0.48784937		
0.47		0.48459075		
0.475		0.48148497		
0.48		0.47852535		
0.485		0.47570556		
0.49		0.47301961		
0.495		0.4704618		
0.5		0.46802672		
0.505		0.46570924		
0.51		0.46350447		
0.515		0.46140777		
0.52		0.45941472		
0.525		0.4575211		
0.53		0.45572292		
0.535		0.45401636		
0.54		0.45239777		
0.545		0.45086368		
0.55		0.44941079		
0.555		0.44803594		
0.56		0.44673609		
0.565		0.44550838		
0.57		0.44435005		
0.575		0.44325845		
0.58		0.44223108		
0.585		0.44126553		
0.59		0.44035948		
0.595		0.43951074		
0.6		0.43871717		
0.605		0.43797677		
0.61		0.43728759		
0.615		0.43664776		
0.62		0.4360555		
0.625		0.43550911		
0.63		0.43500693		
0.635		0.43454739		
0.64		0.43412898		
0.645		0.43375024		
0.65		0.43340978		
0.655		0.43310625		
0.66		0.43283836		
0.665		0.43260487		
0.67		0.43240459		
0.675		0.43223637		
0.68		0.43209911		
0.685		0.43199174		
0.69		0.43191323		
0.695		0.43186261		
0.7		0.43183893		
0.705		0.43184126		
0.71		0.43186874		
0.715		0.4319205		
0.72		0.43199573		
0.725		0.43209364		
0.73		0.43221347		
0.735		0.43235449		
0.74		0.43251597		
0.745		0.43269725		
0.75		0.43289766		
0.755		0.43311657		
0.76		0.43335335		
0.765		0.43360741		
0.77		0.43387818		
0.775		0.4341651		
0.78		0.43446764		
0.785		0.43478528		
0.79		0.43511752		
0.795		0.43546386		
0.8		0.43582385		
0.805		0.43619704		
0.81		0.43658297		
0.815		0.43698124		
0.82		0.43739142		
0.825		0.43781312		
0.83		0.43824596		
0.835		0.43868956		
0.84		0.43914357		
0.845		0.43960763		
0.85		0.44008141		
0.855		0.44056458		
0.86		0.44105682		
0.865		0.44155783		
0.87		0.4420673		
0.875		0.44258496		
0.88		0.44311051		
0.885		0.44364369		
0.89		0.44418424		
0.895		0.4447319		
0.9		0.44528642		
0.905		0.44584757		
0.91		0.44641511		
0.915		0.44698881		
0.92		0.44756847		
0.925		0.44815385		
0.93		0.44874477		
0.935		0.44934102		
0.94		0.4499424		
0.945		0.45054873		
0.95		0.45115983		
0.955		0.45177551		
0.96		0.45239561		
0.965		0.45301996		
0.97		0.45364839		
0.975		0.45428075		
0.98		0.45491689		
0.985		0.45555665		
0.99		0.45619989		
0.995		0.45684647		
1		0.45749626		
1.005		0.45814912		
1.01		0.45880493		
1.015		0.45946355		
1.02		0.46012487		
1.025		0.46078877		
1.03		0.46145514		
1.035		0.46212386		
1.04		0.46279482		
1.045		0.46346792		
1.05		0.46414305		
1.055		0.46482013		
1.06		0.46549904		
1.065		0.4661797		
1.07		0.46686201		
1.075		0.46754589		
1.08		0.46823125		
1.085		0.468918		
1.09		0.46960606		
1.095		0.47029536		
1.1		0.47098581		
1.105		0.47167735		
1.11		0.47236989		
1.115		0.47306337		
1.12		0.47375771		
1.125		0.47445285		
1.13		0.47514873		
1.135		0.47584528		
1.14		0.47654243		
1.145		0.47724014		
1.15		0.47793833		
1.155		0.47863696		
1.16		0.47933596		
1.165		0.48003528		
1.17		0.48073488		
1.175		0.48143469		
1.18		0.48213468		
1.185		0.48283479		
1.19		0.48353497		
1.195		0.48423518		
1.2		0.48493537		
1.205		0.48563551		
1.21		0.48633554		
1.215		0.48703543		
1.22		0.48773514		
1.225		0.48843463		
1.23		0.48913387		
1.235		0.48983281		
1.24		0.49053141		
1.245		0.49122966		
1.25		0.4919275		
1.255		0.49262491		
1.26		0.49332187		
1.265		0.49401832		
1.27		0.49471426		
1.275		0.49540964		
1.28		0.49610443		
1.285		0.49679862		
1.29		0.49749218		
1.295		0.49818507		
1.3		0.49887727		
1.305		0.49956876		
1.31		0.50025952		
1.315		0.50094952		
1.32		0.50163873		
1.325		0.50232714		
1.33		0.50301473		
1.335		0.50370147		
1.34		0.50438734		
1.345		0.50507233		
1.35		0.50575641		
1.355		0.50643958		
1.36		0.5071218		
1.365		0.50780306		
1.37		0.50848335		
1.375		0.50916265		
1.38		0.50984094		
1.385		0.5105182		
1.39		0.51119444		
1.395		0.51186962		
1.4		0.51254373		
1.405		0.51321677		
1.41		0.51388871		
1.415		0.51455955		
1.42		0.51522927		
1.425		0.51589786		
1.43		0.51656531		
1.435		0.51723161		
1.44		0.51789675		
1.445		0.51856072		
1.45		0.5192235		
1.455		0.51988509		
1.46		0.52054547		
1.465		0.52120465		
1.47		0.5218626		
1.475		0.52251933		
1.48		0.52317482		
1.485		0.52382907		
1.49		0.52448206		
1.495		0.52513379		
1.5		0.52578426		
1.505		0.52643346		
1.51		0.52708137		
1.515		0.527728		
1.52		0.52837333		
1.525		0.52901737		
1.53		0.5296601		
1.535		0.53030153		
1.54		0.53094164		
1.545		0.53158043		
1.55		0.5322179		
1.555		0.53285404		
1.56		0.53348884		
1.565		0.53412231		
1.57		0.53475444		
1.575		0.53538523		
1.58		0.53601467		
1.585		0.53664276		
1.59		0.53726949		
1.595		0.53789487		
1.6		0.53851889		
1.605		0.53914154		
1.61		0.53976283		
1.615		0.54038275		
1.62		0.54100131		
1.625		0.54161849		
1.63		0.5422343		
1.635		0.54284873		
1.64		0.54346179		
1.645		0.54407347		
1.65		0.54468376		
1.655		0.54529268		
1.66		0.54590022		
1.665		0.54650637		
1.67		0.54711114		
1.675		0.54771453		
1.68		0.54831653		
1.685		0.54891714		
1.69		0.54951637		
1.695		0.55011421		
1.7		0.55071067		
1.705		0.55130573		
1.71		0.55189942		
1.715		0.55249171		
1.72		0.55308262		
1.725		0.55367214		
1.73		0.55426028		
1.735		0.55484703		
1.74		0.5554324		
1.745		0.55601639		
1.75		0.55659899		
1.755		0.5571802		
1.76		0.55776004		
1.765		0.55833849		
1.77		0.55891557		
1.775		0.55949126		
1.78		0.56006558		
1.785		0.56063852		
1.79		0.56121009		
1.795		0.56178028		
1.8		0.5623491		
1.805		0.56291655		
1.81		0.56348263		
1.815		0.56404734		
1.82		0.56461069		
1.825		0.56517267		
1.83		0.56573329		
1.835		0.56629254		
1.84		0.56685044		
1.845		0.56740698		
1.85		0.56796217		
1.855		0.568516		
1.86		0.56906848		
1.865		0.56961961		
1.87		0.57016939		
1.875		0.57071782		
1.88		0.57126492		
1.885		0.57181067		
1.89		0.57235509		
1.895		0.57289817		
1.9		0.57343991		
1.905		0.57398032		
1.91		0.57451941		
1.915		0.57505716		
1.92		0.5755936		
1.925		0.57612871		
1.93		0.5766625		
1.935		0.57719497		
1.94		0.57772614		
1.945		0.57825599		
1.95		0.57878453		
1.955		0.57931176		
1.96		0.57983769		
1.965		0.58036232		
1.97		0.58088565		
1.975		0.58140769		
1.98		0.58192844		
1.985		0.58244789		
1.99		0.58296606		
1.995		0.58348294		
2		0.58399855		
2.005		0.58451287		
2.01		0.58502592		
2.015		0.5855377		
2.02		0.58604821		
2.025		0.58655745		
2.03		0.58706543		
2.035		0.58757214		
2.04		0.5880776		
2.045		0.58858181		
2.05		0.58908476		
2.055		0.58958647		
2.06		0.59008693		
2.065		0.59058614		
2.07		0.59108412		
2.075		0.59158086		
2.08		0.59207637		
2.085		0.59257065		
2.09		0.5930637		
2.095		0.59355553		
2.1		0.59404613		
2.105		0.59453552		
2.11		0.5950237		
2.115		0.59551066		
2.12		0.59599642		
2.125		0.59648097		
2.13		0.59696432		
2.135		0.59744647		
2.14		0.59792742		
2.145		0.59840719		
2.15		0.59888576		
2.155		0.59936315		
2.16		0.59983935		
2.165		0.60031438		
2.17		0.60078823		
2.175		0.60126091		
2.18		0.60173241		
2.185		0.60220275		
2.19		0.60267193		
2.195		0.60313995		
2.2		0.60360681		
2.205		0.60407252		
2.21		0.60453707		
2.215		0.60500048		
2.22		0.60546275		
2.225		0.60592387		
2.23		0.60638386		
2.235		0.60684271		
2.24		0.60730043		
2.245		0.60775702		
2.25		0.60821249		
2.255		0.60866684		
2.26		0.60912007		
2.265		0.60957218		
2.27		0.61002319		
2.275		0.61047308		
2.28		0.61092187		
2.285		0.61136956		
2.29		0.61181615		
2.295		0.61226164		
2.3		0.61270604		
2.305		0.61314935		
2.31		0.61359157		
2.315		0.61403272		
2.32		0.61447278		
2.325		0.61491176		
2.33		0.61534968		
2.335		0.61578652		
2.34		0.61622229		
2.345		0.61665701		
2.35		0.61709066		
2.355		0.61752325		
2.36		0.61795479		
2.365		0.61838528		
2.37		0.61881472		
2.375		0.61924312		
2.38		0.61967047		
2.385		0.62009679		
2.39		0.62052207		
2.395		0.62094632		
2.4		0.62136953		
2.405		0.62179173		
2.41		0.6222129		
2.415		0.62263305		
2.42		0.62305218		
2.425		0.6234703		
2.43		0.62388741		
2.435		0.62430352		
2.44		0.62471861		
2.445		0.62513271		
2.45		0.62554581		
2.455		0.62595791		
2.46		0.62636903		
2.465		0.62677915		
2.47		0.62718829		
2.475		0.62759644		
2.48		0.62800361		
2.485		0.62840981		
2.49		0.62881503		
2.495		0.62921929		
2.5		0.62962257		
2.505		0.63002489		
2.51		0.63042625		
2.515		0.63082665		
2.52		0.63122609		
2.525		0.63162458		
2.53		0.63202212		
2.535		0.63241871		
2.54		0.63281436		
2.545		0.63320907		
2.55		0.63360283		
2.555		0.63399567		
2.56		0.63438757		
2.565		0.63477854		
2.57		0.63516859		
2.575		0.63555771		
2.58		0.63594591		
2.585		0.63633319		
2.59		0.63671956		
2.595		0.63710501		
2.6		0.63748956		
2.605		0.63787319		
2.61		0.63825593		
2.615		0.63863776		
2.62		0.6390187		
2.625		0.63939874		
2.63		0.63977789		
2.635		0.64015615		
2.64		0.64053352		
2.645		0.64091		
2.65		0.64128561		
2.655		0.64166034		
2.66		0.64203419		
2.665		0.64240717		
2.67		0.64277927		
2.675		0.64315051		
2.68		0.64352089		
2.685		0.6438904		
2.69		0.64425906		
2.695		0.64462685		
2.7		0.64499379		
2.705		0.64535989		
2.71		0.64572513		
2.715		0.64608952		
2.72		0.64645308		
2.725		0.64681579		
2.73		0.64717766		
2.735		0.6475387		
2.74		0.64789891		
2.745		0.64825828		
2.75		0.64861683		
2.755		0.64897455		
2.76		0.64933145		
2.765		0.64968753		
2.77		0.6500428		
2.775		0.65039724		
2.78		0.65075088		
2.785		0.65110371		
2.79		0.65145573		
2.795		0.65180694		
2.8		0.65215735		
2.805		0.65250697		
2.81		0.65285578		
2.815		0.65320381		
2.82		0.65355104		
2.825		0.65389748		
2.83		0.65424313		
2.835		0.654588		
2.84		0.65493208		
2.845		0.65527539		
2.85		0.65561792		
2.855		0.65595968		
2.86		0.65630066		
2.865		0.65664087		
2.87		0.65698032		
2.875		0.657319		
2.88		0.65765692		
2.885		0.65799407		
2.89		0.65833047		
2.895		0.65866612		
2.9		0.65900101		
2.905		0.65933515		
2.91		0.65966854		
2.915		0.66000118		
2.92		0.66033309		
2.925		0.66066425		
2.93		0.66099467		
2.935		0.66132435		
2.94		0.6616533		
2.945		0.66198152		
2.95		0.66230901		
2.955		0.66263576		
2.96		0.6629618		
2.965		0.66328711		
2.97		0.6636117		
2.975		0.66393557		
2.98		0.66425873		
2.985		0.66458117		
2.99		0.6649029		
2.995		0.66522392		
3		0.66554423		
3.005		0.66586384		
3.01		0.66618274		
3.015		0.66650095		
3.02		0.66681845		
3.025		0.66713526		
3.03		0.66745137		
3.035		0.66776679		
3.04		0.66808152		
3.045		0.66839557		
3.05		0.66870892		
3.055		0.6690216		
3.06		0.66933359		
3.065		0.6696449		
3.07		0.66995554		
3.075		0.6702655		
3.08		0.67057478		
3.085		0.6708834		
3.09		0.67119134		
3.095		0.67149862		
3.1		0.67180524		
3.105		0.67211119		
3.11		0.67241648		
3.115		0.67272112		
3.12		0.67302509		
3.125		0.67332841		
3.13		0.67363108		
3.135		0.6739331		
3.14		0.67423447		
3.145		0.67453519		
3.15		0.67483527		
3.155		0.6751347		
3.16		0.6754335		
3.165		0.67573165		
3.17		0.67602917		
3.175		0.67632606		
3.18		0.67662231		
3.185		0.67691793		
3.19		0.67721292		
3.195		0.67750728		
3.2		0.67780102		
3.205		0.67809414		
3.21		0.67838663		
3.215		0.67867851		
3.22		0.67896977		
3.225		0.67926041		
3.23		0.67955044		
3.235		0.67983985		
3.24		0.68012866		
3.245		0.68041686		
3.25		0.68070445		
3.255		0.68099144		
3.26		0.68127782		
3.265		0.6815636		
3.27		0.68184879		
3.275		0.68213338		
3.28		0.68241737		
3.285		0.68270077		
3.29		0.68298357		
3.295		0.68326579		
3.3		0.68354742		
3.305		0.68382846		
3.31		0.68410892		
3.315		0.68438879		
3.32		0.68466809		
3.325		0.6849468		
3.33		0.68522494		
3.335		0.6855025		
3.34		0.68577948		
3.345		0.6860559		
3.35		0.68633174		
3.355		0.68660702		
3.36		0.68688172		
3.365		0.68715587		
3.37		0.68742944		
3.375		0.68770246		
3.38		0.68797492		
3.385		0.68824681		
3.39		0.68851815		
3.395		0.68878894		
3.4		0.68905917		
3.405		0.68932884		
3.41		0.68959797		
3.415		0.68986655		
3.42		0.69013458		
3.425		0.69040207		
3.43		0.69066901		
3.435		0.69093541		
3.44		0.69120127		
3.445		0.69146659		
3.45		0.69173137		
3.455		0.69199562		
3.46		0.69225933		
3.465		0.69252251		
3.47		0.69278516		
3.475		0.69304728		
3.48		0.69330887		
3.485		0.69356994		
3.49		0.69383048		
3.495		0.69409049		
3.5		0.69434999		
3.505		0.69460896		
3.51		0.69486742		
3.515		0.69512536		
3.52		0.69538278		
3.525		0.69563969		
3.53		0.69589609		
3.535		0.69615197		
3.54		0.69640735		
3.545		0.69666221		
3.55		0.69691658		
3.555		0.69717043		
3.56		0.69742378		
3.565		0.69767663		
3.57		0.69792898		
3.575		0.69818083		
3.58		0.69843219		
3.585		0.69868304		
3.59		0.6989334		
3.595		0.69918327		
3.6		0.69943265		
3.605		0.69968153		
3.61		0.69992993		
3.615		0.70017784		
3.62		0.70042526		
3.625		0.7006722		
3.63		0.70091865		
3.635		0.70116462		
3.64		0.70141011		
3.645		0.70165513		
3.65		0.70189966		
3.655		0.70214372		
3.66		0.7023873		
3.665		0.70263041		
3.67		0.70287305		
3.675		0.70311521		
3.68		0.70335691		
3.685		0.70359814		
3.69		0.7038389		
3.695		0.70407919		
3.7		0.70431902		
3.705		0.70455839		
3.71		0.7047973		
3.715		0.70503574		
3.72		0.70527373		
3.725		0.70551126		
3.73		0.70574833		
3.735		0.70598495		
3.74		0.70622111		
3.745		0.70645683		
3.75		0.70669209		
3.755		0.7069269		
3.76		0.70716126		
3.765		0.70739518		
3.77		0.70762865		
3.775		0.70786167		
3.78		0.70809425		
3.785		0.70832639		
3.79		0.70855809		
3.795		0.70878935		
3.8		0.70902017		
3.805		0.70925055		
3.81		0.70948049		
3.815		0.70971001		
3.82		0.70993908		
3.825		0.71016773		
3.83		0.71039595		
3.835		0.71062373		
3.84		0.71085109		
3.845		0.71107802		
3.85		0.71130452		
3.855		0.7115306		
3.86		0.71175625		
3.865		0.71198148		
3.87		0.71220629		
3.875		0.71243068		
3.88		0.71265465		
3.885		0.71287821		
3.89		0.71310134		
3.895		0.71332406		
3.9		0.71354637		
3.905		0.71376826		
3.91		0.71398974		
3.915		0.71421081		
3.92		0.71443147		
3.925		0.71465172		
3.93		0.71487157		
3.935		0.715091		
3.94		0.71531004		
3.945		0.71552866		
3.95		0.71574689		
3.955		0.71596471		
3.96		0.71618213		
3.965		0.71639916		
3.97		0.71661578		
3.975		0.71683201		
3.98		0.71704784		
3.985		0.71726327		
3.99		0.71747831		
3.995		0.71769296		
4		0.71790722		
4.005		0.71812108		
4.01		0.71833455		
4.015		0.71854764		
4.02		0.71876034		
4.025		0.71897265		
4.03		0.71918458		
4.035		0.71939612		
4.04		0.71960728		
4.045		0.71981805		
4.05		0.72002845		
4.055		0.72023846		
4.06		0.72044809		
4.065		0.72065735		
4.07		0.72086623		
4.075		0.72107473		
4.08		0.72128286		
4.085		0.72149061		
4.09		0.72169799		
4.095		0.721905		
4.1		0.72211164		
4.105		0.72231791		
4.11		0.7225238		
4.115		0.72272933		
4.12		0.7229345		
4.125		0.72313929		
4.13		0.72334372		
4.135		0.72354779		
4.14		0.72375149		
4.145		0.72395484		
4.15		0.72415782		
4.155		0.72436044		
4.16		0.7245627		
4.165		0.7247646		
4.17		0.72496615		
4.175		0.72516734		
4.18		0.72536817		
4.185		0.72556865		
4.19		0.72576877		
4.195		0.72596855		
4.2		0.72616797		
4.205		0.72636704		
4.21		0.72656576		
4.215		0.72676413		
4.22		0.72696216		
4.225		0.72715983		
4.23		0.72735716		
4.235		0.72755415		
4.24		0.72775079		
4.245		0.72794709		
4.25		0.72814305		
4.255		0.72833866		
4.26		0.72853393		
4.265		0.72872887		
4.27		0.72892346		
4.275		0.72911772		
4.28		0.72931164		
4.285		0.72950523		
4.29		0.72969848		
4.295		0.72989139		
4.3		0.73008397		
4.305		0.73027622		
4.31		0.73046814		
4.315		0.73065973		
4.32		0.73085098		
4.325		0.73104191		
4.33		0.73123251		
4.335		0.73142278		
4.34		0.73161273		
4.345		0.73180235		
4.35		0.73199164		
4.355		0.73218061		
4.36		0.73236926		
4.365		0.73255759		
4.37		0.73274559		
4.375		0.73293327		
4.38		0.73312064		
4.385		0.73330768		
4.39		0.73349441		
4.395		0.73368082		
4.4		0.73386691		
4.405		0.73405269		
4.41		0.73423815		
4.415		0.7344233		
4.42		0.73460814		
4.425		0.73479266		
4.43		0.73497687		
4.435		0.73516077		
4.44		0.73534436		
4.445		0.73552765		
4.45		0.73571062		
4.455		0.73589329		
4.46		0.73607564		
4.465		0.7362577		
4.47		0.73643945		
4.475		0.73662089		
4.48		0.73680203		
4.485		0.73698287		
4.49		0.7371634		
4.495		0.73734363		
4.5		0.73752357		
4.505		0.7377032		
4.51		0.73788253		
4.515		0.73806157		
4.52		0.73824031		
4.525		0.73841875		
4.53		0.7385969		
4.535		0.73877475		
4.54		0.7389523		
4.545		0.73912957		
4.55		0.73930653		
4.555		0.73948321		
4.56		0.7396596		
4.565		0.73983569		
4.57		0.7400115		
4.575		0.74018701		
4.58		0.74036224		
4.585		0.74053718		
4.59		0.74071183		
4.595		0.7408862		
4.6		0.74106028		
4.605		0.74123407		
4.61		0.74140758		
4.615		0.74158081		
4.62		0.74175375		
4.625		0.74192642		
4.63		0.7420988		
4.635		0.7422709		
4.64		0.74244272		
4.645		0.74261426		
4.65		0.74278552		
4.655		0.74295651		
4.66		0.74312721		
4.665		0.74329764		
4.67		0.7434678		
4.675		0.74363768		
4.68		0.74380728		
4.685		0.74397662		
4.69		0.74414568		
4.695		0.74431446		
4.7		0.74448298		
4.705		0.74465122		
4.71		0.74481919		
4.715		0.7449869		
4.72		0.74515433		
4.725		0.7453215		
4.73		0.74548839		
4.735		0.74565502		
4.74		0.74582139		
4.745		0.74598749		
4.75		0.74615332		
4.755		0.74631889		
4.76		0.7464842		
4.765		0.74664924		
4.77		0.74681402		
4.775		0.74697854		
4.78		0.74714279		
4.785		0.74730679		
4.79		0.74747053		
4.795		0.747634		
4.8		0.74779722		
4.805		0.74796018		
4.81		0.74812289		
4.815		0.74828533		
4.82		0.74844752		
4.825		0.74860946		
4.83		0.74877114		
4.835		0.74893256		
4.84		0.74909373		
4.845		0.74925465		
4.85		0.74941532		
4.855		0.74957573		
4.86		0.74973589		
4.865		0.74989581		
4.87		0.75005547		
4.875		0.75021488		
4.88		0.75037405		
4.885		0.75053296		
4.89		0.75069163		
4.895		0.75085005		
4.9		0.75100823		
4.905		0.75116615		
4.91		0.75132384		
4.915		0.75148128		
4.92		0.75163847		
4.925		0.75179542		
4.93		0.75195213		
4.935		0.7521086		
4.94		0.75226482		
4.945		0.75242081		
4.95		0.75257655		
4.955		0.75273205		
4.96		0.75288732		
4.965		0.75304234		
4.97		0.75319713		
4.975		0.75335167		
4.98		0.75350599		
4.985		0.75366006		
4.99		0.7538139		
4.995		0.7539675		
5		0.75412087		
5.005		0.75427401		
5.01		0.75442691		
5.015		0.75457957		
5.02		0.75473201		
5.025		0.75488421		
5.03		0.75503618		
5.035		0.75518792		
5.04		0.75533943		
5.045		0.75549071		
5.05		0.75564176		
5.055		0.75579258		
5.06		0.75594317		
5.065		0.75609353		
5.07		0.75624367		
5.075		0.75639358		
5.08		0.75654326		
5.085		0.75669272		
5.09		0.75684196		
5.095		0.75699096		
5.1		0.75713975		
5.105		0.75728831		
5.11		0.75743665		
5.115		0.75758476		
5.12		0.75773266		
5.125		0.75788033		
5.13		0.75802778		
5.135		0.75817501		
5.14		0.75832202		
5.145		0.75846881		
5.15		0.75861538		
5.155		0.75876173		
5.16		0.75890787		
5.165		0.75905379		
5.17		0.75919949		
5.175		0.75934497		
5.18		0.75949024		
5.185		0.75963529		
5.19		0.75978013		
5.195		0.75992476		
5.2		0.76006917		
5.205		0.76021336		
5.21		0.76035735		
5.215		0.76050112		
5.22		0.76064468		
5.225		0.76078802		
5.23		0.76093116		
5.235		0.76107408		
5.24		0.7612168		
5.245		0.76135931		
5.25		0.7615016		
5.255		0.76164369		
5.26		0.76178557		
5.265		0.76192724		
5.27		0.76206871		
5.275		0.76220997		
5.28		0.76235102		
5.285		0.76249187		
5.29		0.76263251		
5.295		0.76277294		
5.3		0.76291318		
5.305		0.7630532		
5.31		0.76319303		
5.315		0.76333265		
5.32		0.76347207		
5.325		0.76361129		
5.33		0.7637503		
5.335		0.76388912		
5.34		0.76402773		
5.345		0.76416614		
5.35		0.76430436		
5.355		0.76444237		
5.36		0.76458018		
5.365		0.7647178		
5.37		0.76485522		
5.375		0.76499244		
5.38		0.76512946		
5.385		0.76526629		
5.39		0.76540292		
5.395		0.76553936		
5.4		0.76567559		
5.405		0.76581164		
5.41		0.76594749		
5.415		0.76608314		
5.42		0.76621861		
5.425		0.76635388		
5.43		0.76648895		
5.435		0.76662384		
5.44		0.76675853		
5.445		0.76689303		
5.45		0.76702734		
5.455		0.76716145		
5.46		0.76729538		
5.465		0.76742912		
5.47		0.76756267		
5.475		0.76769603		
5.48		0.7678292		
5.485		0.76796218		
5.49		0.76809498		
5.495		0.76822759		
5.5		0.76836001		
5.505		0.76849224		
5.51		0.76862429		
5.515		0.76875616		
5.52		0.76888783		
5.525		0.76901933		
5.53		0.76915064		
5.535		0.76928176		
5.54		0.7694127		
5.545		0.76954346		
5.55		0.76967403		
5.555		0.76980442		
5.56		0.76993463		
5.565		0.77006466		
5.57		0.77019451		
5.575		0.77032418		
5.58		0.77045366		
5.585		0.77058297		
5.59		0.77071209		
5.595		0.77084104		
5.6		0.77096981		
5.605		0.7710984		
5.61		0.77122681		
5.615		0.77135504		
5.62		0.7714831		
5.625		0.77161098		
5.63		0.77173868		
5.635		0.7718662		
5.64		0.77199355		
5.645		0.77212073		
5.65		0.77224773		
5.655		0.77237455		
5.66		0.7725012		
5.665		0.77262768		
5.67		0.77275398		
5.675		0.77288011		
5.68		0.77300607		
5.685		0.77313186		
5.69		0.77325747		
5.695		0.77338291		
5.7		0.77350818		
5.705		0.77363328		
5.71		0.77375821		
5.715		0.77388296		
5.72		0.77400755		
5.725		0.77413197		
5.73		0.77425622		
5.735		0.7743803		
5.74		0.77450421		
5.745		0.77462795		
5.75		0.77475153		
5.755		0.77487494		
5.76		0.77499818		
5.765		0.77512125		
5.77		0.77524416		
5.775		0.7753669		
5.78		0.77548948		
5.785		0.77561189		
5.79		0.77573414		
5.795		0.77585622		
5.8		0.77597814		
5.805		0.77609989		
5.81		0.77622148		
5.815		0.77634291		
5.82		0.77646417		
5.825		0.77658528		
5.83		0.77670621		
5.835		0.77682699		
5.84		0.77694761		
5.845		0.77706806		
5.85		0.77718836		
5.855		0.77730849		
5.86		0.77742847		
5.865		0.77754828		
5.87		0.77766793		
5.875		0.77778743		
5.88		0.77790677		
5.885		0.77802594		
5.89		0.77814496		
5.895		0.77826382		
5.9		0.77838253		
5.905		0.77850108		
5.91		0.77861947		
5.915		0.7787377		
5.92		0.77885578		
5.925		0.7789737		
5.93		0.77909147		
5.935		0.77920908		
5.94		0.77932653		
5.945		0.77944384		
5.95		0.77956098		
5.955		0.77967798		
5.96		0.77979482		
5.965		0.7799115		
5.97		0.78002804		
5.975		0.78014442		
5.98		0.78026065		
5.985		0.78037672		
5.99		0.78049265		
5.995		0.78060842		
6		0.78072404		
6.005		0.78083951		
6.01		0.78095484		
6.015		0.78107001		
6.02		0.78118503		
6.025		0.7812999		
6.03		0.78141462		
6.035		0.78152919		
6.04		0.78164362		
6.045		0.78175789		
6.05		0.78187202		
6.055		0.781986		
6.06		0.78209983		
6.065		0.78221352		
6.07		0.78232706		
6.075		0.78244045		
6.08		0.7825537		
6.085		0.7826668		
6.09		0.78277975		
6.095		0.78289256		
6.1		0.78300522		
6.105		0.78311774		
6.11		0.78323012		
6.115		0.78334235		
6.12		0.78345443		
6.125		0.78356638		
6.13		0.78367818		
6.135		0.78378983		
6.14		0.78390135		
6.145		0.78401272		
6.15		0.78412395		
6.155		0.78423503		
6.16		0.78434598		
6.165		0.78445678		
6.17		0.78456745		
6.175		0.78467797		
6.18		0.78478835		
6.185		0.78489859		
6.19		0.78500869		
6.195		0.78511865		
6.2		0.78522848		
6.205		0.78533816		
6.21		0.78544771		
6.215		0.78555711		
6.22		0.78566638		
6.225		0.78577551		
6.23		0.7858845		
6.235		0.78599336		
6.24		0.78610208		
6.245		0.78621066		
6.25		0.7863191		
6.255		0.78642741		
6.26		0.78653558		
6.265		0.78664362		
6.27		0.78675152		
6.275		0.78685928		
6.28		0.78696691		
6.285		0.78707441		
6.29		0.78718177		
6.295		0.78728899		
6.3		0.78739609		
6.305		0.78750305		
6.31		0.78760987		
6.315		0.78771656		
6.32		0.78782312		
6.325		0.78792955		
6.33		0.78803585		
6.335		0.78814201		
6.34		0.78824804		
6.345		0.78835394		
6.35		0.78845971		
6.355		0.78856534		
6.36		0.78867085		
6.365		0.78877622		
6.37		0.78888147		
6.375		0.78898658		
6.38		0.78909157		
6.385		0.78919642		
6.39		0.78930115		
6.395		0.78940575		
6.4		0.78951022		
6.405		0.78961456		
6.41		0.78971877		
6.415		0.78982285		
6.42		0.78992681		
6.425		0.79003063		
6.43		0.79013433		
6.435		0.79023791		
6.44		0.79034135		
6.445		0.79044467		
6.45		0.79054787		
6.455		0.79065094		
6.46		0.79075388		
6.465		0.79085669		
6.47		0.79095939		
6.475		0.79106195		
6.48		0.79116439		
6.485		0.79126671		
6.49		0.7913689		
6.495		0.79147097		
6.5		0.79157291		
6.505		0.79167473		
6.51		0.79177643		
6.515		0.791878		
6.52		0.79197945		
6.525		0.79208078		
6.53		0.79218198		
6.535		0.79228307		
6.54		0.79238403		
6.545		0.79248487		
6.55		0.79258558		
6.555		0.79268618		
6.56		0.79278666		
6.565		0.79288701		
6.57		0.79298724		
6.575		0.79308736		
6.58		0.79318735		
6.585		0.79328722		
6.59		0.79338697		
6.595		0.79348661		
6.6		0.79358612		
6.605		0.79368552		
6.61		0.79378479		
6.615		0.79388395		
6.62		0.79398299		
6.625		0.79408191		
6.63		0.79418071		
6.635		0.7942794		
6.64		0.79437797		
6.645		0.79447642		
6.65		0.79457475		
6.655		0.79467297		
6.66		0.79477107		
6.665		0.79486905		
6.67		0.79496692		
6.675		0.79506467		
6.68		0.79516231		
6.685		0.79525983		
6.69		0.79535723		
6.695		0.79545452		
6.7		0.79555169		
6.705		0.79564875		
6.71		0.7957457		
6.715		0.79584253		
6.72		0.79593925		
6.725		0.79603585		
6.73		0.79613234		
6.735		0.79622872		
6.74		0.79632498		
6.745		0.79642113		
6.75		0.79651717		
6.755		0.79661309		
6.76		0.79670891		
6.765		0.79680461		
6.77		0.7969002		
6.775		0.79699567		
6.78		0.79709104		
6.785		0.79718629		
6.79		0.79728143		
6.795		0.79737647		
6.8		0.79747139		
6.805		0.7975662		
6.81		0.7976609		
6.815		0.79775549		
6.82		0.79784997		
6.825		0.79794434		
6.83		0.7980386		
6.835		0.79813275		
6.84		0.79822679		
6.845		0.79832073		
6.85		0.79841455		
6.855		0.79850827		
6.86		0.79860188		
6.865		0.79869538		
6.87		0.79878877		
6.875		0.79888205		
6.88		0.79897523		
6.885		0.7990683		
6.89		0.79916126		
6.895		0.79925412		
6.9		0.79934687		
6.905		0.79943951		
6.91		0.79953205		
6.915		0.79962448		
6.92		0.7997168		
6.925		0.79980902		
6.93		0.79990113		
6.935		0.79999314		
6.94		0.80008504		
6.945		0.80017684		
6.95		0.80026853		
6.955		0.80036012		
6.96		0.8004516		
6.965		0.80054298		
6.97		0.80063425		
6.975		0.80072542		
6.98		0.80081649		
6.985		0.80090746		
6.99		0.80099832		
6.995		0.80108907		
7		0.80117973		
7.005		0.80127028		
7.01		0.80136073		
7.015		0.80145108		
7.02		0.80154132		
7.025		0.80163146		
7.03		0.8017215		
7.035		0.80181144		
7.04		0.80190128		
7.045		0.80199102		
7.05		0.80208065		
7.055		0.80217018		
7.06		0.80225962		
7.065		0.80234895		
7.07		0.80243818		
7.075		0.80252732		
7.08		0.80261635		
7.085		0.80270528		
7.09		0.80279411		
7.095		0.80288285		
7.1		0.80297148		
7.105		0.80306001		
7.11		0.80314845		
7.115		0.80323679		
7.12		0.80332502		
7.125		0.80341316		
7.13		0.80350121		
7.135		0.80358915		
7.14		0.80367699		
7.145		0.80376474		
7.15		0.80385239		
7.155		0.80393994		
7.16		0.8040274		
7.165		0.80411476		
7.17		0.80420202		
7.175		0.80428918		
7.18		0.80437625		
7.185		0.80446322		
7.19		0.8045501		
7.195		0.80463688		
7.2		0.80472356		
7.205		0.80481015		
7.21		0.80489664		
7.215		0.80498304		
7.22		0.80506934		
7.225		0.80515555		
7.23		0.80524166		
7.235		0.80532768		
7.24		0.8054136		
7.245		0.80549943		
7.25		0.80558516		
7.255		0.8056708		
7.26		0.80575635		
7.265		0.8058418		
7.27		0.80592716		
7.275		0.80601242		
7.28		0.80609759		
7.285		0.80618267		
7.29		0.80626766		
7.295		0.80635255		
7.3		0.80643735		
7.305		0.80652206		
7.31		0.80660667		
7.315		0.8066912		
7.32		0.80677563		
7.325		0.80685997		
7.33		0.80694422		
7.335		0.80702837		
7.34		0.80711244		
7.345		0.80719641		
7.35		0.8072803		
7.355		0.80736409		
7.36		0.80744779		
7.365		0.8075314		
7.37		0.80761492		
7.375		0.80769835		
7.38		0.80778169		
7.385		0.80786494		
7.39		0.8079481		
7.395		0.80803117		
7.4		0.80811416		
7.405		0.80819705		
7.41		0.80827985		
7.415		0.80836256		
7.42		0.80844519		
7.425		0.80852773		
7.43		0.80861017		
7.435		0.80869253		
7.44		0.8087748		
7.445		0.80885699		
7.45		0.80893908		
7.455		0.80902109		
7.46		0.80910301		
7.465		0.80918484		
7.47		0.80926659		
7.475		0.80934824		
7.48		0.80942981		
7.485		0.8095113		
7.49		0.80959269		
7.495		0.809674		
7.5		0.80975523		
7.505		0.80983636		
7.51		0.80991741		
7.515		0.80999838		
7.52		0.81007926		
7.525		0.81016005		
7.53		0.81024076		
7.535		0.81032138		
7.54		0.81040192		
7.545		0.81048237		
7.55		0.81056274		
7.555		0.81064302		
7.56		0.81072321		
7.565		0.81080333		
7.57		0.81088335		
7.575		0.8109633		
7.58		0.81104316		
7.585		0.81112293		
7.59		0.81120262		
7.595		0.81128223		
7.6		0.81136176		
7.605		0.8114412		
7.61		0.81152055		
7.615		0.81159983		
7.62		0.81167902		
7.625		0.81175813		
7.63		0.81183715		
7.635		0.81191609		
7.64		0.81199495		
7.645		0.81207373		
7.65		0.81215243		
7.655		0.81223104		
7.66		0.81230957		
7.665		0.81238802		
7.67		0.81246639		
7.675		0.81254467		
7.68		0.81262288		
7.685		0.812701		
7.69		0.81277904		
7.695		0.812857		
7.7		0.81293488		
7.705		0.81301268		
7.71		0.8130904		
7.715		0.81316804		
7.72		0.8132456		
7.725		0.81332307		
7.73		0.81340047		
7.735		0.81347779		
7.74		0.81355503		
7.745		0.81363219		
7.75		0.81370926		
7.755		0.81378626		
7.76		0.81386318		
7.765		0.81394002		
7.77		0.81401678		
7.775		0.81409347		
7.78		0.81417007		
7.785		0.8142466		
7.79		0.81432304		
7.795		0.81439941		
7.8		0.8144757		
7.805		0.81455191		
7.81		0.81462804		
7.815		0.8147041		
7.82		0.81478008		
7.825		0.81485598		
7.83		0.8149318		
7.835		0.81500755		
7.84		0.81508321		
7.845		0.8151588		
7.85		0.81523432		
7.855		0.81530975		
7.86		0.81538511		
7.865		0.8154604		
7.87		0.8155356		
7.875		0.81561073		
7.88		0.81568579		
7.885		0.81576077		
7.89		0.81583567		
7.895		0.81591049		
7.9		0.81598524		
7.905		0.81605992		
7.91		0.81613452		
7.915		0.81620904		
7.92		0.81628349		
7.925		0.81635786		
7.93		0.81643216		
7.935		0.81650638		
7.94		0.81658053		
7.945		0.81665461		
7.95		0.8167286		
7.955		0.81680253		
7.96		0.81687638		
7.965		0.81695015		
7.97		0.81702386		
7.975		0.81709748		
7.98		0.81717104		
7.985		0.81724452		
7.99		0.81731792		
7.995		0.81739126		
8		0.81746452		
8.005		0.8175377		
8.01		0.81761082		
8.015		0.81768386		
8.02		0.81775682		
8.025		0.81782972		
8.03		0.81790254		
8.035		0.81797529		
8.04		0.81804796		
8.045		0.81812057		
8.05		0.8181931		
8.055		0.81826556		
8.06		0.81833795		
8.065		0.81841026		
8.07		0.81848251		
8.075		0.81855468		
8.08		0.81862678		
8.085		0.81869881		
8.09		0.81877077		
8.095		0.81884265		
8.1		0.81891447		
8.105		0.81898621		
8.11		0.81905789		
8.115		0.81912949		
8.12		0.81920102		
8.125		0.81927248		
8.13		0.81934387		
8.135		0.81941519		
8.14		0.81948644		
8.145		0.81955763		
8.15		0.81962874		
8.155		0.81969978		
8.16		0.81977075		
8.165		0.81984165		
8.17		0.81991248		
8.175		0.81998324		
8.18		0.82005393		
8.185		0.82012456		
8.19		0.82019511		
8.195		0.8202656		
8.2		0.82033601		
8.205		0.82040636		
8.21		0.82047664		
8.215		0.82054685		
8.22		0.82061699		
8.225		0.82068706		
8.23		0.82075707		
8.235		0.82082701		
8.24		0.82089687		
8.245		0.82096667		
8.25		0.82103641		
8.255		0.82110607		
8.26		0.82117567		
8.265		0.8212452		
8.27		0.82131466		
8.275		0.82138406		
8.28		0.82145338		
8.285		0.82152265		
8.29		0.82159184		
8.295		0.82166097		
8.3		0.82173003		
8.305		0.82179902		
8.31		0.82186795		
8.315		0.82193681		
8.32		0.8220056		
8.325		0.82207433		
8.33		0.82214299		
8.335		0.82221158		
8.34		0.82228011		
8.345		0.82234857		
8.35		0.82241697		
8.355		0.8224853		
8.36		0.82255357		
8.365		0.82262177		
8.37		0.8226899		
8.375		0.82275797		
8.38		0.82282598		
8.385		0.82289392		
8.39		0.82296179		
8.395		0.8230296		
8.4		0.82309735		
8.405		0.82316503		
8.41		0.82323264		
8.415		0.82330019		
8.42		0.82336768		
8.425		0.8234351		
8.43		0.82350246		
8.435		0.82356975		
8.44		0.82363698		
8.445		0.82370415		
8.45		0.82377125		
8.455		0.82383829		
8.46		0.82390526		
8.465		0.82397217		
8.47		0.82403902		
8.475		0.8241058		
8.48		0.82417252		
8.485		0.82423918		
8.49		0.82430578		
8.495		0.82437231		
8.5		0.82443878		
8.505		0.82450518		
8.51		0.82457153		
8.515		0.82463781		
8.52		0.82470403		
8.525		0.82477018		
8.53		0.82483627		
8.535		0.82490231		
8.54		0.82496828		
8.545		0.82503418		
8.55		0.82510003		
8.555		0.82516581		
8.56		0.82523153		
8.565		0.82529719		
8.57		0.82536279		
8.575		0.82542833		
8.58		0.8254938		
8.585		0.82555922		
8.59		0.82562457		
8.595		0.82568986		
8.6		0.82575509		
8.605		0.82582026		
8.61		0.82588537		
8.615		0.82595042		
8.62		0.82601541		
8.625		0.82608033		
8.63		0.8261452		
8.635		0.82621001		
8.64		0.82627475		
8.645		0.82633944		
8.65		0.82640406		
8.655		0.82646863		
8.66		0.82653313		
8.665		0.82659758		
8.67		0.82666197		
8.675		0.82672629		
8.68		0.82679056		
8.685		0.82685477		
8.69		0.82691891		
8.695		0.826983		
8.7		0.82704703		
8.705		0.827111		
8.71		0.82717491		
8.715		0.82723876		
8.72		0.82730256		
8.725		0.82736629		
8.73		0.82742997		
8.735		0.82749358		
8.74		0.82755714		
8.745		0.82762064		
8.75		0.82768408		
8.755		0.82774746		
8.76		0.82781079		
8.765		0.82787406		
8.77		0.82793727		
8.775		0.82800042		
8.78		0.82806351		
8.785		0.82812654		
8.79		0.82818952		
8.795		0.82825244		
8.8		0.8283153		
8.805		0.82837811		
8.81		0.82844086		
8.815		0.82850355		
8.82		0.82856618		
8.825		0.82862875		
8.83		0.82869127		
8.835		0.82875374		
8.84		0.82881614		
8.845		0.82887849		
8.85		0.82894078		
8.855		0.82900301		
8.86		0.82906519		
8.865		0.82912731		
8.87		0.82918938		
8.875		0.82925139		
8.88		0.82931334		
8.885		0.82937524		
8.89		0.82943708		
8.895		0.82949886		
8.9		0.82956059		
8.905		0.82962227		
8.91		0.82968388		
8.915		0.82974545		
8.92		0.82980695		
8.925		0.8298684		
8.93		0.8299298		
8.935		0.82999114		
8.94		0.83005242		
8.945		0.83011365		
8.95		0.83017483		
8.955		0.83023595		
8.96		0.83029701		
8.965		0.83035802		
8.97		0.83041898		
8.975		0.83047988		
8.98		0.83054072		
8.985		0.83060151		
8.99		0.83066225		
8.995		0.83072293		
9		0.83078356		
9.005		0.83084413		
9.01		0.83090465		
9.015		0.83096512		
9.02		0.83102553		
9.025		0.83108589		
9.03		0.83114619		
9.035		0.83120644		
9.04		0.83126664		
9.045		0.83132678		
9.05		0.83138687		
9.055		0.8314469		
9.06		0.83150689		
9.065		0.83156681		
9.07		0.83162669		
9.075		0.83168651		
9.08		0.83174628		
9.085		0.831806		
9.09		0.83186566		
9.095		0.83192527		
9.1		0.83198483		
9.105		0.83204433		
9.11		0.83210379		
9.115		0.83216319		
9.12		0.83222253		
9.125		0.83228183		
9.13		0.83234107		
9.135		0.83240026		
9.14		0.8324594		
9.145		0.83251849		
9.15		0.83257752		
9.155		0.8326365		
9.16		0.83269543		
9.165		0.83275431		
9.17		0.83281314		
9.175		0.83287191		
9.18		0.83293063		
9.185		0.83298931		
9.19		0.83304793		
9.195		0.83310649		
9.2		0.83316501		
9.205		0.83322348		
9.21		0.83328189		
9.215		0.83334026		
9.22		0.83339857		
9.225		0.83345683		
9.23		0.83351504		
9.235		0.8335732		
9.24		0.83363131		
9.245		0.83368937		
9.25		0.83374738		
9.255		0.83380534		
9.26		0.83386324		
9.265		0.8339211		
9.27		0.83397891		
9.275		0.83403666		
9.28		0.83409437		
9.285		0.83415202		
9.29		0.83420963		
9.295		0.83426719		
9.3		0.83432469		
9.305		0.83438215		
9.31		0.83443955		
9.315		0.83449691		
9.32		0.83455422		
9.325		0.83461147		
9.33		0.83466868		
9.335		0.83472584		
9.34		0.83478295		
9.345		0.83484001		
9.35		0.83489702		
9.355		0.83495398		
9.36		0.83501089		
9.365		0.83506776		
9.37		0.83512457		
9.375		0.83518133		
9.38		0.83523805		
9.385		0.83529472		
9.39		0.83535134		
9.395		0.83540791		
9.4		0.83546443		
9.405		0.8355209		
9.41		0.83557733		
9.415		0.8356337		
9.42		0.83569003		
9.425		0.83574631		
9.43		0.83580254		
9.435		0.83585873		
9.44		0.83591486		
9.445		0.83597095		
9.45		0.83602699		
9.455		0.83608298		
9.46		0.83613893		
9.465		0.83619482		
9.47		0.83625067		
9.475		0.83630647		
9.48		0.83636223		
9.485		0.83641793		
9.49		0.83647359		
9.495		0.8365292		
9.5		0.83658477		
9.505		0.83664028		
9.51		0.83669575		
9.515		0.83675118		
9.52		0.83680655		
9.525		0.83686188		
9.53		0.83691716		
9.535		0.8369724		
9.54		0.83702759		
9.545		0.83708273		
9.55		0.83713783		
9.555		0.83719287		
9.56		0.83724788		
9.565		0.83730283		
9.57		0.83735774		
9.575		0.8374126		
9.58		0.83746742		
9.585		0.83752219		
9.59		0.83757692		
9.595		0.83763159		
9.6		0.83768623		
9.605		0.83774081		
9.61		0.83779535		
9.615		0.83784985		
9.62		0.8379043		
9.625		0.8379587		
9.63		0.83801306		
9.635		0.83806737		
9.64		0.83812164		
9.645		0.83817586		
9.65		0.83823004		
9.655		0.83828417		
9.66		0.83833825		
9.665		0.83839229		
9.67		0.83844629		
9.675		0.83850024		
9.68		0.83855414		
9.685		0.838608		
9.69		0.83866182		
9.695		0.83871559		
9.7		0.83876931		
9.705		0.83882299		
9.71		0.83887663		
9.715		0.83893022		
9.72		0.83898376		
9.725		0.83903727		
9.73		0.83909073		
9.735		0.83914414		
9.74		0.83919751		
9.745		0.83925083		
9.75		0.83930411		
9.755		0.83935735		
9.76		0.83941054		
9.765		0.83946369		
9.77		0.8395168		
9.775		0.83956986		
9.78		0.83962287		
9.785		0.83967585		
9.79		0.83972877		
9.795		0.83978166		
9.8		0.8398345		
9.805		0.8398873		
9.81		0.83994006		
9.815		0.83999277		
9.82		0.84004543		
9.825		0.84009806		
9.83		0.84015064		
9.835		0.84020318		
9.84		0.84025567		
9.845		0.84030813		
9.85		0.84036053		
9.855		0.8404129		
9.86		0.84046522		
9.865		0.8405175		
9.87		0.84056974		
9.875		0.84062194		
9.88		0.84067409		
9.885		0.8407262		
9.89		0.84077826		
9.895		0.84083029		
9.9		0.84088227		
9.905		0.84093421		
9.91		0.8409861		
9.915		0.84103796		
9.92		0.84108977		
9.925		0.84114154		
9.93		0.84119327		
9.935		0.84124495		
9.94		0.8412966		
9.945		0.8413482		
9.95		0.84139976		
9.955		0.84145128		
9.96		0.84150275		
9.965		0.84155419		
9.97		0.84160558		
9.975		0.84165693		
9.98		0.84170824		
9.985		0.84175951		
9.99		0.84181073		
9.995		0.84186192		
10		0.84191306		
10.005		0.84196416		
10.01		0.84201522		
10.015		0.84206624		
10.02		0.84211722		
10.025		0.84216816		
10.03		0.84221905		
10.035		0.84226991		
10.04		0.84232072		
10.045		0.8423715		
10.05		0.84242223		
10.055		0.84247292		
10.06		0.84252357		
10.065		0.84257418		
10.07		0.84262475		
10.075		0.84267528		
10.08		0.84272577		
10.085		0.84277621		
10.09		0.84282662		
10.095		0.84287699		
10.1		0.84292731		
10.105		0.8429776		
10.11		0.84302785		
10.115		0.84307805		
10.12		0.84312822		
10.125		0.84317834		
10.13		0.84322843		
10.135		0.84327847		
10.14		0.84332848		
10.145		0.84337844		
10.15		0.84342837		
10.155		0.84347826		
10.16		0.8435281		
10.165		0.84357791		
10.17		0.84362767		
10.175		0.8436774		
10.18		0.84372709		
10.185		0.84377674		
10.19		0.84382635		
10.195		0.84387592		
10.2		0.84392545		
10.205		0.84397494		
10.21		0.84402439		
10.215		0.8440738		
10.22		0.84412317		
10.225		0.84417251		
10.23		0.8442218		
10.235		0.84427106		
10.24		0.84432028		
10.245		0.84436946		
10.25		0.84441859		
10.255		0.8444677		
10.26		0.84451676		
10.265		0.84456578		
10.27		0.84461477		
10.275		0.84466371		
10.28		0.84471262		
10.285		0.84476149		
10.29		0.84481032		
10.295		0.84485911		
10.3		0.84490786		
10.305		0.84495658		
10.31		0.84500526		
10.315		0.8450539		
10.32		0.8451025		
10.325		0.84515106		
10.33		0.84519958		
10.335		0.84524807		
10.34		0.84529652		
10.345		0.84534493		
10.35		0.8453933		
10.355		0.84544164		
10.36		0.84548993		
10.365		0.84553819		
10.37		0.84558642		
10.375		0.8456346		
10.38		0.84568275		
10.385		0.84573086		
10.39		0.84577893		
10.395		0.84582696		
10.4		0.84587496		
10.405		0.84592292		
10.41		0.84597084		
10.415		0.84601872		
10.42		0.84606657		
10.425		0.84611438		
10.43		0.84616216		
10.435		0.84620989		
10.44		0.84625759		
10.445		0.84630525		
10.45		0.84635288		
10.455		0.84640047		
10.46		0.84644802		
10.465		0.84649553		
10.47		0.84654301		
10.475		0.84659045		
10.48		0.84663786		
10.485		0.84668522		
10.49		0.84673255		
10.495		0.84677985		
10.5		0.84682711		
10.505		0.84687433		
10.51		0.84692151		
10.515		0.84696866		
10.52		0.84701578		
10.525		0.84706285		
10.53		0.84710989		
10.535		0.8471569		
10.54		0.84720386		
10.545		0.8472508		
10.55		0.84729769		
10.555		0.84734455		
10.56		0.84739138		
10.565		0.84743816		
10.57		0.84748492		
10.575		0.84753163		
10.58		0.84757831		
10.585		0.84762496		
10.59		0.84767157		
10.595		0.84771814		
10.6		0.84776468		
10.605		0.84781118		
10.61		0.84785764		
10.615		0.84790408		
10.62		0.84795047		
10.625		0.84799683		
10.63		0.84804316		
10.635		0.84808945		
10.64		0.8481357		
10.645		0.84818192		
10.65		0.8482281		
10.655		0.84827425		
10.66		0.84832037		
10.665		0.84836645		
10.67		0.84841249		
10.675		0.8484585		
10.68		0.84850447		
10.685		0.84855041		
10.69		0.84859631		
10.695		0.84864218		
10.7		0.84868802		
10.705		0.84873382		
10.71		0.84877958		
10.715		0.84882531		
10.72		0.84887101		
10.725		0.84891667		
10.73		0.8489623		
10.735		0.84900789		
10.74		0.84905345		
10.745		0.84909897		
10.75		0.84914446		
10.755		0.84918992		
10.76		0.84923534		
10.765		0.84928072		
10.77		0.84932608		
10.775		0.8493714		
10.78		0.84941668		
10.785		0.84946193		
10.79		0.84950715		
10.795		0.84955233		
10.8		0.84959748		
10.805		0.84964259		
10.81		0.84968767		
10.815		0.84973272		
10.82		0.84977773		
10.825		0.84982271		
10.83		0.84986766		
10.835		0.84991257		
10.84		0.84995745		
10.845		0.85000229		
10.85		0.8500471		
10.855		0.85009188		
10.86		0.85013662		
10.865		0.85018134		
10.87		0.85022601		
10.875		0.85027066		
10.88		0.85031527		
10.885		0.85035985		
10.89		0.85040439		
10.895		0.8504489		
10.9		0.85049338		
10.905		0.85053782		
10.91		0.85058224		
10.915		0.85062662		
10.92		0.85067096		
10.925		0.85071528		
10.93		0.85075956		
10.935		0.8508038		
10.94		0.85084802		
10.945		0.8508922		
10.95		0.85093635		
10.955		0.85098047		
10.96		0.85102455		
10.965		0.8510686		
10.97		0.85111262		
10.975		0.85115661		
10.98		0.85120056		
10.985		0.85124448		
10.99		0.85128837		
10.995		0.85133222		
11		0.85137605		
11.005		0.85141984		
11.01		0.8514636		
11.015		0.85150733		
11.02		0.85155102		
11.025		0.85159468		
11.03		0.85163832		
11.035		0.85168191		
11.04		0.85172548		
11.045		0.85176901		
11.05		0.85181252		
11.055		0.85185599		
11.06		0.85189943		
11.065		0.85194283		
11.07		0.85198621		
11.075		0.85202955		
11.08		0.85207286		
11.085		0.85211614		
11.09		0.85215939		
11.095		0.85220261		
11.1		0.85224579		
11.105		0.85228895		
11.11		0.85233207		
11.115		0.85237516		
11.12		0.85241822		
11.125		0.85246124		
11.13		0.85250424		
11.135		0.85254721		
11.14		0.85259014		
11.145		0.85263304		
11.15		0.85267591		
11.155		0.85271875		
11.16		0.85276156		
11.165		0.85280434		
11.17		0.85284708		
11.175		0.8528898		
11.18		0.85293248		
11.185		0.85297514		
11.19		0.85301776		
11.195		0.85306035		
11.2		0.85310291		
11.205		0.85314544		
11.21		0.85318794		
11.215		0.85323041		
11.22		0.85327285		
11.225		0.85331525		
11.23		0.85335763		
11.235		0.85339997		
11.24		0.85344229		
11.245		0.85348457		
11.25		0.85352683		
11.255		0.85356905		
11.26		0.85361124		
11.265		0.85365341		
11.27		0.85369554		
11.275		0.85373764		
11.28		0.85377971		
11.285		0.85382175		
11.29		0.85386376		
11.295		0.85390575		
11.3		0.8539477		
11.305		0.85398962		
11.31		0.85403151		
11.315		0.85407337		
11.32		0.8541152		
11.325		0.854157		
11.33		0.85419877		
11.335		0.85424051		
11.34		0.85428222		
11.345		0.8543239		
11.35		0.85436555		
11.355		0.85440717		
11.36		0.85444876		
11.365		0.85449032		
11.37		0.85453186		
11.375		0.85457336		
11.38		0.85461483		
11.385		0.85465627		
11.39		0.85469769		
11.395		0.85473907		
11.4		0.85478043		
11.405		0.85482175		
11.41		0.85486305		
11.415		0.85490431		
11.42		0.85494555		
11.425		0.85498676		
11.43		0.85502794		
11.435		0.85506909		
11.44		0.8551102		
11.445		0.8551513		
11.45		0.85519236		
11.455		0.85523339		
11.46		0.85527439		
11.465		0.85531537		
11.47		0.85535631		
11.475		0.85539723		
11.48		0.85543812		
11.485		0.85547897		
11.49		0.8555198		
11.495		0.8555606		
11.5		0.85560138		
11.505		0.85564212		
11.51		0.85568283		
11.515		0.85572352		
11.52		0.85576418		
11.525		0.8558048		
11.53		0.8558454		
11.535		0.85588597		
11.54		0.85592652		
11.545		0.85596703		
11.55		0.85600752		
11.555		0.85604797		
11.56		0.8560884		
11.565		0.8561288		
11.57		0.85616917		
11.575		0.85620952		
11.58		0.85624983		
11.585		0.85629012		
11.59		0.85633038		
11.595		0.85637061		
11.6		0.85641081		
11.605		0.85645098		
11.61		0.85649113		
11.615		0.85653125		
11.62		0.85657134		
11.625		0.8566114		
11.63		0.85665143		
11.635		0.85669144		
11.64		0.85673141		
11.645		0.85677136		
11.65		0.85681129		
11.655		0.85685118		
11.66		0.85689105		
11.665		0.85693089		
11.67		0.8569707		
11.675		0.85701048		
11.68		0.85705023		
11.685		0.85708996		
11.69		0.85712966		
11.695		0.85716934		
11.7		0.85720898		
11.705		0.8572486		
11.71		0.85728819		
11.715		0.85732775		
11.72		0.85736729		
11.725		0.85740679		
11.73		0.85744627		
11.735		0.85748573		
11.74		0.85752515		
11.745		0.85756455		
11.75		0.85760392		
11.755		0.85764327		
11.76		0.85768258		
11.765		0.85772187		
11.77		0.85776113		
11.775		0.85780037		
11.78		0.85783958		
11.785		0.85787876		
11.79		0.85791791		
11.795		0.85795704		
11.8		0.85799614		
11.805		0.85803521		
11.81		0.85807426		
11.815		0.85811328		
11.82		0.85815227		
11.825		0.85819124		
11.83		0.85823018		
11.835		0.85826909		
11.84		0.85830797		
11.845		0.85834683		
11.85		0.85838567		
11.855		0.85842447		
11.86		0.85846325		
11.865		0.858502		
11.87		0.85854073		
11.875		0.85857943		
11.88		0.8586181		
11.885		0.85865675		
11.89		0.85869537		
11.895		0.85873396		
11.9		0.85877253		
11.905		0.85881107		
11.91		0.85884958		
11.915		0.85888807		
11.92		0.85892653		
11.925		0.85896497		
11.93		0.85900338		
11.935		0.85904176		
11.94		0.85908012		
11.945		0.85911845		
11.95		0.85915676		
11.955		0.85919503		
11.96		0.85923329		
11.965		0.85927151		
11.97		0.85930972		
11.975		0.85934789		
11.98		0.85938604		
11.985		0.85942416		
11.99		0.85946226		
11.995		0.85950033		
12		0.85953838		
12.005		0.8595764		
12.01		0.85961439		
12.015		0.85965236		
12.02		0.8596903		
12.025		0.85972822		
12.03		0.85976611		
12.035		0.85980398		
12.04		0.85984182		
12.045		0.85987963		
12.05		0.85991742		
12.055		0.85995519		
12.06		0.85999292		
12.065		0.86003064		
12.07		0.86006832		
12.075		0.86010599		
12.08		0.86014362		
12.085		0.86018123		
12.09		0.86021882		
12.095		0.86025638		
12.1		0.86029392		
12.105		0.86033143		
12.11		0.86036891		
12.115		0.86040637		
12.12		0.86044381		
12.125		0.86048122		
12.13		0.8605186		
12.135		0.86055596		
12.14		0.86059329		
12.145		0.8606306		
12.15		0.86066789		
12.155		0.86070515		
12.16		0.86074238		
12.165		0.86077959		
12.17		0.86081678		
12.175		0.86085394		
12.18		0.86089107		
12.185		0.86092818		
12.19		0.86096527		
12.195		0.86100233		
12.2		0.86103936		
12.205		0.86107637		
12.21		0.86111336		
12.215		0.86115032		
12.22		0.86118726		
12.225		0.86122417		
12.23		0.86126106		
12.235		0.86129793		
12.24		0.86133477		
12.245		0.86137158		
12.25		0.86140837		
12.255		0.86144514		
12.26		0.86148188		
12.265		0.86151859		
12.27		0.86155529		
12.275		0.86159196		
12.28		0.8616286		
12.285		0.86166522		
12.29		0.86170182		
12.295		0.86173839		
12.3		0.86177493		
12.305		0.86181146		
12.31		0.86184796		
12.315		0.86188443		
12.32		0.86192088		
12.325		0.86195731		
12.33		0.86199371		
12.335		0.86203009		
12.34		0.86206644		
12.345		0.86210277		
12.35		0.86213908		
12.355		0.86217536		
12.36		0.86221162		
12.365		0.86224786		
12.37		0.86228407		
12.375		0.86232026		
12.38		0.86235642		
12.385		0.86239256		
12.39		0.86242867		
12.395		0.86246477		
12.4		0.86250083		
12.405		0.86253688		
12.41		0.8625729		
12.415		0.8626089		
12.42		0.86264487		
12.425		0.86268082		
12.43		0.86271675		
12.435		0.86275265		
12.44		0.86278853		
12.445		0.86282439		
12.45		0.86286022		
12.455		0.86289603		
12.46		0.86293182		
12.465		0.86296758		
12.47		0.86300332		
12.475		0.86303904		
12.48		0.86307473		
12.485		0.8631104		
12.49		0.86314605		
12.495		0.86318167		
12.5		0.86321727		
12.505		0.86325284		
12.51		0.8632884		
12.515		0.86332393		
12.52		0.86335944		
12.525		0.86339492		
12.53		0.86343038		
12.535		0.86346582		
12.54		0.86350123		
12.545		0.86353663		
12.55		0.863572		
12.555		0.86360734		
12.56		0.86364266		
12.565		0.86367797		
12.57		0.86371324		
12.575		0.8637485		
12.58		0.86378373		
12.585		0.86381894		
12.59		0.86385412		
12.595		0.86388929		
12.6		0.86392443		
12.605		0.86395955		
12.61		0.86399464		
12.615		0.86402972		
12.62		0.86406477		
12.625		0.86409979		
12.63		0.8641348		
12.635		0.86416978		
12.64		0.86420474		
12.645		0.86423968		
12.65		0.86427459		
12.655		0.86430948		
12.66		0.86434435		
12.665		0.8643792		
12.67		0.86441403		
12.675		0.86444883		
12.68		0.86448361		
12.685		0.86451837		
12.69		0.8645531		
12.695		0.86458782		
12.7		0.86462251		
12.705		0.86465718		
12.71		0.86469182		
12.715		0.86472645		
12.72		0.86476105		
12.725		0.86479563		
12.73		0.86483019		
12.735		0.86486472		
12.74		0.86489924		
12.745		0.86493373		
12.75		0.8649682		
12.755		0.86500265		
12.76		0.86503707		
12.765		0.86507148		
12.77		0.86510586		
12.775		0.86514022		
12.78		0.86517456		
12.785		0.86520887		
12.79		0.86524317		
12.795		0.86527744		
12.8		0.86531169		
12.805		0.86534592		
12.81		0.86538013		
12.815		0.86541431		
12.82		0.86544848		
12.825		0.86548262		
12.83		0.86551674		
12.835		0.86555084		
12.84		0.86558491		
12.845		0.86561897		
12.85		0.865653		
12.855		0.86568701		
12.86		0.86572101		
12.865		0.86575497		
12.87		0.86578892		
12.875		0.86582285		
12.88		0.86585675		
12.885		0.86589064		
12.89		0.8659245		
12.895		0.86595834		
12.9		0.86599216		
12.905		0.86602595		
12.91		0.86605973		
12.915		0.86609349		
12.92		0.86612722		
12.925		0.86616093		
12.93		0.86619462		
12.935		0.86622829		
12.94		0.86626194		
12.945		0.86629557		
12.95		0.86632918		
12.955		0.86636276		
12.96		0.86639633		
12.965		0.86642987		
12.97		0.86646339		
12.975		0.86649689		
12.98		0.86653037		
12.985		0.86656383		
12.99		0.86659727		
12.995		0.86663069		
13		0.86666408		
13.005		0.86669746		
13.01		0.86673081		
13.015		0.86676414		
13.02		0.86679746		
13.025		0.86683075		
13.03		0.86686402		
13.035		0.86689727		
13.04		0.8669305		
13.045		0.86696371		
13.05		0.86699689		
13.055		0.86703006		
13.06		0.86706321		
13.065		0.86709633		
13.07		0.86712944		
13.075		0.86716252		
13.08		0.86719559		
13.085		0.86722863		
13.09		0.86726165		
13.095		0.86729465		
13.1		0.86732764		
13.105		0.8673606		
13.11		0.86739354		
13.115		0.86742646		
13.12		0.86745936		
13.125		0.86749223		
13.13		0.86752509		
13.135		0.86755793		
13.14		0.86759075		
13.145		0.86762355		
13.15		0.86765632		
13.155		0.86768908		
13.16		0.86772182		
13.165		0.86775453		
13.17		0.86778723		
13.175		0.86781991		
13.18		0.86785256		
13.185		0.8678852		
13.19		0.86791781		
13.195		0.86795041		
13.2		0.86798298		
13.205		0.86801554		
13.21		0.86804807		
13.215		0.86808059		
13.22		0.86811308		
13.225		0.86814556		
13.23		0.86817801		
13.235		0.86821045		
13.24		0.86824286		
13.245		0.86827525		
13.25		0.86830763		
13.255		0.86833998		
13.26		0.86837232		
13.265		0.86840463		
13.27		0.86843693		
13.275		0.8684692		
13.28		0.86850146		
13.285		0.8685337		
13.29		0.86856591		
13.295		0.86859811		
13.3		0.86863028		
13.305		0.86866244		
13.31		0.86869458		
13.315		0.8687267		
13.32		0.86875879		
13.325		0.86879087		
13.33		0.86882293		
13.335		0.86885497		
13.34		0.86888699		
13.345		0.86891899		
13.35		0.86895097		
13.355		0.86898293		
13.36		0.86901487		
13.365		0.86904679		
13.37		0.86907869		
13.375		0.86911058		
13.38		0.86914244		
13.385		0.86917428		
13.39		0.86920611		
13.395		0.86923791		
13.4		0.8692697		
13.405		0.86930147		
13.41		0.86933321		
13.415		0.86936494		
13.42		0.86939665		
13.425		0.86942834		
13.43		0.86946001		
13.435		0.86949166		
13.44		0.86952329		
13.445		0.8695549		
13.45		0.8695865		
13.455		0.86961807		
13.46		0.86964963		
13.465		0.86968116		
13.47		0.86971268		
13.475		0.86974418		
13.48		0.86977565		
13.485		0.86980711		
13.49		0.86983855		
13.495		0.86986998		
13.5		0.86990138		
13.505		0.86993276		
13.51		0.86996413		
13.515		0.86999547		
13.52		0.8700268		
13.525		0.87005811		
13.53		0.8700894		
13.535		0.87012067		
13.54		0.87015192		
13.545		0.87018315		
13.55		0.87021436		
13.555		0.87024556		
13.56		0.87027674		
13.565		0.87030789		
13.57		0.87033903		
13.575		0.87037015		
13.58		0.87040125		
13.585		0.87043234		
13.59		0.8704634		
13.595		0.87049444		
13.6		0.87052547		
13.605		0.87055648		
13.61		0.87058747		
13.615		0.87061844		
13.62		0.87064939		
13.625		0.87068033		
13.63		0.87071124		
13.635		0.87074214		
13.64		0.87077302		
13.645		0.87080388		
13.65		0.87083472		
13.655		0.87086554		
13.66		0.87089635		
13.665		0.87092713		
13.67		0.8709579		
13.675		0.87098865		
13.68		0.87101938		
13.685		0.87105009		
13.69		0.87108079		
13.695		0.87111146		
13.7		0.87114212		
13.705		0.87117276		
13.71		0.87120338		
13.715		0.87123399		
13.72		0.87126457		
13.725		0.87129514		
13.73		0.87132569		
13.735		0.87135622		
13.74		0.87138673		
13.745		0.87141722		
13.75		0.8714477		
13.755		0.87147816		
13.76		0.8715086		
13.765		0.87153902		
13.77		0.87156942		
13.775		0.87159981		
13.78		0.87163018		
13.785		0.87166053		
13.79		0.87169086		
13.795		0.87172118		
13.8		0.87175147		
13.805		0.87178175		
13.81		0.87181201		
13.815		0.87184225		
13.82		0.87187248		
13.825		0.87190268		
13.83		0.87193287		
13.835		0.87196304		
13.84		0.8719932		
13.845		0.87202333		
13.85		0.87205345		
13.855		0.87208355		
13.86		0.87211363		
13.865		0.8721437		
13.87		0.87217375		
13.875		0.87220377		
13.88		0.87223379		
13.885		0.87226378		
13.89		0.87229376		
13.895		0.87232372		
13.9		0.87235366		
13.905		0.87238358		
13.91		0.87241349		
13.915		0.87244338		
13.92		0.87247325		
13.925		0.8725031		
13.93		0.87253294		
13.935		0.87256275		
13.94		0.87259256		
13.945		0.87262234		
13.95		0.87265211		
13.955		0.87268185		
13.96		0.87271159		
13.965		0.8727413		
13.97		0.872771		
13.975		0.87280068		
13.98		0.87283034		
13.985		0.87285998		
13.99		0.87288961		
13.995		0.87291922		
14		0.87294881		
14.005		0.87297839		
14.01		0.87300795		
14.015		0.87303749		
14.02		0.87306701		
14.025		0.87309652		
14.03		0.87312601		
14.035		0.87315548		
14.04		0.87318494		
14.045		0.87321437		
14.05		0.8732438		
14.055		0.8732732		
14.06		0.87330259		
14.065		0.87333196		
14.07		0.87336131		
14.075		0.87339064		
14.08		0.87341996		
14.085		0.87344927		
14.09		0.87347855		
14.095		0.87350782		
14.1		0.87353707		
14.105		0.8735663		
14.11		0.87359552		
14.115		0.87362472		
14.12		0.8736539		
14.125		0.87368307		
14.13		0.87371222		
14.135		0.87374135		
14.14		0.87377047		
14.145		0.87379957		
14.15		0.87382865		
14.155		0.87385771		
14.16		0.87388676		
14.165		0.8739158		
14.17		0.87394481		
14.175		0.87397381		
14.18		0.87400279		
14.185		0.87403176		
14.19		0.87406071		
14.195		0.87408964		
14.2		0.87411855		
14.205		0.87414745		
14.21		0.87417633		
14.215		0.8742052		
14.22		0.87423405		
14.225		0.87426288		
14.23		0.8742917		
14.235		0.87432049		
14.24		0.87434928		
14.245		0.87437804		
14.25		0.87440679		
14.255		0.87443553		
14.26		0.87446424		
14.265		0.87449294		
14.27		0.87452163		
14.275		0.8745503		
14.28		0.87457895		
14.285		0.87460758		
14.29		0.8746362		
14.295		0.8746648		
14.3		0.87469339		
14.305		0.87472196		
14.31		0.87475051		
14.315		0.87477905		
14.32		0.87480757		
14.325		0.87483607		
14.33		0.87486456		
14.335		0.87489303		
14.34		0.87492149		
14.345		0.87494993		
14.35		0.87497835		
14.355		0.87500676		
14.36		0.87503515		
14.365		0.87506352		
14.37		0.87509188		
14.375		0.87512022		
14.38		0.87514855		
14.385		0.87517686		
14.39		0.87520515		
14.395		0.87523343		
14.4		0.87526169		
14.405		0.87528994		
14.41		0.87531817		
14.415		0.87534638		
14.42		0.87537458		
14.425		0.87540276		
14.43		0.87543093		
14.435		0.87545908		
14.44		0.87548722		
14.445		0.87551533		
14.45		0.87554344		
14.455		0.87557152		
14.46		0.87559959		
14.465		0.87562765		
14.47		0.87565569		
14.475		0.87568371		
14.48		0.87571172		
14.485		0.87573971		
14.49		0.87576769		
14.495		0.87579565		
14.5		0.87582359		
14.505		0.87585152		
14.51		0.87587943		
14.515		0.87590733		
14.52		0.87593521		
14.525		0.87596308		
14.53		0.87599093		
14.535		0.87601876		
14.54		0.87604658		
14.545		0.87607438		
14.55		0.87610217		
14.555		0.87612994		
14.56		0.8761577		
14.565		0.87618544		
14.57		0.87621317		
14.575		0.87624088		
14.58		0.87626857		
14.585		0.87629625		
14.59		0.87632391		
14.595		0.87635156		
14.6		0.87637919		
14.605		0.87640681		
14.61		0.87643441		
14.615		0.876462		
14.62		0.87648957		
14.625		0.87651712		
14.63		0.87654466		
14.635		0.87657219		
14.64		0.8765997		
14.645		0.87662719		
14.65		0.87665467		
14.655		0.87668213		
14.66		0.87670958		
14.665		0.87673701		
14.67		0.87676443		
14.675		0.87679183		
14.68		0.87681922		
14.685		0.87684659		
14.69		0.87687394		
14.695		0.87690129		
14.7		0.87692861		
14.705		0.87695592		
14.71		0.87698322		
14.715		0.8770105		
14.72		0.87703776		
14.725		0.87706501		
14.73		0.87709225		
14.735		0.87711947		
14.74		0.87714667		
14.745		0.87717386		
14.75		0.87720104		
14.755		0.8772282		
14.76		0.87725534		
14.765		0.87728247		
14.77		0.87730958		
14.775		0.87733668		
14.78		0.87736377		
14.785		0.87739084		
14.79		0.87741789		
14.795		0.87744493		
14.8		0.87747196		
14.805		0.87749897		
14.81		0.87752596		
14.815		0.87755294		
14.82		0.87757991		
14.825		0.87760686		
14.83		0.87763379		
14.835		0.87766071		
14.84		0.87768762		
14.845		0.87771451		
14.85		0.87774138		
14.855		0.87776825		
14.86		0.87779509		
14.865		0.87782192		
14.87		0.87784874		
14.875		0.87787554		
14.88		0.87790233		
14.885		0.8779291		
14.89		0.87795586		
14.895		0.87798261		
14.9		0.87800933		
14.905		0.87803605		
14.91		0.87806275		
14.915		0.87808943		
14.92		0.8781161		
14.925		0.87814276		
14.93		0.8781694		
14.935		0.87819603		
14.94		0.87822264		
14.945		0.87824924		
14.95		0.87827582		
14.955		0.87830239		
14.96		0.87832894		
14.965		0.87835548		
14.97		0.878382		
14.975		0.87840851		
14.98		0.87843501		
14.985		0.87846149		
14.99		0.87848796		
14.995		0.87851441		
15		0.87854085		
15.005		0.87856727		
15.01		0.87859368		
15.015		0.87862008		
15.02		0.87864646		
15.025		0.87867282		
15.03		0.87869918		
15.035		0.87872551		
15.04		0.87875184		
15.045		0.87877815		
15.05		0.87880444		
15.055		0.87883072		
15.06		0.87885699		
15.065		0.87888324		
15.07		0.87890948		
15.075		0.8789357		
15.08		0.87896191		
15.085		0.8789881		
15.09		0.87901428		
15.095		0.87904045		
15.1		0.8790666		
15.105		0.87909274		
15.11		0.87911887		
15.115		0.87914498		
15.12		0.87917107		
15.125		0.87919715		
15.13		0.87922322		
15.135		0.87924927		
15.14		0.87927531		
15.145		0.87930134		
15.15		0.87932735		
15.155		0.87935335		
15.16		0.87937933		
15.165		0.8794053		
15.17		0.87943126		
15.175		0.8794572		
15.18		0.87948312		
15.185		0.87950904		
15.19		0.87953494		
15.195		0.87956082		
15.2		0.87958669		
15.205		0.87961255		
15.21		0.8796384		
15.215		0.87966423		
15.22		0.87969004		
15.225		0.87971584		
15.23		0.87974163		
15.235		0.87976741		
15.24		0.87979317		
15.245		0.87981892		
15.25		0.87984465		
15.255		0.87987037		
15.26		0.87989607		
15.265		0.87992176		
15.27		0.87994744		
15.275		0.87997311		
15.28		0.87999876		
15.285		0.88002439		
15.29		0.88005002		
15.295		0.88007563		
15.3		0.88010122		
15.305		0.8801268		
15.31		0.88015237		
15.315		0.88017793		
15.32		0.88020347		
15.325		0.880229		
15.33		0.88025451		
15.335		0.88028001		
15.34		0.8803055		
15.345		0.88033097		
15.35		0.88035643		
15.355		0.88038187		
15.36		0.88040731		
15.365		0.88043273		
15.37		0.88045813		
15.375		0.88048352		
15.38		0.8805089		
15.385		0.88053427		
15.39		0.88055962		
15.395		0.88058495		
15.4		0.88061028		
15.405		0.88063559		
15.41		0.88066089		
15.415		0.88068617		
15.42		0.88071144		
15.425		0.8807367		
15.43		0.88076194		
15.435		0.88078717		
15.44		0.88081239		
15.445		0.88083759		
15.45		0.88086278		
15.455		0.88088796		
15.46		0.88091313		
15.465		0.88093828		
15.47		0.88096341		
15.475		0.88098854		
15.48		0.88101365		
15.485		0.88103874		
15.49		0.88106383		
15.495		0.8810889		
15.5		0.88111396		
15.505		0.881139		
15.51		0.88116403		
15.515		0.88118905		
15.52		0.88121406		
15.525		0.88123905		
15.53		0.88126403		
15.535		0.88128899		
15.54		0.88131394		
15.545		0.88133888		
15.55		0.88136381		
15.555		0.88138872		
15.56		0.88141362		
15.565		0.88143851		
15.57		0.88146338		
15.575		0.88148824		
15.58		0.88151309		
15.585		0.88153792		
15.59		0.88156275		
15.595		0.88158755		
15.6		0.88161235		
15.605		0.88163713		
15.61		0.8816619		
15.615		0.88168666		
15.62		0.8817114		
15.625		0.88173613		
15.63		0.88176085		
15.635		0.88178555		
15.64		0.88181024		
15.645		0.88183492		
15.65		0.88185959		
15.655		0.88188424		
15.66		0.88190888		
15.665		0.88193351		
15.67		0.88195812		
15.675		0.88198273		
15.68		0.88200731		
15.685		0.88203189		
15.69		0.88205645		
15.695		0.882081		
15.7		0.88210554		
15.705		0.88213007		
15.71		0.88215458		
15.715		0.88217908		
15.72		0.88220356		
15.725		0.88222804		
15.73		0.8822525		
15.735		0.88227695		
15.74		0.88230138		
15.745		0.8823258		
15.75		0.88235021		
15.755		0.88237461		
15.76		0.882399		
15.765		0.88242337		
15.77		0.88244773		
15.775		0.88247208		
15.78		0.88249641		
15.785		0.88252073		
15.79		0.88254504		
15.795		0.88256934		
15.8		0.88259362		
15.805		0.88261789		
15.81		0.88264215		
15.815		0.8826664		
15.82		0.88269063		
15.825		0.88271485		
15.83		0.88273906		
15.835		0.88276326		
15.84		0.88278744		
15.845		0.88281161		
15.85		0.88283577		
15.855		0.88285992		
15.86		0.88288405		
15.865		0.88290817		
15.87		0.88293228		
15.875		0.88295638		
15.88		0.88298046		
15.885		0.88300453		
15.89		0.88302859		
15.895		0.88305264		
15.9		0.88307667		
15.905		0.88310069		
15.91		0.8831247		
15.915		0.8831487		
15.92		0.88317268		
15.925		0.88319666		
15.93		0.88322062		
15.935		0.88324457		
15.94		0.8832685		
15.945		0.88329242		
15.95		0.88331634		
15.955		0.88334024		
15.96		0.88336412		
15.965		0.883388		
15.97		0.88341186		
15.975		0.88343571		
15.98		0.88345955		
15.985		0.88348337		
15.99		0.88350718		
15.995		0.88353099		
16		0.88355478		
16.005		0.88357855		
16.01		0.88360232		
16.015		0.88362607		
16.02		0.88364981		
16.025		0.88367354		
16.03		0.88369725		
16.035		0.88372096		
16.04		0.88374465		
16.045		0.88376833		
16.05		0.883792		
16.055		0.88381565		
16.06		0.8838393		
16.065		0.88386293		
16.07		0.88388655		
16.075		0.88391016		
16.08		0.88393375		
16.085		0.88395733		
16.09		0.88398091		
16.095		0.88400447		
16.1		0.88402801		
16.105		0.88405155		
16.11		0.88407507		
16.115		0.88409858		
16.12		0.88412208		
16.125		0.88414557		
16.13		0.88416905		
16.135		0.88419251		
16.14		0.88421596		
16.145		0.8842394		
16.15		0.88426283		
16.155		0.88428625		
16.16		0.88430965		
16.165		0.88433305		
16.17		0.88435643		
16.175		0.8843798		
16.18		0.88440315		
16.185		0.8844265		
16.19		0.88444983		
16.195		0.88447316		
16.2		0.88449647		
16.205		0.88451976		
16.21		0.88454305		
16.215		0.88456632		
16.22		0.88458959		
16.225		0.88461284		
16.23		0.88463608		
16.235		0.88465931		
16.24		0.88468252		
16.245		0.88470573		
16.25		0.88472892		
16.255		0.8847521		
16.26		0.88477527		
16.265		0.88479843		
16.27		0.88482157		
16.275		0.88484471		
16.28		0.88486783		
16.285		0.88489094		
16.29		0.88491404		
16.295		0.88493713		
16.3		0.88496021		
16.305		0.88498327		
16.31		0.88500632		
16.315		0.88502937		
16.32		0.8850524		
16.325		0.88507542		
16.33		0.88509842		
16.335		0.88512142		
16.34		0.8851444		
16.345		0.88516737		
16.35		0.88519034		
16.355		0.88521328		
16.36		0.88523622		
16.365		0.88525915		
16.37		0.88528206		
16.375		0.88530497		
16.38		0.88532786		
16.385		0.88535074		
16.39		0.88537361		
16.395		0.88539647		
16.4		0.88541931		
16.405		0.88544215		
16.41		0.88546497		
16.415		0.88548778		
16.42		0.88551059		
16.425		0.88553338		
16.43		0.88555615		
16.435		0.88557892		
16.44		0.88560168		
16.445		0.88562442		
16.45		0.88564715		
16.455		0.88566987		
16.46		0.88569258		
16.465		0.88571528		
16.47		0.88573797		
16.475		0.88576065		
16.48		0.88578331		
16.485		0.88580597		
16.49		0.88582861		
16.495		0.88585124		
16.5		0.88587386		
16.505		0.88589647		
16.51		0.88591907		
16.515		0.88594165		
16.52		0.88596423		
16.525		0.88598679		
16.53		0.88600935		
16.535		0.88603189		
16.54		0.88605442		
16.545		0.88607694		
16.55		0.88609945		
16.555		0.88612194		
16.56		0.88614443		
16.565		0.8861669		
16.57		0.88618937		
16.575		0.88621182		
16.58		0.88623426		
16.585		0.88625669		
16.59		0.88627911		
16.595		0.88630152		
16.6		0.88632392		
16.605		0.8863463		
16.61		0.88636868		
16.615		0.88639104		
16.62		0.8864134		
16.625		0.88643574		
16.63		0.88645807		
16.635		0.88648039		
16.64		0.8865027		
16.645		0.886525		
16.65		0.88654728		
16.655		0.88656956		
16.66		0.88659183		
16.665		0.88661408		
16.67		0.88663632		
16.675		0.88665856		
16.68		0.88668078		
16.685		0.88670299		
16.69		0.88672519		
16.695		0.88674738		
16.7		0.88676956		
16.705		0.88679172		
16.71		0.88681388		
16.715		0.88683603		
16.72		0.88685816		
16.725		0.88688028		
16.73		0.8869024		
16.735		0.8869245		
16.74		0.88694659		
16.745		0.88696867		
16.75		0.88699074		
16.755		0.8870128		
16.76		0.88703485		
16.765		0.88705689		
16.77		0.88707891		
16.775		0.88710093		
16.78		0.88712293		
16.785		0.88714493		
16.79		0.88716691		
16.795		0.88718888		
16.8		0.88721085		
16.805		0.8872328		
16.81		0.88725474		
16.815		0.88727667		
16.82		0.88729859		
16.825		0.8873205		
16.83		0.88734239		
16.835		0.88736428		
16.84		0.88738616		
16.845		0.88740803		
16.85		0.88742988		
16.855		0.88745173		
16.86		0.88747356		
16.865		0.88749538		
16.87		0.8875172		
16.875		0.887539		
16.88		0.88756079		
16.885		0.88758257		
16.89		0.88760434		
16.895		0.8876261		
16.9		0.88764785		
16.905		0.88766959		
16.91		0.88769132		
16.915		0.88771304		
16.92		0.88773475		
16.925		0.88775644		
16.93		0.88777813		
16.935		0.88779981		
16.94		0.88782147		
16.945		0.88784313		
16.95		0.88786477		
16.955		0.88788641		
16.96		0.88790803		
16.965		0.88792964		
16.97		0.88795125		
16.975		0.88797284		
16.98		0.88799442		
16.985		0.88801599		
16.99		0.88803755		
16.995		0.88805911		
17		0.88808065		
17.005		0.88810218		
17.01		0.8881237		
17.015		0.88814521		
17.02		0.8881667		
17.025		0.88818819		
17.03		0.88820967		
17.035		0.88823114		
17.04		0.8882526		
17.045		0.88827404		
17.05		0.88829548		
17.055		0.88831691		
17.06		0.88833832		
17.065		0.88835973		
17.07		0.88838113		
17.075		0.88840251		
17.08		0.88842389		
17.085		0.88844525		
17.09		0.88846661		
17.095		0.88848795		
17.1		0.88850929		
17.105		0.88853061		
17.11		0.88855193		
17.115		0.88857323		
17.12		0.88859452		
17.125		0.88861581		
17.13		0.88863708		
17.135		0.88865834		
17.14		0.8886796		
17.145		0.88870084		
17.15		0.88872207		
17.155		0.88874329		
17.16		0.88876451		
17.165		0.88878571		
17.17		0.8888069		
17.175		0.88882808		
17.18		0.88884925		
17.185		0.88887042		
17.19		0.88889157		
17.195		0.88891271		
17.2		0.88893384		
17.205		0.88895496		
17.21		0.88897607		
17.215		0.88899718		
17.22		0.88901827		
17.225		0.88903935		
17.23		0.88906042		
17.235		0.88908148		
17.24		0.88910253		
17.245		0.88912357		
17.25		0.8891446		
17.255		0.88916563		
17.26		0.88918664		
17.265		0.88920764		
17.27		0.88922863		
17.275		0.88924961		
17.28		0.88927058		
17.285		0.88929154		
17.29		0.8893125		
17.295		0.88933344		
17.3		0.88935437		
17.305		0.88937529		
17.31		0.8893962		
17.315		0.88941711		
17.32		0.889438		
17.325		0.88945888		
17.33		0.88947975		
17.335		0.88950061		
17.34		0.88952147		
17.345		0.88954231		
17.35		0.88956314		
17.355		0.88958397		
17.36		0.88960478		
17.365		0.88962558		
17.37		0.88964638		
17.375		0.88966716		
17.38		0.88968793		
17.385		0.8897087		
17.39		0.88972945		
17.395		0.8897502		
17.4		0.88977093		
17.405		0.88979166		
17.41		0.88981237		
17.415		0.88983308		
17.42		0.88985377		
17.425		0.88987446		
17.43		0.88989514		
17.435		0.8899158		
17.44		0.88993646		
17.445		0.88995711		
17.45		0.88997775		
17.455		0.88999837		
17.46		0.89001899		
17.465		0.8900396		
17.47		0.8900602		
17.475		0.89008079		
17.48		0.89010137		
17.485		0.89012194		
17.49		0.8901425		
17.495		0.89016305		
17.5		0.89018359		
17.505		0.89020412		
17.51		0.89022464		
17.515		0.89024516		
17.52		0.89026566		
17.525		0.89028615		
17.53		0.89030664		
17.535		0.89032711		
17.54		0.89034757		
17.545		0.89036803		
17.55		0.89038847		
17.555		0.89040891		
17.56		0.89042933		
17.565		0.89044975		
17.57		0.89047016		
17.575		0.89049056		
17.58		0.89051094		
17.585		0.89053132		
17.59		0.89055169		
17.595		0.89057205		
17.6		0.8905924		
17.605		0.89061274		
17.61		0.89063307		
17.615		0.89065339		
17.62		0.89067371		
17.625		0.89069401		
17.63		0.8907143		
17.635		0.89073459		
17.64		0.89075486		
17.645		0.89077513		
17.65		0.89079538		
17.655		0.89081563		
17.66		0.89083587		
17.665		0.89085609		
17.67		0.89087631		
17.675		0.89089652		
17.68		0.89091672		
17.685		0.89093691		
17.69		0.89095709		
17.695		0.89097726		
17.7		0.89099742		
17.705		0.89101757		
17.71		0.89103772		
17.715		0.89105785		
17.72		0.89107798		
17.725		0.89109809		
17.73		0.8911182		
17.735		0.89113829		
17.74		0.89115838		
17.745		0.89117846		
17.75		0.89119853		
17.755		0.89121859		
17.76		0.89123864		
17.765		0.89125868		
17.77		0.89127871		
17.775		0.89129873		
17.78		0.89131875		
17.785		0.89133875		
17.79		0.89135875		
17.795		0.89137873		
17.8		0.89139871		
17.805		0.89141868		
17.81		0.89143863		
17.815		0.89145858		
17.82		0.89147852		
17.825		0.89149845		
17.83		0.89151838		
17.835		0.89153829		
17.84		0.89155819		
17.845		0.89157808		
17.85		0.89159797		
17.855		0.89161785		
17.86		0.89163771		
17.865		0.89165757		
17.87		0.89167742		
17.875		0.89169726		
17.88		0.89171709		
17.885		0.89173691		
17.89		0.89175672		
17.895		0.89177652		
17.9		0.89179632		
17.905		0.8918161		
17.91		0.89183588		
17.915		0.89185564		
17.92		0.8918754		
17.925		0.89189515		
17.93		0.89191489		
17.935		0.89193462		
17.94		0.89195434		
17.945		0.89197405		
17.95		0.89199376		
17.955		0.89201345		
17.96		0.89203314		
17.965		0.89205281		
17.97		0.89207248		
17.975		0.89209214		
17.98		0.89211179		
17.985		0.89213143		
17.99		0.89215106		
17.995		0.89217069		
18		0.8921903		
18.005		0.8922099		
18.01		0.8922295		
18.015		0.89224909		
18.02		0.89226866		
18.025		0.89228823		
18.03		0.89230779		
18.035		0.89232735		
18.04		0.89234689		
18.045		0.89236642		
18.05		0.89238595		
18.055		0.89240546		
18.06		0.89242497		
18.065		0.89244447		
18.07		0.89246396		
18.075		0.89248344		
18.08		0.89250291		
18.085		0.89252237		
18.09		0.89254183		
18.095		0.89256127		
18.1		0.89258071		
18.105		0.89260014		
18.11		0.89261955		
18.115		0.89263896		
18.12		0.89265837		
18.125		0.89267776		
18.13		0.89269714		
18.135		0.89271652		
18.14		0.89273588		
18.145		0.89275524		
18.15		0.89277459		
18.155		0.89279393		
18.16		0.89281326		
18.165		0.89283258		
18.17		0.8928519		
18.175		0.8928712		
18.18		0.8928905		
18.185		0.89290979		
18.19		0.89292906		
18.195		0.89294833		
18.2		0.8929676		
18.205		0.89298685		
18.21		0.89300609		
18.215		0.89302533		
18.22		0.89304456		
18.225		0.89306377		
18.23		0.89308298		
18.235		0.89310218		
18.24		0.89312138		
18.245		0.89314056		
18.25		0.89315973		
18.255		0.8931789		
18.26		0.89319806		
18.265		0.89321721		
18.27		0.89323635		
18.275		0.89325548		
18.28		0.8932746		
18.285		0.89329372		
18.29		0.89331283		
18.295		0.89333192		
18.3		0.89335101		
18.305		0.89337009		
18.31		0.89338917		
18.315		0.89340823		
18.32		0.89342728		
18.325		0.89344633		
18.33		0.89346537		
18.335		0.8934844		
18.34		0.89350342		
18.345		0.89352243		
18.35		0.89354144		
18.355		0.89356043		
18.36		0.89357942		
18.365		0.8935984		
18.37		0.89361737		
18.375		0.89363633		
18.38		0.89365528		
18.385		0.89367423		
18.39		0.89369316		
18.395		0.89371209		
18.4		0.89373101		
18.405		0.89374992		
18.41		0.89376882		
18.415		0.89378772		
18.42		0.8938066		
18.425		0.89382548		
18.43		0.89384435		
18.435		0.89386321		
18.44		0.89388206		
18.445		0.8939009		
18.45		0.89391974		
18.455		0.89393857		
18.46		0.89395738		
18.465		0.89397619		
18.47		0.893995		
18.475		0.89401379		
18.48		0.89403257		
18.485		0.89405135		
18.49		0.89407012		
18.495		0.89408888		
18.5		0.89410763		
18.505		0.89412638		
18.51		0.89414511		
18.515		0.89416384		
18.52		0.89418256		
18.525		0.89420127		
18.53		0.89421997		
18.535		0.89423866		
18.54		0.89425735		
18.545		0.89427602		
18.55		0.89429469		
18.555		0.89431335		
18.56		0.89433201		
18.565		0.89435065		
18.57		0.89436929		
18.575		0.89438791		
18.58		0.89440653		
18.585		0.89442515		
18.59		0.89444375		
18.595		0.89446234		
18.6		0.89448093		
18.605		0.89449951		
18.61		0.89451808		
18.615		0.89453664		
18.62		0.89455519		
18.625		0.89457374		
18.63		0.89459228		
18.635		0.89461081		
18.64		0.89462933		
18.645		0.89464784		
18.65		0.89466635		
18.655		0.89468484		
18.66		0.89470333		
18.665		0.89472181		
18.67		0.89474029		
18.675		0.89475875		
18.68		0.89477721		
18.685		0.89479565		
18.69		0.89481409		
18.695		0.89483253		
18.7		0.89485095		
18.705		0.89486937		
18.71		0.89488777		
18.715		0.89490617		
18.72		0.89492456		
18.725		0.89494295		
18.73		0.89496132		
18.735		0.89497969		
18.74		0.89499805		
18.745		0.8950164		
18.75		0.89503474		
18.755		0.89505308		
18.76		0.89507141		
18.765		0.89508973		
18.77		0.89510804		
18.775		0.89512634		
18.78		0.89514464		
18.785		0.89516292		
18.79		0.8951812		
18.795		0.89519947		
18.8		0.89521774		
18.805		0.89523599		
18.81		0.89525424		
18.815		0.89527248		
18.82		0.89529071		
18.825		0.89530893		
18.83		0.89532715		
18.835		0.89534536		
18.84		0.89536356		
18.845		0.89538175		
18.85		0.89539993		
18.855		0.89541811		
18.86		0.89543628		
18.865		0.89545444		
18.87		0.89547259		
18.875		0.89549073		
18.88		0.89550887		
18.885		0.895527		
18.89		0.89554512		
18.895		0.89556323		
18.9		0.89558134		
18.905		0.89559943		
18.91		0.89561752		
18.915		0.89563561		
18.92		0.89565368		
18.925		0.89567174		
18.93		0.8956898		
18.935		0.89570785		
18.94		0.8957259		
18.945		0.89574393		
18.95		0.89576196		
18.955		0.89577998		
18.96		0.89579799		
18.965		0.89581599		
18.97		0.89583398		
18.975		0.89585197		
18.98		0.89586995		
18.985		0.89588792		
18.99		0.89590589		
18.995		0.89592385		
19		0.89594179		
19.005		0.89595974		
19.01		0.89597767		
19.015		0.89599559		
19.02		0.89601351		
19.025		0.89603142		
19.03		0.89604932		
19.035		0.89606722		
19.04		0.89608511		
19.045		0.89610299		
19.05		0.89612086		
19.055		0.89613872		
19.06		0.89615658		
19.065		0.89617443		
19.07		0.89619227		
19.075		0.8962101		
19.08		0.89622793		
19.085		0.89624574		
19.09		0.89626355		
19.095		0.89628136		
19.1		0.89629915		
19.105		0.89631694		
19.11		0.89633472		
19.115		0.89635249		
19.12		0.89637025		
19.125		0.89638801		
19.13		0.89640576		
19.135		0.8964235		
19.14		0.89644124		
19.145		0.89645896		
19.15		0.89647668		
19.155		0.89649439		
19.16		0.89651209		
19.165		0.89652979		
19.17		0.89654748		
19.175		0.89656516		
19.18		0.89658283		
19.185		0.8966005		
19.19		0.89661816		
19.195		0.89663581		
19.2		0.89665345		
19.205		0.89667109		
19.21		0.89668871		
19.215		0.89670633		
19.22		0.89672395		
19.225		0.89674155		
19.23		0.89675915		
19.235		0.89677674		
19.24		0.89679432		
19.245		0.8968119		
19.25		0.89682947		
19.255		0.89684703		
19.26		0.89686458		
19.265		0.89688212		
19.27		0.89689966		
19.275		0.89691719		
19.28		0.89693472		
19.285		0.89695223		
19.29		0.89696974		
19.295		0.89698724		
19.3		0.89700473		
19.305		0.89702222		
19.31		0.8970397		
19.315		0.89705717		
19.32		0.89707463		
19.325		0.89709209		
19.33		0.89710954		
19.335		0.89712698		
19.34		0.89714441		
19.345		0.89716184		
19.35		0.89717926		
19.355		0.89719667		
19.36		0.89721407		
19.365		0.89723147		
19.37		0.89724886		
19.375		0.89726624		
19.38		0.89728362		
19.385		0.89730098		
19.39		0.89731834		
19.395		0.8973357		
19.4		0.89735304		
19.405		0.89737038		
19.41		0.89738771		
19.415		0.89740503		
19.42		0.89742235		
19.425		0.89743966		
19.43		0.89745696		
19.435		0.89747425		
19.44		0.89749154		
19.445		0.89750882		
19.45		0.89752609		
19.455		0.89754336		
19.46		0.89756062		
19.465		0.89757787		
19.47		0.89759511		
19.475		0.89761234		
19.48		0.89762957		
19.485		0.89764679		
19.49		0.89766401		
19.495		0.89768122		
19.5		0.89769842		
19.505		0.89771561		
19.51		0.89773279		
19.515		0.89774997		
19.52		0.89776714		
19.525		0.8977843		
19.53		0.89780146		
19.535		0.89781861		
19.54		0.89783575		
19.545		0.89785289		
19.55		0.89787001		
19.555		0.89788713		
19.56		0.89790425		
19.565		0.89792135		
19.57		0.89793845		
19.575		0.89795554		
19.58		0.89797263		
19.585		0.8979897		
19.59		0.89800677		
19.595		0.89802384		
19.6		0.89804089		
19.605		0.89805794		
19.61		0.89807498		
19.615		0.89809202		
19.62		0.89810904		
19.625		0.89812606		
19.63		0.89814308		
19.635		0.89816008		
19.64		0.89817708		
19.645		0.89819407		
19.65		0.89821106		
19.655		0.89822804		
19.66		0.89824501		
19.665		0.89826197		
19.67		0.89827893		
19.675		0.89829587		
19.68		0.89831282		
19.685		0.89832975		
19.69		0.89834668		
19.695		0.8983636		
19.7		0.89838051		
19.705		0.89839742		
19.71		0.89841432		
19.715		0.89843121		
19.72		0.8984481		
19.725		0.89846498		
19.73		0.89848185		
19.735		0.89849871		
19.74		0.89851557		
19.745		0.89853242		
19.75		0.89854926		
19.755		0.8985661		
19.76		0.89858293		
19.765		0.89859975		
19.77		0.89861657		
19.775		0.89863338		
19.78		0.89865018		
19.785		0.89866697		
19.79		0.89868376		
19.795		0.89870054		
19.8		0.89871732		
19.805		0.89873408		
19.81		0.89875084		
19.815		0.8987676		
19.82		0.89878434		
19.825		0.89880108		
19.83		0.89881781		
19.835		0.89883454		
19.84		0.89885126		
19.845		0.89886797		
19.85		0.89888467		
19.855		0.89890137		
19.86		0.89891806		
19.865		0.89893474		
19.87		0.89895142		
19.875		0.89896809		
19.88		0.89898475		
19.885		0.89900141		
19.89		0.89901806		
19.895		0.8990347		
19.9		0.89905134		
19.905		0.89906796		
19.91		0.89908459		
19.915		0.8991012		
19.92		0.89911781		
19.925		0.89913441		
19.93		0.89915101		
19.935		0.89916759		
19.94		0.89918417		
19.945		0.89920075		
19.95		0.89921731		
19.955		0.89923388		
19.96		0.89925043		
19.965		0.89926698		
19.97		0.89928352		
19.975		0.89930005		
19.98		0.89931657		
19.985		0.89933309		
19.99		0.89934961		
19.995		0.89936611		
20		0.89938261		
20.005		0.8993991		
20.01		0.89941559		
20.015		0.89943207		
20.02		0.89944854		
20.025		0.89946501		
20.03		0.89948146		
20.035		0.89949792		
20.04		0.89951436		
20.045		0.8995308		
20.05		0.89954723		
20.055		0.89956366		
20.06		0.89958007		
20.065		0.89959649		
20.07		0.89961289		
20.075		0.89962929		
20.08		0.89964568		
20.085		0.89966206		
20.09		0.89967844		
20.095		0.89969481		
20.1		0.89971118		
20.105		0.89972754		
20.11		0.89974389		
20.115		0.89976023		
20.12		0.89977657		
20.125		0.8997929		
20.13		0.89980922		
20.135		0.89982554		
20.14		0.89984185		
20.145		0.89985816		
20.15		0.89987446		
20.155		0.89989075		
20.16		0.89990703		
20.165		0.89992331		
20.17		0.89993958		
20.175		0.89995585		
20.18		0.8999721		
20.185		0.89998836		
20.19		0.9000046		
20.195		0.90002084		
20.2		0.90003707		
20.205		0.9000533		
20.21		0.90006951		
20.215		0.90008573		
20.22		0.90010193		
20.225		0.90011813		
20.23		0.90013432		
20.235		0.90015051		
20.24		0.90016669		
20.245		0.90018286		
20.25		0.90019902		
20.255		0.90021518		
20.26		0.90023134		
20.265		0.90024748		
20.27		0.90026362		
20.275		0.90027976		
20.28		0.90029588		
20.285		0.900312		
20.29		0.90032812		
20.295		0.90034422		
20.3		0.90036032		
20.305		0.90037642		
20.31		0.9003925		
20.315		0.90040859		
20.32		0.90042466		
20.325		0.90044073		
20.33		0.90045679		
20.335		0.90047284		
20.34		0.90048889		
20.345		0.90050494		
20.35		0.90052097		
20.355		0.900537		
20.36		0.90055302		
20.365		0.90056904		
20.37		0.90058505		
20.375		0.90060105		
20.38		0.90061705		
20.385		0.90063304		
20.39		0.90064902		
20.395		0.900665		
20.4		0.90068097		
20.405		0.90069694		
20.41		0.90071289		
20.415		0.90072885		
20.42		0.90074479		
20.425		0.90076073		
20.43		0.90077666		
20.435		0.90079259		
20.44		0.90080851		
20.445		0.90082442		
20.45		0.90084033		
20.455		0.90085623		
20.46		0.90087212		
20.465		0.90088801		
20.47		0.90090389		
20.475		0.90091977		
20.48		0.90093564		
20.485		0.9009515		
20.49		0.90096736		
20.495		0.9009832		
20.5		0.90099905		
20.505		0.90101488		
20.51		0.90103072		
20.515		0.90104654		
20.52		0.90106236		
20.525		0.90107817		
20.53		0.90109397		
20.535		0.90110977		
20.54		0.90112557		
20.545		0.90114135		
20.55		0.90115713		
20.555		0.90117291		
20.56		0.90118867		
20.565		0.90120443		
20.57		0.90122019		
20.575		0.90123594		
20.58		0.90125168		
20.585		0.90126742		
20.59		0.90128315		
20.595		0.90129887		
20.6		0.90131459		
20.605		0.9013303		
20.61		0.901346		
20.615		0.9013617		
20.62		0.90137739		
20.625		0.90139308		
20.63		0.90140876		
20.635		0.90142443		
20.64		0.9014401		
20.645		0.90145576		
20.65		0.90147141		
20.655		0.90148706		
20.66		0.9015027		
20.665		0.90151834		
20.67		0.90153397		
20.675		0.90154959		
20.68		0.90156521		
20.685		0.90158082		
20.69		0.90159643		
20.695		0.90161202		
20.7		0.90162762		
20.705		0.9016432		
20.71		0.90165878		
20.715		0.90167436		
20.72		0.90168992		
20.725		0.90170549		
20.73		0.90172104		
20.735		0.90173659		
20.74		0.90175213		
20.745		0.90176767		
20.75		0.9017832		
20.755		0.90179873		
20.76		0.90181425		
20.765		0.90182976		
20.77		0.90184526		
20.775		0.90186076		
20.78		0.90187626		
20.785		0.90189175		
20.79		0.90190723		
20.795		0.9019227		
20.8		0.90193817		
20.805		0.90195364		
20.81		0.90196909		
20.815		0.90198454		
20.82		0.90199999		
20.825		0.90201543		
20.83		0.90203086		
20.835		0.90204629		
20.84		0.90206171		
20.845		0.90207712		
20.85		0.90209253		
20.855		0.90210794		
20.86		0.90212333		
20.865		0.90213872		
20.87		0.90215411		
20.875		0.90216948		
20.88		0.90218486		
20.885		0.90220022		
20.89		0.90221558		
20.895		0.90223094		
20.9		0.90224629		
20.905		0.90226163		
20.91		0.90227696		
20.915		0.90229229		
20.92		0.90230762		
20.925		0.90232294		
20.93		0.90233825		
20.935		0.90235355		
20.94		0.90236885		
20.945		0.90238415		
20.95		0.90239944		
20.955		0.90241472		
20.96		0.90242999		
20.965		0.90244526		
20.97		0.90246053		
20.975		0.90247579		
20.98		0.90249104		
20.985		0.90250628		
20.99		0.90252152		
20.995		0.90253676		
21		0.90255199		
21.005		0.90256721		
21.01		0.90258242		
21.015		0.90259763		
21.02		0.90261284		
21.025		0.90262804		
21.03		0.90264323		
21.035		0.90265842		
21.04		0.9026736		
21.045		0.90268877		
21.05		0.90270394		
21.055		0.9027191		
21.06		0.90273426		
21.065		0.90274941		
21.07		0.90276456		
21.075		0.90277969		
21.08		0.90279483		
21.085		0.90280996		
21.09		0.90282508		
21.095		0.90284019		
21.1		0.9028553		
21.105		0.90287041		
21.11		0.9028855		
21.115		0.9029006		
21.12		0.90291568		
21.125		0.90293076		
21.13		0.90294584		
21.135		0.90296091		
21.14		0.90297597		
21.145		0.90299103		
21.15		0.90300608		
21.155		0.90302112		
21.16		0.90303616		
21.165		0.90305119		
21.17		0.90306622		
21.175		0.90308124		
21.18		0.90309626		
21.185		0.90311127		
21.19		0.90312627		
21.195		0.90314127		
21.2		0.90315627		
21.205		0.90317125		
21.21		0.90318623		
21.215		0.90320121		
21.22		0.90321618		
21.225		0.90323114		
21.23		0.9032461		
21.235		0.90326105		
21.24		0.903276		
21.245		0.90329094		
21.25		0.90330587		
21.255		0.9033208		
21.26		0.90333573		
21.265		0.90335064		
21.27		0.90336556		
21.275		0.90338046		
21.28		0.90339536		
21.285		0.90341026		
21.29		0.90342514		
21.295		0.90344003		
21.3		0.9034549		
21.305		0.90346978		
21.31		0.90348464		
21.315		0.9034995		
21.32		0.90351436		
21.325		0.9035292		
21.33		0.90354405		
21.335		0.90355888		
21.34		0.90357372		
21.345		0.90358854		
21.35		0.90360336		
21.355		0.90361818		
21.36		0.90363298		
21.365		0.90364779		
