0.25		0.6		
0.255		0.59606282		
0.26		0.59224674		
0.265		0.58854532		
0.27		0.58495259		
0.275		0.58146299		
0.28		0.57807135		
0.285		0.57477285		
0.29		0.57156299		
0.295		0.56843759		
0.3		0.5653927		
0.305		0.56242466		
0.31		0.55953002		
0.315		0.55670555		
0.32		0.5539482		
0.325		0.55125513		
0.33		0.54862365		
0.335		0.54605123		
0.34		0.54353548		
0.345		0.54107414		
0.35		0.5386651		
0.355		0.53630633		
0.36		0.53399595		
0.365		0.53173214		
0.37		0.5295132		
0.375		0.52733751		
0.38		0.52520353		
0.385		0.5231098		
0.39		0.52105494		
0.395		0.51903762		
0.4		0.51705659		
0.405		0.51511065		
0.41		0.51319866		
0.415		0.51131953		
0.42		0.50947223		
0.425		0.50765576		
0.43		0.50586918		
0.435		0.50411157		
0.44		0.50238208		
0.445		0.50067987		
0.45		0.49900415		
0.455		0.49735416		
0.46		0.49572916		
0.465		0.49412847		
0.47		0.4925514		
0.475		0.49099731		
0.48		0.48946558		
0.485		0.48795562		
0.49		0.48646686		
0.495		0.48499874		
0.5		0.48355073		
0.505		0.48212232		
0.51		0.48071303		
0.515		0.47932237		
0.52		0.4779499		
0.525		0.47659516		
0.53		0.47525774		
0.535		0.47393722		
0.54		0.47263322		
0.545		0.47134534		
0.55		0.47007321		
0.555		0.46881649		
0.56		0.46757482		
0.565		0.46634787		
0.57		0.46513531		
0.575		0.46393684		
0.58		0.46275215		
0.585		0.46158094		
0.59		0.46042294		
0.595		0.45927786		
0.6		0.45814544		
0.605		0.45702543		
0.61		0.45591756		
0.615		0.45482159		
0.62		0.45373729		
0.625		0.45266443		
0.63		0.45160279		
0.635		0.45055214		
0.64		0.44951228		
0.645		0.448483		
0.65		0.4474641		
0.655		0.44645539		
0.66		0.44545668		
0.665		0.44446779		
0.67		0.44348854		
0.675		0.44251875		
0.68		0.44155826		
0.685		0.44060691		
0.69		0.43966452		
0.695		0.43873095		
0.7		0.43780604		
0.705		0.43688965		
0.71		0.43598163		
0.715		0.43508183		
0.72		0.43419013		
0.725		0.43330639		
0.73		0.43243047		
0.735		0.43156225		
0.74		0.43070161		
0.745		0.42984842		
0.75		0.42900256		
0.755		0.42816392		
0.76		0.42733239		
0.765		0.42650785		
0.77		0.4256902		
0.775		0.42487932		
0.78		0.42407512		
0.785		0.4232775		
0.79		0.42248635		
0.795		0.42170159		
0.8		0.42092311		
0.805		0.42015082		
0.81		0.41938464		
0.815		0.41862447		
0.82		0.41787022		
0.825		0.41712182		
0.83		0.41637919		
0.835		0.41564222		
0.84		0.41491086		
0.845		0.41418502		
0.85		0.41346463		
0.855		0.4127496		
0.86		0.41203987		
0.865		0.41133537		
0.87		0.41063602		
0.875		0.40994175		
0.88		0.4092525		
0.885		0.40856821		
0.89		0.4078888		
0.895		0.40721421		
0.9		0.40654439		
0.905		0.40587926		
0.91		0.40521877		
0.915		0.40456286		
0.92		0.40391147		
0.925		0.40326455		
0.93		0.40262203		
0.935		0.40198387		
0.94		0.40135001		
0.945		0.4007204		
0.95		0.40009498		
0.955		0.39947371		
0.96		0.39885653		
0.965		0.3982434		
0.97		0.39763426		
0.975		0.39702907		
0.98		0.39642779		
0.985		0.39583036		
0.99		0.39523674		
0.995		0.3946469		
1		0.39406077		
1.005		0.39347833		
1.01		0.39289953		
1.015		0.39232432		
1.02		0.39175268		
1.025		0.39118455		
1.03		0.3906199		
1.035		0.39005868		
1.04		0.38950087		
1.045		0.38894643		
1.05		0.38839531		
1.055		0.38784748		
1.06		0.38730291		
1.065		0.38676155		
1.07		0.38622339		
1.075		0.38568837		
1.08		0.38515647		
1.085		0.38462766		
1.09		0.3841019		
1.095		0.38357916		
1.1		0.38305941		
1.105		0.38254262		
1.11		0.38202876		
1.115		0.3815178		
1.12		0.3810097		
1.125		0.38050444		
1.13		0.38000199		
1.135		0.37950233		
1.14		0.37900542		
1.145		0.37851124		
1.15		0.37801975		
1.155		0.37753094		
1.16		0.37704478		
1.165		0.37656124		
1.17		0.37608029		
1.175		0.37560191		
1.18		0.37512608		
1.185		0.37465277		
1.19		0.37418196		
1.195		0.37371362		
1.2		0.37324772		
1.205		0.37278426		
1.21		0.3723232		
1.215		0.37186452		
1.22		0.3714082		
1.225		0.37095421		
1.23		0.37050255		
1.235		0.37005317		
1.24		0.36960607		
1.245		0.36916122		
1.25		0.36871861		
1.255		0.3682782		
1.26		0.36783999		
1.265		0.36740395		
1.27		0.36697006		
1.275		0.36653831		
1.28		0.36610867		
1.285		0.36568113		
1.29		0.36525567		
1.295		0.36483226		
1.3		0.3644109		
1.305		0.36399156		
1.31		0.36357423		
1.315		0.36315888		
1.32		0.36274551		
1.325		0.3623341		
1.33		0.36192462		
1.335		0.36151706		
1.34		0.36111141		
1.345		0.36070766		
1.35		0.36030577		
1.355		0.35990574		
1.36		0.35950756		
1.365		0.35911121		
1.37		0.35871666		
1.375		0.35832392		
1.38		0.35793296		
1.385		0.35754377		
1.39		0.35715633		
1.395		0.35677063		
1.4		0.35638666		
1.405		0.3560044		
1.41		0.35562384		
1.415		0.35524496		
1.42		0.35486775		
1.425		0.35449221		
1.43		0.35411831		
1.435		0.35374604		
1.44		0.35337539		
1.445		0.35300635		
1.45		0.3526389		
1.455		0.35227303		
1.46		0.35190874		
1.465		0.351546		
1.47		0.35118481		
1.475		0.35082515		
1.48		0.35046701		
1.485		0.35011039		
1.49		0.34975527		
1.495		0.34940163		
1.5		0.34904947		
1.505		0.34869877		
1.51		0.34834954		
1.515		0.34800174		
1.52		0.34765538		
1.525		0.34731044		
1.53		0.34696692		
1.535		0.34662479		
1.54		0.34628406		
1.545		0.34594471		
1.55		0.34560674		
1.555		0.34527012		
1.56		0.34493486		
1.565		0.34460094		
1.57		0.34426835		
1.575		0.34393708		
1.58		0.34360713		
1.585		0.34327848		
1.59		0.34295113		
1.595		0.34262507		
1.6		0.34230028		
1.605		0.34197676		
1.61		0.3416545		
1.615		0.34133349		
1.62		0.34101372		
1.625		0.34069518		
1.63		0.34037787		
1.635		0.34006178		
1.64		0.33974689		
1.645		0.33943321		
1.65		0.33912072		
1.655		0.33880941		
1.66		0.33849927		
1.665		0.3381903		
1.67		0.3378825		
1.675		0.33757584		
1.68		0.33727033		
1.685		0.33696596		
1.69		0.33666271		
1.695		0.33636059		
1.7		0.33605958		
1.705		0.33575968		
1.71		0.33546088		
1.715		0.33516317		
1.72		0.33486655		
1.725		0.33457101		
1.73		0.33427653		
1.735		0.33398312		
1.74		0.33369077		
1.745		0.33339947		
1.75		0.33310922		
1.755		0.33282		
1.76		0.33253181		
1.765		0.33224465		
1.77		0.3319585		
1.775		0.33167337		
1.78		0.33138924		
1.785		0.33110611		
1.79		0.33082397		
1.795		0.33054282		
1.8		0.33026265		
1.805		0.32998345		
1.81		0.32970522		
1.815		0.32942795		
1.82		0.32915164		
1.825		0.32887628		
1.83		0.32860186		
1.835		0.32832839		
1.84		0.32805584		
1.845		0.32778422		
1.85		0.32751353		
1.855		0.32724375		
1.86		0.32697488		
1.865		0.32670692		
1.87		0.32643985		
1.875		0.32617368		
1.88		0.3259084		
1.885		0.325644		
1.89		0.32538049		
1.895		0.32511784		
1.9		0.32485606		
1.905		0.32459515		
1.91		0.32433509		
1.915		0.32407589		
1.92		0.32381754		
1.925		0.32356002		
1.93		0.32330335		
1.935		0.32304751		
1.94		0.3227925		
1.945		0.32253831		
1.95		0.32228494		
1.955		0.32203239		
1.96		0.32178064		
1.965		0.3215297		
1.97		0.32127957		
1.975		0.32103022		
1.98		0.32078167		
1.985		0.32053391		
1.99		0.32028692		
1.995		0.32004072		
2		0.31979529		
2.005		0.31955063		
2.01		0.31930674		
2.015		0.3190636		
2.02		0.31882122		
2.025		0.3185796		
2.03		0.31833872		
2.035		0.31809859		
2.04		0.3178592		
2.045		0.31762055		
2.05		0.31738262		
2.055		0.31714543		
2.06		0.31690896		
2.065		0.31667321		
2.07		0.31643817		
2.075		0.31620385		
2.08		0.31597024		
2.085		0.31573733		
2.09		0.31550513		
2.095		0.31527362		
2.1		0.3150428		
2.105		0.31481268		
2.11		0.31458324		
2.115		0.31435448		
2.12		0.31412641		
2.125		0.313899		
2.13		0.31367228		
2.135		0.31344621		
2.14		0.31322082		
2.145		0.31299608		
2.15		0.31277201		
2.155		0.31254859		
2.16		0.31232582		
2.165		0.31210369		
2.17		0.31188222		
2.175		0.31166138		
2.18		0.31144118		
2.185		0.31122162		
2.19		0.31100269		
2.195		0.31078438		
2.2		0.3105667		
2.205		0.31034965		
2.21		0.31013321		
2.215		0.30991738		
2.22		0.30970217		
2.225		0.30948757		
2.23		0.30927358		
2.235		0.30906019		
2.24		0.3088474		
2.245		0.3086352		
2.25		0.3084236		
2.255		0.3082126		
2.26		0.30800218		
2.265		0.30779234		
2.27		0.30758309		
2.275		0.30737442		
2.28		0.30716633		
2.285		0.30695881		
2.29		0.30675186		
2.295		0.30654548		
2.3		0.30633966		
2.305		0.30613441		
2.31		0.30592972		
2.315		0.30572559		
2.32		0.30552201		
2.325		0.30531898		
2.33		0.30511651		
2.335		0.30491458		
2.34		0.30471319		
2.345		0.30451235		
2.35		0.30431205		
2.355		0.30411228		
2.36		0.30391304		
2.365		0.30371434		
2.37		0.30351617		
2.375		0.30331852		
2.38		0.3031214		
2.385		0.3029248		
2.39		0.30272872		
2.395		0.30253315		
2.4		0.3023381		
2.405		0.30214357		
2.41		0.30194954		
2.415		0.30175602		
2.42		0.301563		
2.425		0.30137048		
2.43		0.30117847		
2.435		0.30098696		
2.44		0.30079593		
2.445		0.30060541		
2.45		0.30041537		
2.455		0.30022582		
2.46		0.30003676		
2.465		0.29984819		
2.47		0.2996601		
2.475		0.29947248		
2.48		0.29928535		
2.485		0.29909869		
2.49		0.2989125		
2.495		0.29872679		
2.5		0.29854154		
2.505		0.29835676		
2.51		0.29817245		
2.515		0.2979886		
2.52		0.29780521		
2.525		0.29762228		
2.53		0.29743981		
2.535		0.29725779		
2.54		0.29707623		
2.545		0.29689511		
2.55		0.29671445		
2.555		0.29653423		
2.56		0.29635446		
2.565		0.29617513		
2.57		0.29599624		
2.575		0.29581779		
2.58		0.29563978		
2.585		0.2954622		
2.59		0.29528506		
2.595		0.29510835		
2.6		0.29493207		
2.605		0.29475622		
2.61		0.29458079		
2.615		0.29440579		
2.62		0.29423121		
2.625		0.29405705		
2.63		0.29388331		
2.635		0.29370999		
2.64		0.29353708		
2.645		0.29336459		
2.65		0.29319251		
2.655		0.29302083		
2.66		0.29284957		
2.665		0.29267872		
2.67		0.29250826		
2.675		0.29233822		
2.68		0.29216857		
2.685		0.29199932		
2.69		0.29183048		
2.695		0.29166202		
2.7		0.29149397		
2.705		0.29132631		
2.71		0.29115903		
2.715		0.29099215		
2.72		0.29082566		
2.725		0.29065956		
2.73		0.29049384		
2.735		0.2903285		
2.74		0.29016354		
2.745		0.28999897		
2.75		0.28983478		
2.755		0.28967096		
2.76		0.28950752		
2.765		0.28934445		
2.77		0.28918176		
2.775		0.28901944		
2.78		0.28885748		
2.785		0.2886959		
2.79		0.28853468		
2.795		0.28837383		
2.8		0.28821335		
2.805		0.28805322		
2.81		0.28789346		
2.815		0.28773406		
2.82		0.28757501		
2.825		0.28741632		
2.83		0.28725799		
2.835		0.28710001		
2.84		0.28694238		
2.845		0.28678511		
2.85		0.28662819		
2.855		0.28647161		
2.86		0.28631538		
2.865		0.2861595		
2.87		0.28600396		
2.875		0.28584876		
2.88		0.28569391		
2.885		0.28553939		
2.89		0.28538522		
2.895		0.28523138		
2.9		0.28507788		
2.905		0.28492472		
2.91		0.28477189		
2.915		0.28461939		
2.92		0.28446722		
2.925		0.28431538		
2.93		0.28416388		
2.935		0.2840127		
2.94		0.28386184		
2.945		0.28371131		
2.95		0.28356111		
2.955		0.28341122		
2.96		0.28326166		
2.965		0.28311242		
2.97		0.2829635		
2.975		0.2828149		
2.98		0.28266661		
2.985		0.28251864		
2.99		0.28237098		
2.995		0.28222363		
3		0.2820766		
3.005		0.28192988		
3.01		0.28178346		
3.015		0.28163736		
3.02		0.28149156		
3.025		0.28134607		
3.03		0.28120088		
3.035		0.281056		
3.04		0.28091142		
3.045		0.28076714		
3.05		0.28062316		
3.055		0.28047949		
3.06		0.28033611		
3.065		0.28019302		
3.07		0.28005024		
3.075		0.27990775		
3.08		0.27976555		
3.085		0.27962364		
3.09		0.27948203		
3.095		0.27934071		
3.1		0.27919967		
3.105		0.27905893		
3.11		0.27891847		
3.115		0.2787783		
3.12		0.27863842		
3.125		0.27849882		
3.13		0.27835951		
3.135		0.27822047		
3.14		0.27808172		
3.145		0.27794325		
3.15		0.27780506		
3.155		0.27766714		
3.16		0.27752951		
3.165		0.27739215		
3.17		0.27725506		
3.175		0.27711825		
3.18		0.27698172		
3.185		0.27684545		
3.19		0.27670946		
3.195		0.27657374		
3.2		0.27643829		
3.205		0.27630311		
3.21		0.2761682		
3.215		0.27603355		
3.22		0.27589917		
3.225		0.27576505		
3.23		0.2756312		
3.235		0.27549761		
3.24		0.27536428		
3.245		0.27523122		
3.25		0.27509841		
3.255		0.27496587		
3.26		0.27483358		
3.265		0.27470156		
3.27		0.27456978		
3.275		0.27443827		
3.28		0.27430701		
3.285		0.274176		
3.29		0.27404525		
3.295		0.27391475		
3.3		0.2737845		
3.305		0.27365451		
3.31		0.27352476		
3.315		0.27339526		
3.32		0.27326601		
3.325		0.27313701		
3.33		0.27300826		
3.335		0.27287975		
3.34		0.27275148		
3.345		0.27262346		
3.35		0.27249569		
3.355		0.27236815		
3.36		0.27224086		
3.365		0.27211381		
3.37		0.271987		
3.375		0.27186043		
3.38		0.27173409		
3.385		0.271608		
3.39		0.27148214		
3.395		0.27135652		
3.4		0.27123113		
3.405		0.27110598		
3.41		0.27098106		
3.415		0.27085638		
3.42		0.27073192		
3.425		0.2706077		
3.43		0.27048371		
3.435		0.27035995		
3.44		0.27023642		
3.445		0.27011312		
3.45		0.26999004		
3.455		0.26986719		
3.46		0.26974457		
3.465		0.26962218		
3.47		0.2695		
3.475		0.26937806		
3.48		0.26925633		
3.485		0.26913483		
3.49		0.26901355		
3.495		0.2688925		
3.5		0.26877166		
3.505		0.26865104		
3.51		0.26853064		
3.515		0.26841046		
3.52		0.2682905		
3.525		0.26817076		
3.53		0.26805123		
3.535		0.26793192		
3.54		0.26781282		
3.545		0.26769394		
3.55		0.26757527		
3.555		0.26745681		
3.56		0.26733856		
3.565		0.26722053		
3.57		0.26710271		
3.575		0.2669851		
3.58		0.26686769		
3.585		0.2667505		
3.59		0.26663352		
3.595		0.26651674		
3.6		0.26640017		
3.605		0.2662838		
3.61		0.26616765		
3.615		0.26605169		
3.62		0.26593594		
3.625		0.2658204		
3.63		0.26570506		
3.635		0.26558992		
3.64		0.26547498		
3.645		0.26536024		
3.65		0.26524571		
3.655		0.26513137		
3.66		0.26501724		
3.665		0.2649033		
3.67		0.26478956		
3.675		0.26467602		
3.68		0.26456267		
3.685		0.26444953		
3.69		0.26433657		
3.695		0.26422382		
3.7		0.26411125		
3.705		0.26399889		
3.71		0.26388671		
3.715		0.26377473		
3.72		0.26366294		
3.725		0.26355134		
3.73		0.26343994		
3.735		0.26332872		
3.74		0.26321769		
3.745		0.26310686		
3.75		0.26299621		
3.755		0.26288575		
3.76		0.26277547		
3.765		0.26266539		
3.77		0.26255549		
3.775		0.26244578		
3.78		0.26233625		
3.785		0.26222691		
3.79		0.26211775		
3.795		0.26200878		
3.8		0.26189999		
3.805		0.26179138		
3.81		0.26168295		
3.815		0.26157471		
3.82		0.26146665		
3.825		0.26135876		
3.83		0.26125106		
3.835		0.26114354		
3.84		0.26103619		
3.845		0.26092903		
3.85		0.26082204		
3.855		0.26071523		
3.86		0.2606086		
3.865		0.26050214		
3.87		0.26039586		
3.875		0.26028975		
3.88		0.26018382		
3.885		0.26007807		
3.89		0.25997248		
3.895		0.25986708		
3.9		0.25976184		
3.905		0.25965677		
3.91		0.25955188		
3.915		0.25944716		
3.92		0.25934261		
3.925		0.25923823		
3.93		0.25913402		
3.935		0.25902998		
3.94		0.25892611		
3.945		0.25882241		
3.95		0.25871887		
3.955		0.25861551		
3.96		0.25851231		
3.965		0.25840927		
3.97		0.2583064		
3.975		0.2582037		
3.98		0.25810117		
3.985		0.25799879		
3.99		0.25789658		
3.995		0.25779454		
4		0.25769266		
4.005		0.25759094		
4.01		0.25748938		
4.015		0.25738799		
4.02		0.25728676		
4.025		0.25718568		
4.03		0.25708477		
4.035		0.25698402		
4.04		0.25688343		
4.045		0.256783		
4.05		0.25668272		
4.055		0.25658261		
4.06		0.25648265		
4.065		0.25638285		
4.07		0.25628321		
4.075		0.25618372		
4.08		0.25608439		
4.085		0.25598522		
4.09		0.2558862		
4.095		0.25578733		
4.1		0.25568862		
4.105		0.25559007		
4.11		0.25549166		
4.115		0.25539341		
4.12		0.25529532		
4.125		0.25519737		
4.13		0.25509958		
4.135		0.25500194		
4.14		0.25490445		
4.145		0.25480711		
4.15		0.25470992		
4.155		0.25461288		
4.16		0.25451599		
4.165		0.25441925		
4.17		0.25432266		
4.175		0.25422621		
4.18		0.25412992		
4.185		0.25403377		
4.19		0.25393777		
4.195		0.25384191		
4.2		0.2537462		
4.205		0.25365064		
4.21		0.25355522		
4.215		0.25345995		
4.22		0.25336482		
4.225		0.25326984		
4.23		0.253175		
4.235		0.2530803		
4.24		0.25298575		
4.245		0.25289134		
4.25		0.25279707		
4.255		0.25270295		
4.26		0.25260896		
4.265		0.25251512		
4.27		0.25242142		
4.275		0.25232786		
4.28		0.25223444		
4.285		0.25214115		
4.29		0.25204801		
4.295		0.25195501		
4.3		0.25186214		
4.305		0.25176942		
4.31		0.25167683		
4.315		0.25158438		
4.32		0.25149207		
4.325		0.25139989		
4.33		0.25130785		
4.335		0.25121595		
4.34		0.25112418		
4.345		0.25103254		
4.35		0.25094105		
4.355		0.25084968		
4.36		0.25075846		
4.365		0.25066736		
4.37		0.2505764		
4.375		0.25048557		
4.38		0.25039488		
4.385		0.25030432		
4.39		0.25021389		
4.395		0.25012359		
4.4		0.25003343		
4.405		0.24994339		
4.41		0.24985349		
4.415		0.24976372		
4.42		0.24967407		
4.425		0.24958456		
4.43		0.24949518		
4.435		0.24940593		
4.44		0.2493168		
4.445		0.24922781		
4.45		0.24913894		
4.455		0.2490502		
4.46		0.24896159		
4.465		0.2488731		
4.47		0.24878475		
4.475		0.24869652		
4.48		0.24860841		
4.485		0.24852043		
4.49		0.24843258		
4.495		0.24834486		
4.5		0.24825725		
4.505		0.24816978		
4.51		0.24808242		
4.515		0.2479952		
4.52		0.24790809		
4.525		0.24782111		
4.53		0.24773425		
4.535		0.24764752		
4.54		0.24756091		
4.545		0.24747442		
4.55		0.24738805		
4.555		0.24730181		
4.56		0.24721568		
4.565		0.24712968		
4.57		0.2470438		
4.575		0.24695804		
4.58		0.24687239		
4.585		0.24678687		
4.59		0.24670147		
4.595		0.24661619		
4.6		0.24653103		
4.605		0.24644598		
4.61		0.24636106		
4.615		0.24627625		
4.62		0.24619156		
4.625		0.24610699		
4.63		0.24602253		
4.635		0.24593819		
4.64		0.24585397		
4.645		0.24576987		
4.65		0.24568588		
4.655		0.24560201		
4.66		0.24551825		
4.665		0.24543461		
4.67		0.24535108		
4.675		0.24526767		
4.68		0.24518437		
4.685		0.24510119		
4.69		0.24501812		
4.695		0.24493517		
4.7		0.24485232		
4.705		0.2447696		
4.71		0.24468698		
4.715		0.24460448		
4.72		0.24452209		
4.725		0.24443981		
4.73		0.24435764		
4.735		0.24427558		
4.74		0.24419364		
4.745		0.24411181		
4.75		0.24403008		
4.755		0.24394847		
4.76		0.24386697		
4.765		0.24378558		
4.77		0.2437043		
4.775		0.24362312		
4.78		0.24354206		
4.785		0.24346111		
4.79		0.24338026		
4.795		0.24329952		
4.8		0.24321889		
4.805		0.24313837		
4.81		0.24305796		
4.815		0.24297765		
4.82		0.24289745		
4.825		0.24281736		
4.83		0.24273737		
4.835		0.24265749		
4.84		0.24257772		
4.845		0.24249805		
4.85		0.24241849		
4.855		0.24233904		
4.86		0.24225968		
4.865		0.24218044		
4.87		0.2421013		
4.875		0.24202226		
4.88		0.24194333		
4.885		0.2418645		
4.89		0.24178577		
4.895		0.24170715		
4.9		0.24162863		
4.905		0.24155021		
4.91		0.2414719		
4.915		0.24139369		
4.92		0.24131558		
4.925		0.24123758		
4.93		0.24115967		
4.935		0.24108187		
4.94		0.24100417		
4.945		0.24092657		
4.95		0.24084907		
4.955		0.24077167		
4.96		0.24069437		
4.965		0.24061717		
4.97		0.24054007		
4.975		0.24046307		
4.98		0.24038617		
4.985		0.24030937		
4.99		0.24023267		
4.995		0.24015607		
5		0.24007957		
5.005		0.24000316		
5.01		0.23992686		
5.015		0.23985065		
5.02		0.23977454		
5.025		0.23969852		
5.03		0.23962261		
5.035		0.23954679		
5.04		0.23947106		
5.045		0.23939544		
5.05		0.23931991		
5.055		0.23924447		
5.06		0.23916914		
5.065		0.2390939		
5.07		0.23901875		
5.075		0.2389437		
5.08		0.23886874		
5.085		0.23879388		
5.09		0.23871912		
5.095		0.23864444		
5.1		0.23856987		
5.105		0.23849538		
5.11		0.23842099		
5.115		0.2383467		
5.12		0.2382725		
5.125		0.23819839		
5.13		0.23812437		
5.135		0.23805045		
5.14		0.23797662		
5.145		0.23790288		
5.15		0.23782923		
5.155		0.23775568		
5.16		0.23768222		
5.165		0.23760885		
5.17		0.23753557		
5.175		0.23746238		
5.18		0.23738928		
5.185		0.23731627		
5.19		0.23724336		
5.195		0.23717053		
5.2		0.2370978		
5.205		0.23702515		
5.21		0.2369526		
5.215		0.23688013		
5.22		0.23680776		
5.225		0.23673547		
5.23		0.23666327		
5.235		0.23659116		
5.24		0.23651914		
5.245		0.23644721		
5.25		0.23637537		
5.255		0.23630361		
5.26		0.23623195		
5.265		0.23616037		
5.27		0.23608887		
5.275		0.23601747		
5.28		0.23594615		
5.285		0.23587492		
5.29		0.23580378		
5.295		0.23573272		
5.3		0.23566175		
5.305		0.23559086		
5.31		0.23552006		
5.315		0.23544935		
5.32		0.23537872		
5.325		0.23530818		
5.33		0.23523773		
5.335		0.23516736		
5.34		0.23509707		
5.345		0.23502687		
5.35		0.23495675		
5.355		0.23488672		
5.36		0.23481677		
5.365		0.2347469		
5.37		0.23467712		
5.375		0.23460743		
5.38		0.23453781		
5.385		0.23446828		
5.39		0.23439884		
5.395		0.23432947		
5.4		0.23426019		
5.405		0.23419099		
5.41		0.23412188		
5.415		0.23405285		
5.42		0.23398389		
5.425		0.23391502		
5.43		0.23384624		
5.435		0.23377753		
5.44		0.23370891		
5.445		0.23364036		
5.45		0.2335719		
5.455		0.23350352		
5.46		0.23343522		
5.465		0.233367		
5.47		0.23329886		
5.475		0.2332308		
5.48		0.23316282		
5.485		0.23309492		
5.49		0.2330271		
5.495		0.23295936		
5.5		0.2328917		
5.505		0.23282412		
5.51		0.23275662		
5.515		0.2326892		
5.52		0.23262185		
5.525		0.23255459		
5.53		0.2324874		
5.535		0.23242029		
5.54		0.23235326		
5.545		0.23228631		
5.55		0.23221943		
5.555		0.23215264		
5.56		0.23208592		
5.565		0.23201927		
5.57		0.23195271		
5.575		0.23188622		
5.58		0.23181981		
5.585		0.23175348		
5.59		0.23168722		
5.595		0.23162104		
5.6		0.23155493		
5.605		0.2314889		
5.61		0.23142295		
5.615		0.23135707		
5.62		0.23129127		
5.625		0.23122554		
5.63		0.23115989		
5.635		0.23109432		
5.64		0.23102882		
5.645		0.23096339		
5.65		0.23089804		
5.655		0.23083276		
5.66		0.23076756		
5.665		0.23070243		
5.67		0.23063738		
5.675		0.2305724		
5.68		0.23050749		
5.685		0.23044266		
5.69		0.2303779		
5.695		0.23031322		
5.7		0.23024861		
5.705		0.23018407		
5.71		0.2301196		
5.715		0.23005521		
5.72		0.22999089		
5.725		0.22992664		
5.73		0.22986247		
5.735		0.22979836		
5.74		0.22973433		
5.745		0.22967037		
5.75		0.22960649		
5.755		0.22954267		
5.76		0.22947893		
5.765		0.22941525		
5.77		0.22935165		
5.775		0.22928812		
5.78		0.22922466		
5.785		0.22916128		
5.79		0.22909796		
5.795		0.22903471		
5.8		0.22897153		
5.805		0.22890843		
5.81		0.22884539		
5.815		0.22878243		
5.82		0.22871953		
5.825		0.2286567		
5.83		0.22859394		
5.835		0.22853126		
5.84		0.22846864		
5.845		0.22840609		
5.85		0.22834361		
5.855		0.2282812		
5.86		0.22821886		
5.865		0.22815658		
5.87		0.22809438		
5.875		0.22803224		
5.88		0.22797017		
5.885		0.22790817		
5.89		0.22784624		
5.895		0.22778438		
5.9		0.22772258		
5.905		0.22766085		
5.91		0.22759919		
5.915		0.22753759		
5.92		0.22747607		
5.925		0.22741461		
5.93		0.22735321		
5.935		0.22729189		
5.94		0.22723063		
5.945		0.22716944		
5.95		0.22710831		
5.955		0.22704725		
5.96		0.22698626		
5.965		0.22692533		
5.97		0.22686447		
5.975		0.22680367		
5.98		0.22674294		
5.985		0.22668228		
5.99		0.22662168		
5.995		0.22656114		
6		0.22650067		
6.005		0.22644027		
6.01		0.22637993		
6.015		0.22631966		
6.02		0.22625945		
6.025		0.2261993		
6.03		0.22613922		
6.035		0.22607921		
6.04		0.22601926		
6.045		0.22595937		
6.05		0.22589955		
6.055		0.22583979		
6.06		0.22578009		
6.065		0.22572046		
6.07		0.22566089		
6.075		0.22560138		
6.08		0.22554194		
6.085		0.22548256		
6.09		0.22542325		
6.095		0.22536399		
6.1		0.2253048		
6.105		0.22524568		
6.11		0.22518661		
6.115		0.22512761		
6.12		0.22506867		
6.125		0.22500979		
6.13		0.22495098		
6.135		0.22489222		
6.14		0.22483353		
6.145		0.2247749		
6.15		0.22471633		
6.155		0.22465782		
6.16		0.22459938		
6.165		0.22454099		
6.17		0.22448267		
6.175		0.22442441		
6.18		0.22436621		
6.185		0.22430807		
6.19		0.22424999		
6.195		0.22419197		
6.2		0.22413401		
6.205		0.22407611		
6.21		0.22401828		
6.215		0.2239605		
6.22		0.22390278		
6.225		0.22384512		
6.23		0.22378753		
6.235		0.22372999		
6.24		0.22367251		
6.245		0.22361509		
6.25		0.22355773		
6.255		0.22350043		
6.26		0.22344319		
6.265		0.22338601		
6.27		0.22332889		
6.275		0.22327182		
6.28		0.22321482		
6.285		0.22315787		
6.29		0.22310099		
6.295		0.22304416		
6.3		0.22298739		
6.305		0.22293067		
6.31		0.22287402		
6.315		0.22281742		
6.32		0.22276088		
6.325		0.2227044		
6.33		0.22264798		
6.335		0.22259162		
6.34		0.22253531		
6.345		0.22247906		
6.35		0.22242286		
6.355		0.22236673		
6.36		0.22231065		
6.365		0.22225463		
6.37		0.22219866		
6.375		0.22214276		
6.38		0.22208691		
6.385		0.22203111		
6.39		0.22197537		
6.395		0.22191969		
6.4		0.22186407		
6.405		0.2218085		
6.41		0.22175298		
6.415		0.22169753		
6.42		0.22164213		
6.425		0.22158678		
6.43		0.22153149		
6.435		0.22147626		
6.44		0.22142108		
6.445		0.22136595		
6.45		0.22131089		
6.455		0.22125587		
6.46		0.22120092		
6.465		0.22114601		
6.47		0.22109117		
6.475		0.22103637		
6.48		0.22098164		
6.485		0.22092695		
6.49		0.22087232		
6.495		0.22081775		
6.5		0.22076323		
6.505		0.22070876		
6.51		0.22065435		
6.515		0.2206		
6.52		0.22054569		
6.525		0.22049144		
6.53		0.22043725		
6.535		0.2203831		
6.54		0.22032902		
6.545		0.22027498		
6.55		0.220221		
6.555		0.22016707		
6.56		0.2201132		
6.565		0.22005937		
6.57		0.22000561		
6.575		0.21995189		
6.58		0.21989823		
6.585		0.21984462		
6.59		0.21979106		
6.595		0.21973755		
6.6		0.2196841		
6.605		0.2196307		
6.61		0.21957735		
6.615		0.21952406		
6.62		0.21947081		
6.625		0.21941762		
6.63		0.21936448		
6.635		0.2193114		
6.64		0.21925836		
6.645		0.21920538		
6.65		0.21915244		
6.655		0.21909956		
6.66		0.21904673		
6.665		0.21899396		
6.67		0.21894123		
6.675		0.21888855		
6.68		0.21883593		
6.685		0.21878335		
6.69		0.21873083		
6.695		0.21867836		
6.7		0.21862594		
6.705		0.21857357		
6.71		0.21852125		
6.715		0.21846898		
6.72		0.21841676		
6.725		0.21836459		
6.73		0.21831247		
6.735		0.2182604		
6.74		0.21820838		
6.745		0.21815642		
6.75		0.2181045		
6.755		0.21805263		
6.76		0.21800081		
6.765		0.21794904		
6.77		0.21789732		
6.775		0.21784565		
6.78		0.21779403		
6.785		0.21774246		
6.79		0.21769093		
6.795		0.21763946		
6.8		0.21758804		
6.805		0.21753666		
6.81		0.21748533		
6.815		0.21743406		
6.82		0.21738283		
6.825		0.21733165		
6.83		0.21728052		
6.835		0.21722943		
6.84		0.2171784		
6.845		0.21712741		
6.85		0.21707647		
6.855		0.21702558		
6.86		0.21697474		
6.865		0.21692395		
6.87		0.2168732		
6.875		0.2168225		
6.88		0.21677185		
6.885		0.21672125		
6.89		0.21667069		
6.895		0.21662018		
6.9		0.21656972		
6.905		0.21651931		
6.91		0.21646894		
6.915		0.21641863		
6.92		0.21636835		
6.925		0.21631813		
6.93		0.21626795		
6.935		0.21621782		
6.94		0.21616774		
6.945		0.2161177		
6.95		0.21606771		
6.955		0.21601777		
6.96		0.21596787		
6.965		0.21591802		
6.97		0.21586822		
6.975		0.21581846		
6.98		0.21576875		
6.985		0.21571908		
6.99		0.21566946		
6.995		0.21561989		
7		0.21557036		
7.005		0.21552088		
7.01		0.21547144		
7.015		0.21542205		
7.02		0.21537271		
7.025		0.21532341		
7.03		0.21527415		
7.035		0.21522494		
7.04		0.21517578		
7.045		0.21512666		
7.05		0.21507759		
7.055		0.21502856		
7.06		0.21497958		
7.065		0.21493064		
7.07		0.21488175		
7.075		0.2148329		
7.08		0.2147841		
7.085		0.21473534		
7.09		0.21468663		
7.095		0.21463796		
7.1		0.21458933		
7.105		0.21454075		
7.11		0.21449222		
7.115		0.21444373		
7.12		0.21439528		
7.125		0.21434687		
7.13		0.21429851		
7.135		0.2142502		
7.14		0.21420193		
7.145		0.2141537		
7.15		0.21410551		
7.155		0.21405737		
7.16		0.21400928		
7.165		0.21396122		
7.17		0.21391321		
7.175		0.21386525		
7.18		0.21381732		
7.185		0.21376944		
7.19		0.21372161		
7.195		0.21367381		
7.2		0.21362606		
7.205		0.21357836		
7.21		0.21353069		
7.215		0.21348307		
7.22		0.21343549		
7.225		0.21338795		
7.23		0.21334046		
7.235		0.21329301		
7.24		0.2132456		
7.245		0.21319824		
7.25		0.21315091		
7.255		0.21310363		
7.26		0.21305639		
7.265		0.21300919		
7.27		0.21296204		
7.275		0.21291493		
7.28		0.21286786		
7.285		0.21282083		
7.29		0.21277384		
7.295		0.2127269		
7.3		0.21267999		
7.305		0.21263313		
7.31		0.21258631		
7.315		0.21253953		
7.32		0.21249279		
7.325		0.2124461		
7.33		0.21239944		
7.335		0.21235283		
7.34		0.21230626		
7.345		0.21225973		
7.35		0.21221324		
7.355		0.21216679		
7.36		0.21212038		
7.365		0.21207402		
7.37		0.21202769		
7.375		0.2119814		
7.38		0.21193516		
7.385		0.21188896		
7.39		0.21184279		
7.395		0.21179667		
7.4		0.21175059		
7.405		0.21170455		
7.41		0.21165854		
7.415		0.21161258		
7.42		0.21156666		
7.425		0.21152078		
7.43		0.21147494		
7.435		0.21142914		
7.44		0.21138338		
7.445		0.21133766		
7.45		0.21129198		
7.455		0.21124633		
7.46		0.21120073		
7.465		0.21115517		
7.47		0.21110965		
7.475		0.21106417		
7.48		0.21101872		
7.485		0.21097332		
7.49		0.21092795		
7.495		0.21088263		
7.5		0.21083734		
7.505		0.21079209		
7.51		0.21074689		
7.515		0.21070172		
7.52		0.21065659		
7.525		0.2106115		
7.53		0.21056644		
7.535		0.21052143		
7.54		0.21047646		
7.545		0.21043152		
7.55		0.21038662		
7.555		0.21034177		
7.56		0.21029695		
7.565		0.21025216		
7.57		0.21020742		
7.575		0.21016272		
7.58		0.21011805		
7.585		0.21007342		
7.59		0.21002883		
7.595		0.20998428		
7.6		0.20993977		
7.605		0.20989529		
7.61		0.20985085		
7.615		0.20980645		
7.62		0.20976209		
7.625		0.20971777		
7.63		0.20967348		
7.635		0.20962923		
7.64		0.20958502		
7.645		0.20954085		
7.65		0.20949671		
7.655		0.20945261		
7.66		0.20940855		
7.665		0.20936452		
7.67		0.20932054		
7.675		0.20927659		
7.68		0.20923268		
7.685		0.2091888		
7.69		0.20914496		
7.695		0.20910116		
7.7		0.2090574		
7.705		0.20901367		
7.71		0.20896998		
7.715		0.20892632		
7.72		0.20888271		
7.725		0.20883913		
7.73		0.20879558		
7.735		0.20875208		
7.74		0.2087086		
7.745		0.20866517		
7.75		0.20862177		
7.755		0.20857841		
7.76		0.20853509		
7.765		0.2084918		
7.77		0.20844854		
7.775		0.20840533		
7.78		0.20836215		
7.785		0.208319		
7.79		0.20827589		
7.795		0.20823282		
7.8		0.20818978		
7.805		0.20814678		
7.81		0.20810382		
7.815		0.20806089		
7.82		0.208018		
7.825		0.20797514		
7.83		0.20793231		
7.835		0.20788953		
7.84		0.20784678		
7.845		0.20780406		
7.85		0.20776138		
7.855		0.20771873		
7.86		0.20767612		
7.865		0.20763355		
7.87		0.20759101		
7.875		0.2075485		
7.88		0.20750603		
7.885		0.2074636		
7.89		0.2074212		
7.895		0.20737883		
7.9		0.2073365		
7.905		0.20729421		
7.91		0.20725195		
7.915		0.20720972		
7.92		0.20716753		
7.925		0.20712537		
7.93		0.20708325		
7.935		0.20704116		
7.94		0.20699911		
7.945		0.20695709		
7.95		0.20691511		
7.955		0.20687316		
7.96		0.20683124		
7.965		0.20678936		
7.97		0.20674751		
7.975		0.2067057		
7.98		0.20666392		
7.985		0.20662218		
7.99		0.20658046		
7.995		0.20653879		
8		0.20649714		
8.005		0.20645553		
8.01		0.20641396		
8.015		0.20637241		
8.02		0.20633091		
8.025		0.20628943		
8.03		0.20624799		
8.035		0.20620658		
8.04		0.20616521		
8.045		0.20612387		
8.05		0.20608256		
8.055		0.20604128		
8.06		0.20600004		
8.065		0.20595884		
8.07		0.20591766		
8.075		0.20587652		
8.08		0.20583541		
8.085		0.20579434		
8.09		0.20575329		
8.095		0.20571229		
8.1		0.20567131		
8.105		0.20563037		
8.11		0.20558945		
8.115		0.20554858		
8.12		0.20550773		
8.125		0.20546692		
8.13		0.20542614		
8.135		0.20538539		
8.14		0.20534468		
8.145		0.205304		
8.15		0.20526335		
8.155		0.20522273		
8.16		0.20518214		
8.165		0.20514159		
8.17		0.20510107		
8.175		0.20506058		
8.18		0.20502013		
8.185		0.2049797		
8.19		0.20493931		
8.195		0.20489895		
8.2		0.20485862		
8.205		0.20481833		
8.21		0.20477806		
8.215		0.20473783		
8.22		0.20469763		
8.225		0.20465746		
8.23		0.20461733		
8.235		0.20457722		
8.24		0.20453715		
8.245		0.20449711		
8.25		0.2044571		
8.255		0.20441712		
8.26		0.20437717		
8.265		0.20433726		
8.27		0.20429737		
8.275		0.20425752		
8.28		0.2042177		
8.285		0.20417791		
8.29		0.20413815		
8.295		0.20409842		
8.3		0.20405872		
8.305		0.20401906		
8.31		0.20397942		
8.315		0.20393982		
8.32		0.20390025		
8.325		0.2038607		
8.33		0.20382119		
8.335		0.20378171		
8.34		0.20374226		
8.345		0.20370284		
8.35		0.20366346		
8.355		0.2036241		
8.36		0.20358477		
8.365		0.20354548		
8.37		0.20350621		
8.375		0.20346698		
8.38		0.20342777		
8.385		0.2033886		
8.39		0.20334945		
8.395		0.20331034		
8.4		0.20327126		
8.405		0.2032322		
8.41		0.20319318		
8.415		0.20315419		
8.42		0.20311523		
8.425		0.2030763		
8.43		0.20303739		
8.435		0.20299852		
8.44		0.20295968		
8.445		0.20292087		
8.45		0.20288208		
8.455		0.20284333		
8.46		0.20280461		
8.465		0.20276592		
8.47		0.20272725		
8.475		0.20268862		
8.48		0.20265001		
8.485		0.20261144		
8.49		0.2025729		
8.495		0.20253438		
8.5		0.20249589		
8.505		0.20245744		
8.51		0.20241901		
8.515		0.20238061		
8.52		0.20234225		
8.525		0.20230391		
8.53		0.2022656		
8.535		0.20222732		
8.54		0.20218906		
8.545		0.20215084		
8.55		0.20211265		
8.555		0.20207448		
8.56		0.20203635		
8.565		0.20199824		
8.57		0.20196017		
8.575		0.20192212		
8.58		0.2018841		
8.585		0.20184611		
8.59		0.20180815		
8.595		0.20177021		
8.6		0.20173231		
8.605		0.20169443		
8.61		0.20165659		
8.615		0.20161877		
8.62		0.20158098		
8.625		0.20154322		
8.63		0.20150548		
8.635		0.20146778		
8.64		0.2014301		
8.645		0.20139246		
8.65		0.20135484		
8.655		0.20131724		
8.66		0.20127968		
8.665		0.20124215		
8.67		0.20120464		
8.675		0.20116716		
8.68		0.20112971		
8.685		0.20109229		
8.69		0.2010549		
8.695		0.20101753		
8.7		0.20098019		
8.705		0.20094288		
8.71		0.2009056		
8.715		0.20086834		
8.72		0.20083112		
8.725		0.20079392		
8.73		0.20075675		
8.735		0.2007196		
8.74		0.20068249		
8.745		0.2006454		
8.75		0.20060834		
8.755		0.20057131		
8.76		0.2005343		
8.765		0.20049732		
8.77		0.20046037		
8.775		0.20042345		
8.78		0.20038655		
8.785		0.20034968		
8.79		0.20031284		
8.795		0.20027603		
8.8		0.20023924		
8.805		0.20020248		
8.81		0.20016575		
8.815		0.20012905		
8.82		0.20009237		
8.825		0.20005572		
8.83		0.20001909		
8.835		0.1999825		
8.84		0.19994593		
8.845		0.19990938		
8.85		0.19987287		
8.855		0.19983638		
8.86		0.19979991		
8.865		0.19976348		
8.87		0.19972707		
8.875		0.19969069		
8.88		0.19965433		
8.885		0.199618		
8.89		0.1995817		
8.895		0.19954542		
8.9		0.19950917		
8.905		0.19947295		
8.91		0.19943676		
8.915		0.19940059		
8.92		0.19936444		
8.925		0.19932833		
8.93		0.19929223		
8.935		0.19925617		
8.94		0.19922013		
8.945		0.19918412		
8.95		0.19914813		
8.955		0.19911217		
8.96		0.19907624		
8.965		0.19904033		
8.97		0.19900445		
8.975		0.1989686		
8.98		0.19893277		
8.985		0.19889696		
8.99		0.19886119		
8.995		0.19882544		
9		0.19878971		
9.005		0.19875401		
9.01		0.19871834		
9.015		0.19868269		
9.02		0.19864707		
9.025		0.19861147		
9.03		0.1985759		
9.035		0.19854035		
9.04		0.19850483		
9.045		0.19846934		
9.05		0.19843387		
9.055		0.19839843		
9.06		0.19836301		
9.065		0.19832762		
9.07		0.19829225		
9.075		0.19825691		
9.08		0.19822159		
9.085		0.1981863		
9.09		0.19815104		
9.095		0.1981158		
9.1		0.19808058		
9.105		0.19804539		
9.11		0.19801023		
9.115		0.19797509		
9.12		0.19793997		
9.125		0.19790488		
9.13		0.19786982		
9.135		0.19783478		
9.14		0.19779977		
9.145		0.19776478		
9.15		0.19772981		
9.155		0.19769487		
9.16		0.19765996		
9.165		0.19762507		
9.17		0.1975902		
9.175		0.19755536		
9.18		0.19752055		
9.185		0.19748576		
9.19		0.19745099		
9.195		0.19741625		
9.2		0.19738153		
9.205		0.19734684		
9.21		0.19731217		
9.215		0.19727753		
9.22		0.19724291		
9.225		0.19720832		
9.23		0.19717375		
9.235		0.1971392		
9.24		0.19710468		
9.245		0.19707018		
9.25		0.19703571		
9.255		0.19700126		
9.26		0.19696684		
9.265		0.19693244		
9.27		0.19689806		
9.275		0.19686371		
9.28		0.19682938		
9.285		0.19679508		
9.29		0.1967608		
9.295		0.19672654		
9.3		0.19669231		
9.305		0.19665811		
9.31		0.19662392		
9.315		0.19658976		
9.32		0.19655563		
9.325		0.19652152		
9.33		0.19648743		
9.335		0.19645336		
9.34		0.19641932		
9.345		0.19638531		
9.35		0.19635131		
9.355		0.19631734		
9.36		0.1962834		
9.365		0.19624948		
9.37		0.19621558		
9.375		0.1961817		
9.38		0.19614785		
9.385		0.19611402		
9.39		0.19608022		
9.395		0.19604644		
9.4		0.19601268		
9.405		0.19597895		
9.41		0.19594524		
9.415		0.19591155		
9.42		0.19587789		
9.425		0.19584425		
9.43		0.19581063		
9.435		0.19577703		
9.44		0.19574346		
9.445		0.19570992		
9.45		0.19567639		
9.455		0.19564289		
9.46		0.19560941		
9.465		0.19557595		
9.47		0.19554252		
9.475		0.19550911		
9.48		0.19547573		
9.485		0.19544236		
9.49		0.19540902		
9.495		0.1953757		
9.5		0.19534241		
9.505		0.19530914		
9.51		0.19527589		
9.515		0.19524266		
9.52		0.19520946		
9.525		0.19517628		
9.53		0.19514312		
9.535		0.19510998		
9.54		0.19507687		
9.545		0.19504378		
9.55		0.19501071		
9.555		0.19497767		
9.56		0.19494464		
9.565		0.19491164		
9.57		0.19487867		
9.575		0.19484571		
9.58		0.19481278		
9.585		0.19477987		
9.59		0.19474698		
9.595		0.19471411		
9.6		0.19468127		
9.605		0.19464845		
9.61		0.19461565		
9.615		0.19458288		
9.62		0.19455012		
9.625		0.19451739		
9.63		0.19448468		
9.635		0.19445199		
9.64		0.19441933		
9.645		0.19438668		
9.65		0.19435406		
9.655		0.19432146		
9.66		0.19428888		
9.665		0.19425633		
9.67		0.19422379		
9.675		0.19419128		
9.68		0.19415879		
9.685		0.19412632		
9.69		0.19409388		
9.695		0.19406145		
9.7		0.19402905		
9.705		0.19399667		
9.71		0.19396431		
9.715		0.19393197		
9.72		0.19389966		
9.725		0.19386736		
9.73		0.19383509		
9.735		0.19380284		
9.74		0.19377061		
9.745		0.19373841		
9.75		0.19370622		
9.755		0.19367406		
9.76		0.19364191		
9.765		0.19360979		
9.77		0.19357769		
9.775		0.19354561		
9.78		0.19351356		
9.785		0.19348152		
9.79		0.1934495		
9.795		0.19341751		
9.8		0.19338554		
9.805		0.19335359		
9.81		0.19332166		
9.815		0.19328975		
9.82		0.19325786		
9.825		0.193226		
9.83		0.19319415		
9.835		0.19316233		
9.84		0.19313053		
9.845		0.19309875		
9.85		0.19306699		
9.855		0.19303525		
9.86		0.19300353		
9.865		0.19297183		
9.87		0.19294016		
9.875		0.1929085		
9.88		0.19287687		
9.885		0.19284525		
9.89		0.19281366		
9.895		0.19278209		
9.9		0.19275054		
9.905		0.192719		
9.91		0.1926875		
9.915		0.19265601		
9.92		0.19262454		
9.925		0.19259309		
9.93		0.19256166		
9.935		0.19253026		
9.94		0.19249887		
9.945		0.19246751		
9.95		0.19243616		
9.955		0.19240484		
9.96		0.19237353		
9.965		0.19234225		
9.97		0.19231099		
9.975		0.19227975		
9.98		0.19224853		
9.985		0.19221732		
9.99		0.19218614		
9.995		0.19215498		
10		0.19212384		
10.005		0.19209272		
10.01		0.19206162		
10.015		0.19203054		
10.02		0.19199948		
10.025		0.19196845		
10.03		0.19193743		
10.035		0.19190643		
10.04		0.19187545		
10.045		0.19184449		
10.05		0.19181355		
10.055		0.19178264		
10.06		0.19175174		
10.065		0.19172086		
10.07		0.19169		
10.075		0.19165916		
10.08		0.19162835		
10.085		0.19159755		
10.09		0.19156677		
10.095		0.19153601		
10.1		0.19150527		
10.105		0.19147455		
10.11		0.19144385		
10.115		0.19141318		
10.12		0.19138252		
10.125		0.19135188		
10.13		0.19132126		
10.135		0.19129066		
10.14		0.19126008		
10.145		0.19122952		
10.15		0.19119898		
10.155		0.19116845		
10.16		0.19113795		
10.165		0.19110747		
10.17		0.19107701		
10.175		0.19104656		
10.18		0.19101614		
10.185		0.19098574		
10.19		0.19095535		
10.195		0.19092499		
10.2		0.19089464		
10.205		0.19086431		
10.21		0.19083401		
10.215		0.19080372		
10.22		0.19077345		
10.225		0.1907432		
10.23		0.19071297		
10.235		0.19068276		
10.24		0.19065257		
10.245		0.1906224		
10.25		0.19059225		
10.255		0.19056211		
10.26		0.190532		
10.265		0.1905019		
10.27		0.19047183		
10.275		0.19044177		
10.28		0.19041173		
10.285		0.19038171		
10.29		0.19035172		
10.295		0.19032173		
10.3		0.19029177		
10.305		0.19026183		
10.31		0.19023191		
10.315		0.190202		
10.32		0.19017212		
10.325		0.19014225		
10.33		0.1901124		
10.335		0.19008257		
10.34		0.19005276		
10.345		0.19002297		
10.35		0.1899932		
10.355		0.18996344		
10.36		0.18993371		
10.365		0.18990399		
10.37		0.18987429		
10.375		0.18984461		
10.38		0.18981495		
10.385		0.18978531		
10.39		0.18975569		
10.395		0.18972608		
10.4		0.1896965		
10.405		0.18966693		
10.41		0.18963738		
10.415		0.18960785		
10.42		0.18957834		
10.425		0.18954884		
10.43		0.18951937		
10.435		0.18948991		
10.44		0.18946047		
10.445		0.18943105		
10.45		0.18940165		
10.455		0.18937227		
10.46		0.1893429		
10.465		0.18931356		
10.47		0.18928423		
10.475		0.18925492		
10.48		0.18922563		
10.485		0.18919635		
10.49		0.1891671		
10.495		0.18913786		
10.5		0.18910864		
10.505		0.18907944		
10.51		0.18905026		
10.515		0.1890211		
10.52		0.18899195		
10.525		0.18896282		
10.53		0.18893371		
10.535		0.18890462		
10.54		0.18887554		
10.545		0.18884649		
10.55		0.18881745		
10.555		0.18878843		
10.56		0.18875943		
10.565		0.18873044		
10.57		0.18870148		
10.575		0.18867253		
10.58		0.1886436		
10.585		0.18861469		
10.59		0.18858579		
10.595		0.18855691		
10.6		0.18852805		
10.605		0.18849921		
10.61		0.18847039		
10.615		0.18844158		
10.62		0.18841279		
10.625		0.18838402		
10.63		0.18835527		
10.635		0.18832654		
10.64		0.18829782		
10.645		0.18826912		
10.65		0.18824043		
10.655		0.18821177		
10.66		0.18818312		
10.665		0.18815449		
10.67		0.18812588		
10.675		0.18809729		
10.68		0.18806871		
10.685		0.18804015		
10.69		0.18801161		
10.695		0.18798308		
10.7		0.18795457		
10.705		0.18792608		
10.71		0.18789761		
10.715		0.18786915		
10.72		0.18784072		
10.725		0.1878123		
10.73		0.18778389		
10.735		0.18775551		
10.74		0.18772714		
10.745		0.18769879		
10.75		0.18767045		
10.755		0.18764213		
10.76		0.18761383		
10.765		0.18758555		
10.77		0.18755728		
10.775		0.18752904		
10.78		0.1875008		
10.785		0.18747259		
10.79		0.18744439		
10.795		0.18741621		
10.8		0.18738805		
10.805		0.1873599		
10.81		0.18733177		
10.815		0.18730366		
10.82		0.18727557		
10.825		0.18724749		
10.83		0.18721943		
10.835		0.18719138		
10.84		0.18716335		
10.845		0.18713534		
10.85		0.18710735		
10.855		0.18707937		
10.86		0.18705141		
10.865		0.18702347		
10.87		0.18699554		
10.875		0.18696763		
10.88		0.18693974		
10.885		0.18691186		
10.89		0.186884		
10.895		0.18685616		
10.9		0.18682833		
10.905		0.18680053		
10.91		0.18677273		
10.915		0.18674496		
10.92		0.1867172		
10.925		0.18668945		
10.93		0.18666173		
10.935		0.18663402		
10.94		0.18660632		
10.945		0.18657865		
10.95		0.18655099		
10.955		0.18652334		
10.96		0.18649572		
10.965		0.1864681		
10.97		0.18644051		
10.975		0.18641293		
10.98		0.18638537		
10.985		0.18635783		
10.99		0.1863303		
10.995		0.18630278		
11		0.18627529		
11.005		0.18624781		
11.01		0.18622034		
11.015		0.1861929		
11.02		0.18616547		
11.025		0.18613805		
11.03		0.18611065		
11.035		0.18608327		
11.04		0.18605591		
11.045		0.18602856		
11.05		0.18600122		
11.055		0.1859739		
11.06		0.1859466		
11.065		0.18591932		
11.07		0.18589205		
11.075		0.1858648		
11.08		0.18583756		
11.085		0.18581034		
11.09		0.18578313		
11.095		0.18575594		
11.1		0.18572877		
11.105		0.18570161		
11.11		0.18567447		
11.115		0.18564735		
11.12		0.18562024		
11.125		0.18559315		
11.13		0.18556607		
11.135		0.18553901		
11.14		0.18551196		
11.145		0.18548493		
11.15		0.18545792		
11.155		0.18543092		
11.16		0.18540394		
11.165		0.18537697		
11.17		0.18535002		
11.175		0.18532309		
11.18		0.18529617		
11.185		0.18526926		
11.19		0.18524238		
11.195		0.1852155		
11.2		0.18518865		
11.205		0.18516181		
11.21		0.18513498		
11.215		0.18510817		
11.22		0.18508138		
11.225		0.1850546		
11.23		0.18502784		
11.235		0.18500109		
11.24		0.18497436		
11.245		0.18494765		
11.25		0.18492094		
11.255		0.18489426		
11.26		0.18486759		
11.265		0.18484094		
11.27		0.1848143		
11.275		0.18478768		
11.28		0.18476107		
11.285		0.18473448		
11.29		0.1847079		
11.295		0.18468134		
11.3		0.18465479		
11.305		0.18462826		
11.31		0.18460175		
11.315		0.18457525		
11.32		0.18454876		
11.325		0.18452229		
11.33		0.18449584		
11.335		0.1844694		
11.34		0.18444297		
11.345		0.18441657		
11.35		0.18439017		
11.355		0.1843638		
11.36		0.18433743		
11.365		0.18431108		
11.37		0.18428475		
11.375		0.18425843		
11.38		0.18423213		
11.385		0.18420584		
11.39		0.18417957		
11.395		0.18415332		
11.4		0.18412707		
11.405		0.18410085		
11.41		0.18407463		
11.415		0.18404844		
11.42		0.18402226		
11.425		0.18399609		
11.43		0.18396994		
11.435		0.1839438		
11.44		0.18391768		
11.445		0.18389157		
11.45		0.18386548		
11.455		0.1838394		
11.46		0.18381334		
11.465		0.18378729		
11.47		0.18376126		
11.475		0.18373524		
11.48		0.18370924		
11.485		0.18368325		
11.49		0.18365727		
11.495		0.18363132		
11.5		0.18360537		
11.505		0.18357944		
11.51		0.18355353		
11.515		0.18352763		
11.52		0.18350174		
11.525		0.18347587		
11.53		0.18345002		
11.535		0.18342418		
11.54		0.18339835		
11.545		0.18337254		
11.55		0.18334674		
11.555		0.18332096		
11.56		0.18329519		
11.565		0.18326944		
11.57		0.1832437		
11.575		0.18321797		
11.58		0.18319226		
11.585		0.18316657		
11.59		0.18314089		
11.595		0.18311522		
11.6		0.18308957		
11.605		0.18306393		
11.61		0.18303831		
11.615		0.1830127		
11.62		0.1829871		
11.625		0.18296152		
11.63		0.18293596		
11.635		0.18291041		
11.64		0.18288487		
11.645		0.18285935		
11.65		0.18283384		
11.655		0.18280835		
11.66		0.18278287		
11.665		0.1827574		
11.67		0.18273195		
11.675		0.18270651		
11.68		0.18268109		
11.685		0.18265568		
11.69		0.18263029		
11.695		0.18260491		
11.7		0.18257954		
11.705		0.18255419		
11.71		0.18252885		
11.715		0.18250353		
11.72		0.18247822		
11.725		0.18245293		
11.73		0.18242765		
11.735		0.18240238		
11.74		0.18237713		
11.745		0.18235189		
11.75		0.18232666		
11.755		0.18230145		
11.76		0.18227626		
11.765		0.18225107		
11.77		0.1822259		
11.775		0.18220075		
11.78		0.18217561		
11.785		0.18215048		
11.79		0.18212537		
11.795		0.18210027		
11.8		0.18207519		
11.805		0.18205012		
11.81		0.18202506		
11.815		0.18200001		
11.82		0.18197499		
11.825		0.18194997		
11.83		0.18192497		
11.835		0.18189998		
11.84		0.18187501		
11.845		0.18185005		
11.85		0.1818251		
11.855		0.18180017		
11.86		0.18177525		
11.865		0.18175034		
11.87		0.18172545		
11.875		0.18170057		
11.88		0.18167571		
11.885		0.18165086		
11.89		0.18162602		
11.895		0.1816012		
11.9		0.18157639		
11.905		0.18155159		
11.91		0.18152681		
11.915		0.18150204		
11.92		0.18147729		
11.925		0.18145255		
11.93		0.18142782		
11.935		0.1814031		
11.94		0.1813784		
11.945		0.18135371		
11.95		0.18132904		
11.955		0.18130438		
11.96		0.18127973		
11.965		0.1812551		
11.97		0.18123048		
11.975		0.18120587		
11.98		0.18118128		
11.985		0.1811567		
11.99		0.18113214		
11.995		0.18110758		
12		0.18108304		
12.005		0.18105852		
12.01		0.181034		
12.015		0.1810095		
12.02		0.18098502		
12.025		0.18096055		
12.03		0.18093609		
12.035		0.18091164		
12.04		0.18088721		
12.045		0.18086279		
12.05		0.18083838		
12.055		0.18081399		
12.06		0.18078961		
12.065		0.18076524		
12.07		0.18074089		
12.075		0.18071655		
12.08		0.18069222		
12.085		0.18066791		
12.09		0.18064361		
12.095		0.18061932		
12.1		0.18059505		
12.105		0.18057078		
12.11		0.18054654		
12.115		0.1805223		
12.12		0.18049808		
12.125		0.18047387		
12.13		0.18044967		
12.135		0.18042549		
12.14		0.18040132		
12.145		0.18037716		
12.15		0.18035302		
12.155		0.18032889		
12.16		0.18030477		
12.165		0.18028067		
12.17		0.18025658		
12.175		0.1802325		
12.18		0.18020843		
12.185		0.18018438		
12.19		0.18016034		
12.195		0.18013631		
12.2		0.1801123		
12.205		0.18008829		
12.21		0.18006431		
12.215		0.18004033		
12.22		0.18001637		
12.225		0.17999242		
12.23		0.17996848		
12.235		0.17994455		
12.24		0.17992064		
12.245		0.17989674		
12.25		0.17987286		
12.255		0.17984898		
12.26		0.17982512		
12.265		0.17980128		
12.27		0.17977744		
12.275		0.17975362		
12.28		0.17972981		
12.285		0.17970601		
12.29		0.17968223		
12.295		0.17965845		
12.3		0.1796347		
12.305		0.17961095		
12.31		0.17958721		
12.315		0.17956349		
12.32		0.17953978		
12.325		0.17951609		
12.33		0.1794924		
12.335		0.17946873		
12.34		0.17944508		
12.345		0.17942143		
12.35		0.1793978		
12.355		0.17937417		
12.36		0.17935057		
12.365		0.17932697		
12.37		0.17930339		
12.375		0.17927982		
12.38		0.17925626		
12.385		0.17923271		
12.39		0.17920918		
12.395		0.17918566		
12.4		0.17916215		
12.405		0.17913865		
12.41		0.17911517		
12.415		0.1790917		
12.42		0.17906824		
12.425		0.17904479		
12.43		0.17902136		
12.435		0.17899793		
12.44		0.17897452		
12.445		0.17895113		
12.45		0.17892774		
12.455		0.17890437		
12.46		0.17888101		
12.465		0.17885766		
12.47		0.17883432		
12.475		0.178811		
12.48		0.17878769		
12.485		0.17876439		
12.49		0.1787411		
12.495		0.17871782		
12.5		0.17869456		
12.505		0.17867131		
12.51		0.17864807		
12.515		0.17862485		
12.52		0.17860163		
12.525		0.17857843		
12.53		0.17855524		
12.535		0.17853206		
12.54		0.1785089		
12.545		0.17848574		
12.55		0.1784626		
12.555		0.17843947		
12.56		0.17841635		
12.565		0.17839325		
12.57		0.17837015		
12.575		0.17834707		
12.58		0.178324		
12.585		0.17830095		
12.59		0.1782779		
12.595		0.17825487		
12.6		0.17823184		
12.605		0.17820884		
12.61		0.17818584		
12.615		0.17816285		
12.62		0.17813988		
12.625		0.17811692		
12.63		0.17809397		
12.635		0.17807103		
12.64		0.1780481		
12.645		0.17802519		
12.65		0.17800229		
12.655		0.17797939		
12.66		0.17795652		
12.665		0.17793365		
12.67		0.17791079		
12.675		0.17788795		
12.68		0.17786512		
12.685		0.1778423		
12.69		0.17781949		
12.695		0.17779669		
12.7		0.17777391		
12.705		0.17775114		
12.71		0.17772838		
12.715		0.17770563		
12.72		0.17768289		
12.725		0.17766016		
12.73		0.17763745		
12.735		0.17761475		
12.74		0.17759206		
12.745		0.17756938		
12.75		0.17754671		
12.755		0.17752405		
12.76		0.17750141		
12.765		0.17747878		
12.77		0.17745615		
12.775		0.17743355		
12.78		0.17741095		
12.785		0.17738836		
12.79		0.17736579		
12.795		0.17734322		
12.8		0.17732067		
12.805		0.17729813		
12.81		0.1772756		
12.815		0.17725308		
12.82		0.17723058		
12.825		0.17720809		
12.83		0.1771856		
12.835		0.17716313		
12.84		0.17714067		
12.845		0.17711822		
12.85		0.17709579		
12.855		0.17707336		
12.86		0.17705095		
12.865		0.17702854		
12.87		0.17700615		
12.875		0.17698377		
12.88		0.1769614		
12.885		0.17693905		
12.89		0.1769167		
12.895		0.17689437		
12.9		0.17687204		
12.905		0.17684973		
12.91		0.17682743		
12.915		0.17680514		
12.92		0.17678286		
12.925		0.1767606		
12.93		0.17673834		
12.935		0.1767161		
12.94		0.17669387		
12.945		0.17667164		
12.95		0.17664943		
12.955		0.17662723		
12.96		0.17660505		
12.965		0.17658287		
12.97		0.1765607		
12.975		0.17653855		
12.98		0.17651641		
12.985		0.17649428		
12.99		0.17647215		
12.995		0.17645005		
13		0.17642795		
13.005		0.17640586		
13.01		0.17638378		
13.015		0.17636172		
13.02		0.17633966		
13.025		0.17631762		
13.03		0.17629559		
13.035		0.17627357		
13.04		0.17625156		
13.045		0.17622956		
13.05		0.17620757		
13.055		0.1761856		
13.06		0.17616363		
13.065		0.17614168		
13.07		0.17611973		
13.075		0.1760978		
13.08		0.17607588		
13.085		0.17605397		
13.09		0.17603207		
13.095		0.17601018		
13.1		0.1759883		
13.105		0.17596643		
13.11		0.17594458		
13.115		0.17592273		
13.12		0.1759009		
13.125		0.17587907		
13.13		0.17585726		
13.135		0.17583546		
13.14		0.17581367		
13.145		0.17579189		
13.15		0.17577012		
13.155		0.17574836		
13.16		0.17572662		
13.165		0.17570488		
13.17		0.17568315		
13.175		0.17566144		
13.18		0.17563974		
13.185		0.17561804		
13.19		0.17559636		
13.195		0.17557469		
13.2		0.17555303		
13.205		0.17553138		
13.21		0.17550974		
13.215		0.17548811		
13.22		0.17546649		
13.225		0.17544488		
13.23		0.17542329		
13.235		0.1754017		
13.24		0.17538012		
13.245		0.17535856		
13.25		0.17533701		
13.255		0.17531546		
13.26		0.17529393		
13.265		0.17527241		
13.27		0.1752509		
13.275		0.1752294		
13.28		0.17520791		
13.285		0.17518643		
13.29		0.17516496		
13.295		0.1751435		
13.3		0.17512205		
13.305		0.17510061		
13.31		0.17507919		
13.315		0.17505777		
13.32		0.17503636		
13.325		0.17501497		
13.33		0.17499358		
13.335		0.17497221		
13.34		0.17495085		
13.345		0.17492949		
13.35		0.17490815		
13.355		0.17488682		
13.36		0.1748655		
13.365		0.17484418		
13.37		0.17482288		
13.375		0.17480159		
13.38		0.17478031		
13.385		0.17475904		
13.39		0.17473778		
13.395		0.17471654		
13.4		0.1746953		
13.405		0.17467407		
13.41		0.17465285		
13.415		0.17463164		
13.42		0.17461045		
13.425		0.17458926		
13.43		0.17456808		
13.435		0.17454692		
13.44		0.17452576		
13.445		0.17450462		
13.45		0.17448348		
13.455		0.17446236		
13.46		0.17444124		
13.465		0.17442014		
13.47		0.17439904		
13.475		0.17437796		
13.48		0.17435689		
13.485		0.17433582		
13.49		0.17431477		
13.495		0.17429373		
13.5		0.1742727		
13.505		0.17425167		
13.51		0.17423066		
13.515		0.17420966		
13.52		0.17418867		
13.525		0.17416769		
13.53		0.17414671		
13.535		0.17412575		
13.54		0.1741048		
13.545		0.17408386		
13.55		0.17406293		
13.555		0.17404201		
13.56		0.1740211		
13.565		0.1740002		
13.57		0.17397931		
13.575		0.17395843		
13.58		0.17393756		
13.585		0.1739167		
13.59		0.17389585		
13.595		0.173875		
13.6		0.17385417		
13.605		0.17383335		
13.61		0.17381254		
13.615		0.17379174		
13.62		0.17377095		
13.625		0.17375017		
13.63		0.1737294		
13.635		0.17370864		
13.64		0.17368789		
13.645		0.17366715		
13.65		0.17364642		
13.655		0.1736257		
13.66		0.17360499		
13.665		0.17358429		
13.67		0.1735636		
13.675		0.17354292		
13.68		0.17352225		
13.685		0.17350159		
13.69		0.17348094		
13.695		0.1734603		
13.7		0.17343967		
13.705		0.17341904		
13.71		0.17339843		
13.715		0.17337783		
13.72		0.17335724		
13.725		0.17333666		
13.73		0.17331609		
13.735		0.17329552		
13.74		0.17327497		
13.745		0.17325443		
13.75		0.1732339		
13.755		0.17321337		
13.76		0.17319286		
13.765		0.17317236		
13.77		0.17315186		
13.775		0.17313138		
13.78		0.1731109		
13.785		0.17309044		
13.79		0.17306998		
13.795		0.17304954		
13.8		0.1730291		
13.805		0.17300868		
13.81		0.17298826		
13.815		0.17296785		
13.82		0.17294746		
13.825		0.17292707		
13.83		0.17290669		
13.835		0.17288633		
13.84		0.17286597		
13.845		0.17284562		
13.85		0.17282528		
13.855		0.17280495		
13.86		0.17278463		
13.865		0.17276432		
13.87		0.17274402		
13.875		0.17272373		
13.88		0.17270345		
13.885		0.17268318		
13.89		0.17266292		
13.895		0.17264266		
13.9		0.17262242		
13.905		0.17260219		
13.91		0.17258196		
13.915		0.17256175		
13.92		0.17254154		
13.925		0.17252135		
13.93		0.17250116		
13.935		0.17248099		
13.94		0.17246082		
13.945		0.17244066		
13.95		0.17242051		
13.955		0.17240038		
13.96		0.17238025		
13.965		0.17236013		
13.97		0.17234002		
13.975		0.17231992		
13.98		0.17229982		
13.985		0.17227974		
13.99		0.17225967		
13.995		0.17223961		
14		0.17221955		
14.005		0.17219951		
14.01		0.17217947		
14.015		0.17215945		
14.02		0.17213943		
14.025		0.17211943		
14.03		0.17209943		
14.035		0.17207944		
14.04		0.17205946		
14.045		0.17203949		
14.05		0.17201953		
14.055		0.17199958		
14.06		0.17197964		
14.065		0.17195971		
14.07		0.17193978		
14.075		0.17191987		
14.08		0.17189997		
14.085		0.17188007		
14.09		0.17186018		
14.095		0.17184031		
14.1		0.17182044		
14.105		0.17180058		
14.11		0.17178073		
14.115		0.17176089		
14.12		0.17174106		
14.125		0.17172124		
14.13		0.17170143		
14.135		0.17168163		
14.14		0.17166183		
14.145		0.17164205		
14.15		0.17162227		
14.155		0.17160251		
14.16		0.17158275		
14.165		0.171563		
14.17		0.17154326		
14.175		0.17152353		
14.18		0.17150381		
14.185		0.1714841		
14.19		0.1714644		
14.195		0.1714447		
14.2		0.17142502		
14.205		0.17140534		
14.21		0.17138568		
14.215		0.17136602		
14.22		0.17134637		
14.225		0.17132673		
14.23		0.1713071		
14.235		0.17128748		
14.24		0.17126787		
14.245		0.17124827		
14.25		0.17122868		
14.255		0.17120909		
14.26		0.17118952		
14.265		0.17116995		
14.27		0.17115039		
14.275		0.17113084		
14.28		0.1711113		
14.285		0.17109177		
14.29		0.17107225		
14.295		0.17105274		
14.3		0.17103323		
14.305		0.17101374		
14.31		0.17099425		
14.315		0.17097477		
14.32		0.17095531		
14.325		0.17093585		
14.33		0.1709164		
14.335		0.17089696		
14.34		0.17087752		
14.345		0.1708581		
14.35		0.17083868		
14.355		0.17081928		
14.36		0.17079988		
14.365		0.17078049		
14.37		0.17076111		
14.375		0.17074174		
14.38		0.17072238		
14.385		0.17070303		
14.39		0.17068368		
14.395		0.17066435		
14.4		0.17064502		
14.405		0.1706257		
14.41		0.17060639		
14.415		0.17058709		
14.42		0.1705678		
14.425		0.17054852		
14.43		0.17052925		
14.435		0.17050998		
14.44		0.17049072		
14.445		0.17047148		
14.45		0.17045224		
14.455		0.17043301		
14.46		0.17041379		
14.465		0.17039457		
14.47		0.17037537		
14.475		0.17035617		
14.48		0.17033699		
14.485		0.17031781		
14.49		0.17029864		
14.495		0.17027948		
14.5		0.17026033		
14.505		0.17024118		
14.51		0.17022205		
14.515		0.17020292		
14.52		0.17018381		
14.525		0.1701647		
14.53		0.1701456		
14.535		0.17012651		
14.54		0.17010742		
14.545		0.17008835		
14.55		0.17006928		
14.555		0.17005023		
14.56		0.17003118		
14.565		0.17001214		
14.57		0.16999311		
14.575		0.16997408		
14.58		0.16995507		
14.585		0.16993606		
14.59		0.16991707		
14.595		0.16989808		
14.6		0.1698791		
14.605		0.16986013		
14.61		0.16984116		
14.615		0.16982221		
14.62		0.16980326		
14.625		0.16978432		
14.63		0.1697654		
14.635		0.16974647		
14.64		0.16972756		
14.645		0.16970866		
14.65		0.16968976		
14.655		0.16967088		
14.66		0.169652		
14.665		0.16963313		
14.67		0.16961427		
14.675		0.16959541		
14.68		0.16957657		
14.685		0.16955773		
14.69		0.16953891		
14.695		0.16952009		
14.7		0.16950128		
14.705		0.16948247		
14.71		0.16946368		
14.715		0.16944489		
14.72		0.16942612		
14.725		0.16940735		
14.73		0.16938859		
14.735		0.16936983		
14.74		0.16935109		
14.745		0.16933235		
14.75		0.16931363		
14.755		0.16929491		
14.76		0.1692762		
14.765		0.16925749		
14.77		0.1692388		
14.775		0.16922011		
14.78		0.16920144		
14.785		0.16918277		
14.79		0.16916411		
14.795		0.16914545		
14.8		0.16912681		
14.805		0.16910817		
14.81		0.16908954		
14.815		0.16907093		
14.82		0.16905231		
14.825		0.16903371		
14.83		0.16901512		
14.835		0.16899653		
14.84		0.16897795		
14.845		0.16895938		
14.85		0.16894082		
14.855		0.16892226		
14.86		0.16890372		
14.865		0.16888518		
14.87		0.16886665		
14.875		0.16884813		
14.88		0.16882962		
14.885		0.16881111		
14.89		0.16879262		
14.895		0.16877413		
14.9		0.16875565		
14.905		0.16873717		
14.91		0.16871871		
14.915		0.16870025		
14.92		0.16868181		
14.925		0.16866337		
14.93		0.16864493		
14.935		0.16862651		
14.94		0.16860809		
14.945		0.16858969		
14.95		0.16857129		
14.955		0.1685529		
14.96		0.16853451		
14.965		0.16851614		
14.97		0.16849777		
14.975		0.16847941		
14.98		0.16846106		
14.985		0.16844272		
14.99		0.16842438		
14.995		0.16840605		
15		0.16838774		
15.005		0.16836942		
15.01		0.16835112		
15.015		0.16833283		
15.02		0.16831454		
15.025		0.16829626		
15.03		0.16827799		
15.035		0.16825973		
15.04		0.16824147		
15.045		0.16822322		
15.05		0.16820498		
15.055		0.16818675		
15.06		0.16816853		
15.065		0.16815031		
15.07		0.16813211		
15.075		0.16811391		
15.08		0.16809572		
15.085		0.16807753		
15.09		0.16805936		
15.095		0.16804119		
15.1		0.16802303		
15.105		0.16800488		
15.11		0.16798673		
15.115		0.1679686		
15.12		0.16795047		
15.125		0.16793235		
15.13		0.16791423		
15.135		0.16789613		
15.14		0.16787803		
15.145		0.16785994		
15.15		0.16784186		
15.155		0.16782379		
15.16		0.16780572		
15.165		0.16778766		
15.17		0.16776961		
15.175		0.16775157		
15.18		0.16773354		
15.185		0.16771551		
15.19		0.16769749		
15.195		0.16767948		
15.2		0.16766148		
15.205		0.16764348		
15.21		0.16762549		
15.215		0.16760751		
15.22		0.16758954		
15.225		0.16757158		
15.23		0.16755362		
15.235		0.16753567		
15.24		0.16751773		
15.245		0.16749979		
15.25		0.16748187		
15.255		0.16746395		
15.26		0.16744604		
15.265		0.16742814		
15.27		0.16741024		
15.275		0.16739235		
15.28		0.16737447		
15.285		0.1673566		
15.29		0.16733874		
15.295		0.16732088		
15.3		0.16730303		
15.305		0.16728519		
15.31		0.16726736		
15.315		0.16724953		
15.32		0.16723171		
15.325		0.1672139		
15.33		0.1671961		
15.335		0.1671783		
15.34		0.16716051		
15.345		0.16714273		
15.35		0.16712496		
15.355		0.16710719		
15.36		0.16708944		
15.365		0.16707169		
15.37		0.16705394		
15.375		0.16703621		
15.38		0.16701848		
15.385		0.16700076		
15.39		0.16698305		
15.395		0.16696534		
15.4		0.16694765		
15.405		0.16692996		
15.41		0.16691227		
15.415		0.1668946		
15.42		0.16687693		
15.425		0.16685927		
15.43		0.16684162		
15.435		0.16682398		
15.44		0.16680634		
15.445		0.16678871		
15.45		0.16677109		
15.455		0.16675347		
15.46		0.16673586		
15.465		0.16671826		
15.47		0.16670067		
15.475		0.16668309		
15.48		0.16666551		
15.485		0.16664794		
15.49		0.16663038		
15.495		0.16661282		
15.5		0.16659528		
15.505		0.16657774		
15.51		0.1665602		
15.515		0.16654268		
15.52		0.16652516		
15.525		0.16650765		
15.53		0.16649015		
15.535		0.16647265		
15.54		0.16645516		
15.545		0.16643768		
15.55		0.16642021		
15.555		0.16640274		
15.56		0.16638528		
15.565		0.16636783		
15.57		0.16635039		
15.575		0.16633295		
15.58		0.16631552		
15.585		0.1662981		
15.59		0.16628068		
15.595		0.16626328		
15.6		0.16624588		
15.605		0.16622848		
15.61		0.1662111		
15.615		0.16619372		
15.62		0.16617635		
15.625		0.16615898		
15.63		0.16614163		
15.635		0.16612428		
15.64		0.16610694		
15.645		0.1660896		
15.65		0.16607228		
15.655		0.16605496		
15.66		0.16603764		
15.665		0.16602034		
15.67		0.16600304		
15.675		0.16598575		
15.68		0.16596847		
15.685		0.16595119		
15.69		0.16593392		
15.695		0.16591666		
15.7		0.1658994		
15.705		0.16588216		
15.71		0.16586491		
15.715		0.16584768		
15.72		0.16583046		
15.725		0.16581324		
15.73		0.16579603		
15.735		0.16577882		
15.74		0.16576162		
15.745		0.16574443		
15.75		0.16572725		
15.755		0.16571007		
15.76		0.16569291		
15.765		0.16567574		
15.77		0.16565859		
15.775		0.16564144		
15.78		0.1656243		
15.785		0.16560717		
15.79		0.16559004		
15.795		0.16557293		
15.8		0.16555581		
15.805		0.16553871		
15.81		0.16552161		
15.815		0.16550452		
15.82		0.16548744		
15.825		0.16547036		
15.83		0.16545329		
15.835		0.16543623		
15.84		0.16541918		
15.845		0.16540213		
15.85		0.16538509		
15.855		0.16536805		
15.86		0.16535103		
15.865		0.16533401		
15.87		0.16531699		
15.875		0.16529999		
15.88		0.16528299		
15.885		0.165266		
15.89		0.16524901		
15.895		0.16523204		
15.9		0.16521507		
15.905		0.1651981		
15.91		0.16518115		
15.915		0.1651642		
15.92		0.16514725		
15.925		0.16513032		
15.93		0.16511339		
15.935		0.16509647		
15.94		0.16507955		
15.945		0.16506265		
15.95		0.16504575		
15.955		0.16502885		
15.96		0.16501197		
15.965		0.16499509		
15.97		0.16497821		
15.975		0.16496135		
15.98		0.16494449		
15.985		0.16492764		
15.99		0.16491079		
15.995		0.16489395		
16		0.16487712		
16.005		0.1648603		
16.01		0.16484348		
16.015		0.16482667		
16.02		0.16480986		
16.025		0.16479307		
16.03		0.16477628		
16.035		0.16475949		
16.04		0.16474272		
16.045		0.16472595		
16.05		0.16470919		
16.055		0.16469243		
16.06		0.16467568		
16.065		0.16465894		
16.07		0.1646422		
16.075		0.16462548		
16.08		0.16460875		
16.085		0.16459204		
16.09		0.16457533		
16.095		0.16455863		
16.1		0.16454194		
16.105		0.16452525		
16.11		0.16450857		
16.115		0.16449189		
16.12		0.16447523		
16.125		0.16445857		
16.13		0.16444191		
16.135		0.16442527		
16.14		0.16440863		
16.145		0.16439199		
16.15		0.16437537		
16.155		0.16435875		
16.16		0.16434214		
16.165		0.16432553		
16.17		0.16430893		
16.175		0.16429234		
16.18		0.16427575		
16.185		0.16425917		
16.19		0.1642426		
16.195		0.16422603		
16.2		0.16420947		
16.205		0.16419292		
16.21		0.16417638		
16.215		0.16415984		
16.22		0.1641433		
16.225		0.16412678		
16.23		0.16411026		
16.235		0.16409375		
16.24		0.16407724		
16.245		0.16406074		
16.25		0.16404425		
16.255		0.16402777		
16.26		0.16401129		
16.265		0.16399481		
16.27		0.16397835		
16.275		0.16396189		
16.28		0.16394544		
16.285		0.16392899		
16.29		0.16391255		
16.295		0.16389612		
16.3		0.16387969		
16.305		0.16386328		
16.31		0.16384686		
16.315		0.16383046		
16.32		0.16381406		
16.325		0.16379766		
16.33		0.16378128		
16.335		0.1637649		
16.34		0.16374853		
16.345		0.16373216		
16.35		0.1637158		
16.355		0.16369945		
16.36		0.1636831		
16.365		0.16366676		
16.37		0.16365043		
16.375		0.1636341		
16.38		0.16361778		
16.385		0.16360146		
16.39		0.16358516		
16.395		0.16356886		
16.4		0.16355256		
16.405		0.16353627		
16.41		0.16351999		
16.415		0.16350372		
16.42		0.16348745		
16.425		0.16347119		
16.43		0.16345493		
16.435		0.16343868		
16.44		0.16342244		
16.445		0.1634062		
16.45		0.16338997		
16.455		0.16337375		
16.46		0.16335753		
16.465		0.16334132		
16.47		0.16332512		
16.475		0.16330892		
16.48		0.16329273		
16.485		0.16327655		
16.49		0.16326037		
16.495		0.1632442		
16.5		0.16322804		
16.505		0.16321188		
16.51		0.16319572		
16.515		0.16317958		
16.52		0.16316344		
16.525		0.16314731		
16.53		0.16313118		
16.535		0.16311506		
16.54		0.16309895		
16.545		0.16308284		
16.55		0.16306674		
16.555		0.16305064		
16.56		0.16303456		
16.565		0.16301848		
16.57		0.1630024		
16.575		0.16298633		
16.58		0.16297027		
16.585		0.16295421		
16.59		0.16293816		
16.595		0.16292212		
16.6		0.16290608		
16.605		0.16289005		
16.61		0.16287403		
16.615		0.16285801		
16.62		0.162842		
16.625		0.16282599		
16.63		0.16280999		
16.635		0.162794		
16.64		0.16277801		
16.645		0.16276203		
16.65		0.16274606		
16.655		0.16273009		
16.66		0.16271413		
16.665		0.16269818		
16.67		0.16268223		
16.675		0.16266628		
16.68		0.16265035		
16.685		0.16263442		
16.69		0.16261849		
16.695		0.16260258		
16.7		0.16258667		
16.705		0.16257076		
16.71		0.16255486		
16.715		0.16253897		
16.72		0.16252308		
16.725		0.1625072		
16.73		0.16249133		
16.735		0.16247546		
16.74		0.1624596		
16.745		0.16244375		
16.75		0.1624279		
16.755		0.16241206		
16.76		0.16239622		
16.765		0.16238039		
16.77		0.16236456		
16.775		0.16234875		
16.78		0.16233294		
16.785		0.16231713		
16.79		0.16230133		
16.795		0.16228554		
16.8		0.16226975		
16.805		0.16225397		
16.81		0.1622382		
16.815		0.16222243		
16.82		0.16220667		
16.825		0.16219091		
16.83		0.16217516		
16.835		0.16215942		
16.84		0.16214368		
16.845		0.16212795		
16.85		0.16211222		
16.855		0.1620965		
16.86		0.16208079		
16.865		0.16206508		
16.87		0.16204938		
16.875		0.16203369		
16.88		0.162018		
16.885		0.16200232		
16.89		0.16198664		
16.895		0.16197097		
16.9		0.1619553		
16.905		0.16193965		
16.91		0.16192399		
16.915		0.16190835		
16.92		0.16189271		
16.925		0.16187707		
16.93		0.16186145		
16.935		0.16184582		
16.94		0.16183021		
16.945		0.1618146		
16.95		0.161799		
16.955		0.1617834		
16.96		0.16176781		
16.965		0.16175222		
16.97		0.16173664		
16.975		0.16172107		
16.98		0.1617055		
16.985		0.16168994		
16.99		0.16167438		
16.995		0.16165884		
17		0.16164329		
17.005		0.16162775		
17.01		0.16161222		
17.015		0.1615967		
17.02		0.16158118		
17.025		0.16156567		
17.03		0.16155016		
17.035		0.16153466		
17.04		0.16151916		
17.045		0.16150367		
17.05		0.16148819		
17.055		0.16147271		
17.06		0.16145724		
17.065		0.16144177		
17.07		0.16142631		
17.075		0.16141086		
17.08		0.16139541		
17.085		0.16137997		
17.09		0.16136453		
17.095		0.1613491		
17.1		0.16133368		
17.105		0.16131826		
17.11		0.16130285		
17.115		0.16128744		
17.12		0.16127204		
17.125		0.16125665		
17.13		0.16124126		
17.135		0.16122588		
17.14		0.1612105		
17.145		0.16119513		
17.15		0.16117977		
17.155		0.16116441		
17.16		0.16114905		
17.165		0.16113371		
17.17		0.16111836		
17.175		0.16110303		
17.18		0.1610877		
17.185		0.16107238		
17.19		0.16105706		
17.195		0.16104175		
17.2		0.16102644		
17.205		0.16101114		
17.21		0.16099584		
17.215		0.16098055		
17.22		0.16096527		
17.225		0.16094999		
17.23		0.16093472		
17.235		0.16091946		
17.24		0.1609042		
17.245		0.16088894		
17.25		0.1608737		
17.255		0.16085845		
17.26		0.16084322		
17.265		0.16082799		
17.27		0.16081276		
17.275		0.16079754		
17.28		0.16078233		
17.285		0.16076712		
17.29		0.16075192		
17.295		0.16073672		
17.3		0.16072153		
17.305		0.16070635		
17.31		0.16069117		
17.315		0.160676		
17.32		0.16066083		
17.325		0.16064567		
17.33		0.16063051		
17.335		0.16061536		
17.34		0.16060022		
17.345		0.16058508		
17.35		0.16056995		
17.355		0.16055482		
17.36		0.1605397		
17.365		0.16052459		
17.37		0.16050948		
17.375		0.16049437		
17.38		0.16047927		
17.385		0.16046418		
17.39		0.16044909		
17.395		0.16043401		
17.4		0.16041894		
17.405		0.16040387		
17.41		0.1603888		
17.415		0.16037374		
17.42		0.16035869		
17.425		0.16034364		
17.43		0.1603286		
17.435		0.16031357		
17.44		0.16029854		
17.445		0.16028351		
17.45		0.16026849		
17.455		0.16025348		
17.46		0.16023847		
17.465		0.16022347		
17.47		0.16020847		
17.475		0.16019348		
17.48		0.1601785		
17.485		0.16016352		
17.49		0.16014855		
17.495		0.16013358		
17.5		0.16011861		
17.505		0.16010366		
17.51		0.16008871		
17.515		0.16007376		
17.52		0.16005882		
17.525		0.16004389		
17.53		0.16002896		
17.535		0.16001403		
17.54		0.15999912		
17.545		0.1599842		
17.55		0.1599693		
17.555		0.1599544		
17.56		0.1599395		
17.565		0.15992461		
17.57		0.15990973		
17.575		0.15989485		
17.58		0.15987998		
17.585		0.15986511		
17.59		0.15985025		
17.595		0.15983539		
17.6		0.15982054		
17.605		0.15980569		
17.61		0.15979085		
17.615		0.15977602		
17.62		0.15976119		
17.625		0.15974637		
17.63		0.15973155		
17.635		0.15971674		
17.64		0.15970193		
17.645		0.15968713		
17.65		0.15967233		
17.655		0.15965754		
17.66		0.15964276		
17.665		0.15962798		
17.67		0.15961321		
17.675		0.15959844		
17.68		0.15958368		
17.685		0.15956892		
17.69		0.15955417		
17.695		0.15953942		
17.7		0.15952468		
17.705		0.15950995		
17.71		0.15949522		
17.715		0.15948049		
17.72		0.15946577		
17.725		0.15945106		
17.73		0.15943635		
17.735		0.15942165		
17.74		0.15940695		
17.745		0.15939226		
17.75		0.15937757		
17.755		0.15936289		
17.76		0.15934822		
17.765		0.15933355		
17.77		0.15931888		
17.775		0.15930422		
17.78		0.15928957		
17.785		0.15927492		
17.79		0.15926028		
17.795		0.15924564		
17.8		0.15923101		
17.805		0.15921638		
17.81		0.15920176		
17.815		0.15918715		
17.82		0.15917254		
17.825		0.15915793		
17.83		0.15914333		
17.835		0.15912874		
17.84		0.15911415		
17.845		0.15909957		
17.85		0.15908499		
17.855		0.15907041		
17.86		0.15905585		
17.865		0.15904129		
17.87		0.15902673		
17.875		0.15901218		
17.88		0.15899763		
17.885		0.15898309		
17.89		0.15896856		
17.895		0.15895403		
17.9		0.1589395		
17.905		0.15892498		
17.91		0.15891047		
17.915		0.15889596		
17.92		0.15888146		
17.925		0.15886696		
17.93		0.15885246		
17.935		0.15883798		
17.94		0.1588235		
17.945		0.15880902		
17.95		0.15879455		
17.955		0.15878008		
17.96		0.15876562		
17.965		0.15875116		
17.97		0.15873671		
17.975		0.15872227		
17.98		0.15870783		
17.985		0.15869339		
17.99		0.15867897		
17.995		0.15866454		
18		0.15865012		
18.005		0.15863571		
18.01		0.1586213		
18.015		0.1586069		
18.02		0.1585925		
18.025		0.15857811		
18.03		0.15856372		
18.035		0.15854934		
18.04		0.15853496		
18.045		0.15852059		
18.05		0.15850623		
18.055		0.15849186		
18.06		0.15847751		
18.065		0.15846316		
18.07		0.15844881		
18.075		0.15843447		
18.08		0.15842014		
18.085		0.15840581		
18.09		0.15839148		
18.095		0.15837716		
18.1		0.15836285		
18.105		0.15834854		
18.11		0.15833424		
18.115		0.15831994		
18.12		0.15830565		
18.125		0.15829136		
18.13		0.15827708		
18.135		0.1582628		
18.14		0.15824852		
18.145		0.15823426		
18.15		0.15822		
18.155		0.15820574		
18.16		0.15819149		
18.165		0.15817724		
18.17		0.158163		
18.175		0.15814876		
18.18		0.15813453		
18.185		0.1581203		
18.19		0.15810608		
18.195		0.15809187		
18.2		0.15807766		
18.205		0.15806345		
18.21		0.15804925		
18.215		0.15803505		
18.22		0.15802086		
18.225		0.15800668		
18.23		0.1579925		
18.235		0.15797832		
18.24		0.15796415		
18.245		0.15794999		
18.25		0.15793583		
18.255		0.15792168		
18.26		0.15790753		
18.265		0.15789338		
18.27		0.15787924		
18.275		0.15786511		
18.28		0.15785098		
18.285		0.15783686		
18.29		0.15782274		
18.295		0.15780862		
18.3		0.15779451		
18.305		0.15778041		
18.31		0.15776631		
18.315		0.15775222		
18.32		0.15773813		
18.325		0.15772405		
18.33		0.15770997		
18.335		0.15769589		
18.34		0.15768183		
18.345		0.15766776		
18.35		0.1576537		
18.355		0.15763965		
18.36		0.1576256		
18.365		0.15761156		
18.37		0.15759752		
18.375		0.15758349		
18.38		0.15756946		
18.385		0.15755544		
18.39		0.15754142		
18.395		0.15752741		
18.4		0.1575134		
18.405		0.1574994		
18.41		0.1574854		
18.415		0.1574714		
18.42		0.15745742		
18.425		0.15744343		
18.43		0.15742946		
18.435		0.15741548		
18.44		0.15740151		
18.445		0.15738755		
18.45		0.15737359		
18.455		0.15735964		
18.46		0.15734569		
18.465		0.15733175		
18.47		0.15731781		
18.475		0.15730388		
18.48		0.15728995		
18.485		0.15727602		
18.49		0.15726211		
18.495		0.15724819		
18.5		0.15723428		
18.505		0.15722038		
18.51		0.15720648		
18.515		0.15719259		
18.52		0.1571787		
18.525		0.15716482		
18.53		0.15715094		
18.535		0.15713706		
18.54		0.15712319		
18.545		0.15710933		
18.55		0.15709547		
18.555		0.15708162		
18.56		0.15706777		
18.565		0.15705392		
18.57		0.15704008		
18.575		0.15702625		
18.58		0.15701242		
18.585		0.15699859		
18.59		0.15698477		
18.595		0.15697096		
18.6		0.15695715		
18.605		0.15694334		
18.61		0.15692954		
18.615		0.15691574		
18.62		0.15690195		
18.625		0.15688817		
18.63		0.15687439		
18.635		0.15686061		
18.64		0.15684684		
18.645		0.15683307		
18.65		0.15681931		
18.655		0.15680555		
18.66		0.1567918		
18.665		0.15677805		
18.67		0.15676431		
18.675		0.15675057		
18.68		0.15673684		
18.685		0.15672311		
18.69		0.15670939		
18.695		0.15669567		
18.7		0.15668196		
18.705		0.15666825		
18.71		0.15665455		
18.715		0.15664085		
18.72		0.15662715		
18.725		0.15661347		
18.73		0.15659978		
18.735		0.1565861		
18.74		0.15657243		
18.745		0.15655876		
18.75		0.15654509		
18.755		0.15653143		
18.76		0.15651778		
18.765		0.15650412		
18.77		0.15649048		
18.775		0.15647684		
18.78		0.1564632		
18.785		0.15644957		
18.79		0.15643594		
18.795		0.15642232		
18.8		0.1564087		
18.805		0.15639509		
18.81		0.15638148		
18.815		0.15636788		
18.82		0.15635428		
18.825		0.15634069		
18.83		0.1563271		
18.835		0.15631351		
18.84		0.15629993		
18.845		0.15628636		
18.85		0.15627279		
18.855		0.15625922		
18.86		0.15624566		
18.865		0.15623211		
18.87		0.15621856		
18.875		0.15620501		
18.88		0.15619147		
18.885		0.15617793		
18.89		0.1561644		
18.895		0.15615087		
18.9		0.15613735		
18.905		0.15612383		
18.91		0.15611032		
18.915		0.15609681		
18.92		0.1560833		
18.925		0.1560698		
18.93		0.15605631		
18.935		0.15604282		
18.94		0.15602933		
18.945		0.15601585		
18.95		0.15600238		
18.955		0.15598891		
18.96		0.15597544		
18.965		0.15596198		
18.97		0.15594852		
18.975		0.15593507		
18.98		0.15592162		
18.985		0.15590818		
18.99		0.15589474		
18.995		0.1558813		
19		0.15586788		
19.005		0.15585445		
19.01		0.15584103		
19.015		0.15582762		
19.02		0.1558142		
19.025		0.1558008		
19.03		0.1557874		
19.035		0.155774		
19.04		0.15576061		
19.045		0.15574722		
19.05		0.15573384		
19.055		0.15572046		
19.06		0.15570709		
19.065		0.15569372		
19.07		0.15568035		
19.075		0.15566699		
19.08		0.15565364		
19.085		0.15564029		
19.09		0.15562694		
19.095		0.1556136		
19.1		0.15560026		
19.105		0.15558693		
19.11		0.1555736		
19.115		0.15556028		
19.12		0.15554696		
19.125		0.15553365		
19.13		0.15552034		
19.135		0.15550703		
19.14		0.15549373		
19.145		0.15548044		
19.15		0.15546714		
19.155		0.15545386		
19.16		0.15544058		
19.165		0.1554273		
19.17		0.15541403		
19.175		0.15540076		
19.18		0.15538749		
19.185		0.15537423		
19.19		0.15536098		
19.195		0.15534773		
19.2		0.15533448		
19.205		0.15532124		
19.21		0.15530801		
19.215		0.15529477		
19.22		0.15528155		
19.225		0.15526832		
19.23		0.15525511		
19.235		0.15524189		
19.24		0.15522868		
19.245		0.15521548		
19.25		0.15520228		
19.255		0.15518908		
19.26		0.15517589		
19.265		0.1551627		
19.27		0.15514952		
19.275		0.15513634		
19.28		0.15512317		
19.285		0.15511		
19.29		0.15509684		
19.295		0.15508368		
19.3		0.15507052		
19.305		0.15505737		
19.31		0.15504422		
19.315		0.15503108		
19.32		0.15501794		
19.325		0.15500481		
19.33		0.15499168		
19.335		0.15497856		
19.34		0.15496544		
19.345		0.15495232		
19.35		0.15493921		
19.355		0.15492611		
19.36		0.154913		
19.365		0.15489991		
19.37		0.15488681		
19.375		0.15487372		
19.38		0.15486064		
19.385		0.15484756		
19.39		0.15483449		
19.395		0.15482142		
19.4		0.15480835		
19.405		0.15479529		
19.41		0.15478223		
19.415		0.15476918		
19.42		0.15475613		
19.425		0.15474308		
19.43		0.15473004		
19.435		0.15471701		
19.44		0.15470398		
19.445		0.15469095		
19.45		0.15467793		
19.455		0.15466491		
19.46		0.1546519		
19.465		0.15463889		
19.47		0.15462588		
19.475		0.15461288		
19.48		0.15459989		
19.485		0.1545869		
19.49		0.15457391		
19.495		0.15456093		
19.5		0.15454795		
19.505		0.15453498		
19.51		0.15452201		
19.515		0.15450904		
19.52		0.15449608		
19.525		0.15448312		
19.53		0.15447017		
19.535		0.15445722		
19.54		0.15444428		
19.545		0.15443134		
19.55		0.15441841		
19.555		0.15440548		
19.56		0.15439255		
19.565		0.15437963		
19.57		0.15436671		
19.575		0.1543538		
19.58		0.15434089		
19.585		0.15432799		
19.59		0.15431509		
19.595		0.15430219		
19.6		0.1542893		
19.605		0.15427641		
19.61		0.15426353		
19.615		0.15425065		
19.62		0.15423778		
19.625		0.15422491		
19.63		0.15421204		
19.635		0.15419918		
19.64		0.15418633		
19.645		0.15417347		
19.65		0.15416063		
19.655		0.15414778		
19.66		0.15413494		
19.665		0.15412211		
19.67		0.15410928		
19.675		0.15409645		
19.68		0.15408363		
19.685		0.15407081		
19.69		0.154058		
19.695		0.15404519		
19.7		0.15403238		
19.705		0.15401958		
19.71		0.15400678		
19.715		0.15399399		
19.72		0.1539812		
19.725		0.15396842		
19.73		0.15395564		
19.735		0.15394286		
19.74		0.15393009		
19.745		0.15391733		
19.75		0.15390456		
19.755		0.1538918		
19.76		0.15387905		
19.765		0.1538663		
19.77		0.15385356		
19.775		0.15384081		
19.78		0.15382808		
19.785		0.15381534		
19.79		0.15380262		
19.795		0.15378989		
19.8		0.15377717		
19.805		0.15376446		
19.81		0.15375174		
19.815		0.15373904		
19.82		0.15372633		
19.825		0.15371363		
19.83		0.15370094		
19.835		0.15368825		
19.84		0.15367556		
19.845		0.15366288		
19.85		0.1536502		
19.855		0.15363753		
19.86		0.15362486		
19.865		0.15361219		
19.87		0.15359953		
19.875		0.15358687		
19.88		0.15357422		
19.885		0.15356157		
19.89		0.15354893		
19.895		0.15353629		
19.9		0.15352365		
19.905		0.15351102		
19.91		0.15349839		
19.915		0.15348577		
19.92		0.15347315		
19.925		0.15346053		
19.93		0.15344792		
19.935		0.15343532		
19.94		0.15342271		
19.945		0.15341011		
19.95		0.15339752		
19.955		0.15338493		
19.96		0.15337234		
19.965		0.15335976		
19.97		0.15334718		
19.975		0.15333461		
19.98		0.15332204		
19.985		0.15330947		
19.99		0.15329691		
19.995		0.15328436		
20		0.1532718		
20.005		0.15325925		
20.01		0.15324671		
20.015		0.15323417		
20.02		0.15322163		
20.025		0.1532091		
20.03		0.15319657		
20.035		0.15318405		
20.04		0.15317153		
20.045		0.15315901		
20.05		0.1531465		
20.055		0.15313399		
20.06		0.15312149		
20.065		0.15310899		
20.07		0.15309649		
20.075		0.153084		
20.08		0.15307151		
20.085		0.15305903		
20.09		0.15304655		
20.095		0.15303407		
20.1		0.1530216		
20.105		0.15300914		
20.11		0.15299667		
20.115		0.15298422		
20.12		0.15297176		
20.125		0.15295931		
20.13		0.15294686		
20.135		0.15293442		
20.14		0.15292198		
20.145		0.15290955		
20.15		0.15289712		
20.155		0.15288469		
20.16		0.15287227		
20.165		0.15285985		
20.17		0.15284744		
20.175		0.15283503		
20.18		0.15282262		
20.185		0.15281022		
20.19		0.15279782		
20.195		0.15278543		
20.2		0.15277304		
20.205		0.15276065		
20.21		0.15274827		
20.215		0.15273589		
20.22		0.15272352		
20.225		0.15271115		
20.23		0.15269878		
20.235		0.15268642		
20.24		0.15267406		
20.245		0.15266171		
20.25		0.15264936		
20.255		0.15263702		
20.26		0.15262467		
20.265		0.15261234		
20.27		0.1526		
20.275		0.15258767		
20.28		0.15257535		
20.285		0.15256303		
20.29		0.15255071		
20.295		0.1525384		
20.3		0.15252609		
20.305		0.15251378		
20.31		0.15250148		
20.315		0.15248918		
20.32		0.15247689		
20.325		0.1524646		
20.33		0.15245231		
20.335		0.15244003		
20.34		0.15242775		
20.345		0.15241548		
20.35		0.15240321		
20.355		0.15239094		
20.36		0.15237868		
20.365		0.15236642		
20.37		0.15235417		
20.375		0.15234192		
20.38		0.15232967		
20.385		0.15231743		
20.39		0.15230519		
20.395		0.15229296		
20.4		0.15228073		
20.405		0.1522685		
20.41		0.15225628		
20.415		0.15224406		
20.42		0.15223185		
20.425		0.15221964		
20.43		0.15220743		
20.435		0.15219523		
20.44		0.15218303		
20.445		0.15217083		
20.45		0.15215864		
20.455		0.15214646		
20.46		0.15213427		
20.465		0.15212209		
20.47		0.15210992		
20.475		0.15209775		
20.48		0.15208558		
20.485		0.15207342		
20.49		0.15206126		
20.495		0.1520491		
20.5		0.15203695		
20.505		0.1520248		
20.51		0.15201266		
20.515		0.15200052		
20.52		0.15198838		
20.525		0.15197625		
20.53		0.15196412		
20.535		0.151952		
20.54		0.15193988		
20.545		0.15192776		
20.55		0.15191565		
20.555		0.15190354		
20.56		0.15189143		
20.565		0.15187933		
20.57		0.15186723		
20.575		0.15185514		
20.58		0.15184305		
20.585		0.15183097		
20.59		0.15181888		
20.595		0.15180681		
20.6		0.15179473		
20.605		0.15178266		
20.61		0.15177059		
20.615		0.15175853		
20.62		0.15174647		
20.625		0.15173442		
20.63		0.15172237		
20.635		0.15171032		
20.64		0.15169828		
20.645		0.15168624		
20.65		0.1516742		
20.655		0.15166217		
20.66		0.15165014		
20.665		0.15163812		
20.67		0.1516261		
20.675		0.15161408		
20.68		0.15160207		
20.685		0.15159006		
20.69		0.15157805		
20.695		0.15156605		
20.7		0.15155405		
20.705		0.15154206		
20.71		0.15153007		
20.715		0.15151808		
20.72		0.1515061		
20.725		0.15149412		
20.73		0.15148215		
20.735		0.15147018		
20.74		0.15145821		
20.745		0.15144625		
20.75		0.15143429		
20.755		0.15142233		
20.76		0.15141038		
20.765		0.15139843		
20.77		0.15138649		
20.775		0.15137455		
20.78		0.15136261		
20.785		0.15135068		
20.79		0.15133875		
20.795		0.15132682		
20.8		0.1513149		
20.805		0.15130298		
20.81		0.15129107		
20.815		0.15127916		
20.82		0.15126725		
20.825		0.15125535		
20.83		0.15124345		
20.835		0.15123156		
20.84		0.15121967		
20.845		0.15120778		
20.85		0.15119589		
20.855		0.15118401		
20.86		0.15117214		
20.865		0.15116026		
20.87		0.15114839		
20.875		0.15113653		
20.88		0.15112467		
20.885		0.15111281		
20.89		0.15110096		
20.895		0.15108911		
20.9		0.15107726		
20.905		0.15106542		
20.91		0.15105358		
20.915		0.15104174		
20.92		0.15102991		
20.925		0.15101808		
20.93		0.15100626		
20.935		0.15099444		
20.94		0.15098262		
20.945		0.15097081		
20.95		0.150959		
20.955		0.15094719		
20.96		0.15093539		
20.965		0.15092359		
20.97		0.1509118		
20.975		0.15090001		
20.98		0.15088822		
20.985		0.15087644		
20.99		0.15086466		
20.995		0.15085288		
21		0.15084111		
21.005		0.15082934		
21.01		0.15081757		
21.015		0.15080581		
21.02		0.15079406		
21.025		0.1507823		
21.03		0.15077055		
21.035		0.1507588		
21.04		0.15074706		
21.045		0.15073532		
21.05		0.15072359		
21.055		0.15071185		
21.06		0.15070013		
21.065		0.1506884		
21.07		0.15067668		
21.075		0.15066496		
21.08		0.15065325		
21.085		0.15064154		
21.09		0.15062983		
21.095		0.15061813		
21.1		0.15060643		
21.105		0.15059474		
21.11		0.15058304		
21.115		0.15057136		
21.12		0.15055967		
21.125		0.15054799		
21.13		0.15053631		
21.135		0.15052464		
21.14		0.15051297		
21.145		0.1505013		
21.15		0.15048964		
21.155		0.15047798		
21.16		0.15046633		
21.165		0.15045468		
21.17		0.15044303		
21.175		0.15043138		
21.18		0.15041974		
21.185		0.15040811		
21.19		0.15039647		
21.195		0.15038484		
21.2		0.15037321		
21.205		0.15036159		
21.21		0.15034997		
21.215		0.15033836		
21.22		0.15032675		
21.225		0.15031514		
21.23		0.15030353		
21.235		0.15029193		
21.24		0.15028033		
21.245		0.15026874		
21.25		0.15025715		
21.255		0.15024556		
21.26		0.15023398		
21.265		0.1502224		
21.27		0.15021082		
21.275		0.15019925		
21.28		0.15018768		
21.285		0.15017612		
21.29		0.15016455		
21.295		0.150153		
21.3		0.15014144		
21.305		0.15012989		
21.31		0.15011834		
21.315		0.1501068		
21.32		0.15009526		
21.325		0.15008372		
21.33		0.15007219		
21.335		0.15006066		
21.34		0.15004913		
21.345		0.15003761		
21.35		0.15002609		
21.355		0.15001458		
21.36		0.15000306		
21.365		0.14999156		
