0.247529412864693		-3202.74471132106
0.250458001597145		-2949.62108205803
0.253386590329598		-2719.60192405686
0.256315179062051		-2510.29515961654
0.259243767794503		-2319.58520739845
0.262172356526956		-2145.59776904973
0.265100945259409		-1986.66950359914
0.268029533991861		-1841.32185681203
0.270958122724314		-1708.2384304762
0.273886711456767		-1586.24537420824
0.276815300189219		-1474.29436347949
0.279743888921672		-1371.44779512017
0.282672477654125		-1276.86588796814
0.285601066386577		-1189.79542353796
0.28852965511903		-1109.55990118648
0.291458243851482		-1035.55091554188
0.294386832583935		-967.220592013974
0.297315421316388		-904.07493988607
0.30024401004884		-845.668002526237
0.303172598781293		-791.59670124433
0.306101187513746		-741.496283751374
0.309029776246198		-695.036300460883
0.311958364978651		-651.917042344089
0.314886953711104		-611.866382999304
0.317815542443556		-574.636975253459
0.320744131176009		-540.003759177312
0.323672719908461		-507.761744036978
0.326601308640914		-477.724031552293
0.329529897373367		-449.72005201426
0.332458486105819		-423.593988420472
0.335387074838272		-399.203366906232
0.338315663570725		-376.41779444899
0.341244252303177		-355.117827165269
0.34417284103563		-335.19395455221
0.347101429768083		-316.545686793956
0.350030018500535		-299.080733793486
0.352958607232988		-282.71426593259
0.355887195965441		-267.368247736725
0.358815784697893		-252.970836646056
0.361744373430346		-239.45583999276
0.364672962162798		-226.762224072029
0.367601550895251		-214.833669885031
0.370530139627704		-203.618170740538
0.373458728360156		-193.06766743583
0.376387317092609		-183.13771720922
0.379315905825062		-173.787193071784
0.382244494557514		-164.978010493378
0.385173083289967		-156.674878742005
0.38810167202242		-148.845074463617
0.391030260754872		-141.458235342972
0.393958849487325		-134.486171913001
0.396887438219778		-127.902695780032
0.39981602695223		-121.6834627106
0.402744615684683		-115.805829183947
0.405673204417135		-110.248721156381
0.408601793149588		-104.992513908415
0.411530381882041		-100.018921958896
0.414458970614493		-95.3108981306599
0.417387559346946		-90.8525409412977
0.420316148079399		-86.6290095742189
0.423244736811851		-82.6264457558757
0.426173325544304		-78.8319019302759
0.429101914276757		-75.2332751800256
0.432030503009209		-71.8192463939914
0.434959091741662		-68.5792242301929
0.437887680474114		-65.5032934627565
0.440816269206567		-62.5821673407978
0.44374485793902		-59.8071436212405
0.446673446671472		-57.1700639673376
0.449602035403925		-54.6632764334858
0.452530624136378		-52.2796007816599
0.45545921286883		-50.012296397164
0.458387801601283		-47.8550325925415
0.461316390333736		-45.8018611060371
0.464244979066188		-43.8471906193669
0.467173567798641		-41.9857631327978
0.470102156531094		-40.2126320515518
0.473030745263546		-38.5231418482728
0.475959333995999		-36.9129091785223
0.478887922728451		-35.3778053370761
0.481816511460904		-33.9139399510738
0.484745100193357		-32.5176458156257
0.487673688925809		-31.1854647851221
0.490602277658262		-29.9141346399737
0.493530866390715		-28.7005768562261
0.496459455123167		-27.5418852098868
0.49938804385562		-26.4353151550105
0.502316632588073		-25.3782739174853
0.505245221320525		-24.3683112531771
0.508173810052978		-23.4031108212242
0.511102398785431		-22.4804821286826
0.514030987517883		-21.5983530048298
0.516959576250336		-20.7547625680847
0.519888164982788		-19.9478546494857
0.522816753715241		-19.1758716417962
0.525745342447694		-18.4371487432023
0.528673931180146		-17.7301085690075
0.531602519912599		-17.0532561049856
0.534531108645052		-16.405173979813
0.537459697377504		-15.7845180335007
0.540388286109957		-15.1900131630228
0.54331687484241		-14.6204494253111
0.546245463574862		-14.0746783805229
0.549174052307315		-13.5516096600103
0.552102641039767		-13.0502077435061
0.55503122977222		-12.5694889315052
0.557959818504673		-12.1085185007063
0.560888407237125		-11.6664080302599
0.563816995969578		-11.2423128863681
0.566745584702031		-10.8354298580629
0.569674173434483		-10.4449949309474
0.572602762166936		-10.0702811921588
0.575531350899389		-9.7105968579911
0.578459939631841		-9.36528341565733
0.581388528364294		-9.03371387240909
0.584317117096746		-8.71529110584234
0.587245705829199		-8.40944630761317
0.590174294561652		-8.11563751650278
0.593102883294104		-7.83334823421397
0.596031472026557		-7.56208611859076
0.59896006075901		-7.30138175114276
0.601888649491462		-7.05078747192281
0.604817238223915		-6.80987627999828
0.607745826956368		-6.57824079410472
0.61067441568882		-6.35549227065866
0.613603004421273		-6.141259674629
0.616531593153726		-5.93518880209409
0.619460181886178		-5.73694144916957
0.622388770618631		-5.54619462639161
0.625317359351084		-5.36263981417661
0.628245948083536		-5.18598225972021
0.631174536815989		-5.01594030908793
0.634103125548442		-4.85224477580162
0.637031714280894		-4.6946383426647
0.639960303013347		-4.54287499402837
0.642888891745799		-4.39671947831482
0.645817480478252		-4.25594679804642
0.648746069210705		-4.12034172577797
0.651674657943157		-3.98969834645033
0.65460324667561		-3.8638196203543
0.657531835408062		-3.74251697111605
0.660460424140515		-3.62560989271669
0.663389012872968		-3.51292557704807
0.666317601605421		-3.40429855965834
0.669246190337873		-3.29957038350723
0.672174779070326		-3.19858928021087
0.675103367802778		-3.10120986514459
0.678031956535231		-3.00729284823565
0.680960545267684		-2.91670476129233
0.683889134000136		-2.82931769438141
0.686817722732589		-2.74500904871758
0.689746311465042		-2.66366129983082
0.692674900197494		-2.5851617714621
0.695603488929947		-2.50940242337234
0.6985320776624		-2.4362796440829
0.701460666394852		-2.36569405926015
0.704389255127305		-2.29755034582463
0.707317843859757		-2.23175705268326
0.71024643259221		-2.16822643816425
0.713175021324663		-2.10687430420694
0.716103610057116		-2.04761984726814
0.719032198789568		-1.99038550943274
0.721960787522021		-1.93509684461113
0.724889376254473		-1.88168237862005
0.727817964986926		-1.83007348919914
0.730746553719379		-1.780204283458
0.733675142451831		-1.73201148124767
0.736603731184284		-1.68543430412817
0.739532319916737		-1.64041437807411
0.742460908649189		-1.59689562189297
0.745389497381642		-1.5548241622022
0.748318086114095		-1.51414823496051
0.751246674846547		-1.47481810392487
0.754175263579		-1.4367859686011
0.757103852311452		-1.40000589607249
0.760032441043905		-1.36443373685121
0.762961029776358		-1.33002705320307
0.76588961850881		-1.29674505758886
0.768818207241263		-1.264548529385
0.771746795973716		-1.23339976972334
0.774675384706168		-1.20326253012242
0.777603973438621		-1.17410195430537
0.780532562171074		-1.14588452935309
0.783461150903526		-1.11857802840653
0.786389739635979		-1.09215145467101
0.789318328368432		-1.06657500478966
0.792246917100884		-1.04182000472101
0.795175505833337		-1.01785888595424
0.798104094565789		-0.994665119690991
0.801032683298242		-0.972213201086529
0.803961272030695		-0.950478580804164
0.806889860763147		-0.929437657802211
0.8098184494956		-0.909067719940317
0.812747038228053		-0.889346920882738
0.815675626960505		-0.870254254187909
0.818604215692958		-0.851769509839062
0.821532804425411		-0.833873257178745
0.824461393157863		-0.816546819812096
0.827389981890316		-0.799772231560841
0.830318570622768		-0.78353225380744
0.833247159355221		-0.767810299145815
0.836175748087674		-0.752590405742471
0.83796737044354		-0.743520260230886
0.839758992799405		-0.734628839742725
0.841550615155271		-0.725912790156256
0.843342237511137		-0.717368799317287
0.845133859867003		-0.708993701353964
0.846925482222869		-0.700784211990602
0.848717104578735		-0.692737222903423
0.8505087269346		-0.684849525002321
0.852300349290466		-0.677117945622246
0.854091971646332		-0.669539349952946
0.855883594002198		-0.66211053573349
0.857675216358064		-0.654828301289129
0.85946683871393		-0.647689409849006
0.861258461069796		-0.640690355032141
0.863050083425661		-0.63382810953945
0.864841705781527		-0.627098946674286
0.866633328137393		-0.620499596116778
0.868424950493259		-0.614026474962946
0.870216572849125		-0.607676167536359
0.872008195204991		-0.601444974829162
0.873799817560856		-0.595329511643057
0.875591439916722		-0.589326159907471
0.877383062272588		-0.583431197025913
0.879174684628454		-0.577641296382034
0.88096630698432		-0.571952803556197
0.882757929340186		-0.566362234301504
0.884549551696052		-0.56086624016074
0.886341174051917		-0.555461430979577
0.888132796407783		-0.550144198758596
0.889924418763649		-0.544911567676087
0.891716041119515		-0.539760519413863
0.893507663475381		-0.534687587659941
0.895299285831247		-0.529689843112567
0.897090908187112		-0.524764355337645
0.898882530542978		-0.519908394450051
0.900674152898844		-0.515119487027707
0.90246577525471		-0.510395047587646
0.904257397610576		-0.505732191209648
0.906049019966442		-0.501128842800544
0.907840642322308		-0.496583533448972
0.909632264678173		-0.492093400450231
0.911423887034039		-0.48765678749817
0.913215509389905		-0.483272404450301
0.915007131745771		-0.478938450113456
0.916798754101637		-0.474653359313966
0.918590376457503		-0.470416124460308
0.920381998813368		-0.466225357946313
0.922173621169234		-0.462080342527769
0.9239652435251		-0.45797965578193
0.925756865880966		-0.45392254921725
0.927548488236832		-0.44990925214406
0.929340110592698		-0.445938412639588
0.931131732948564		-0.442009107819627
0.932923355304429		-0.438121996806138
0.934714977660295		-0.43427544613405
0.936506600016161		-0.430470066940276
0.938298222372027		-0.426705266496493
0.940089844727893		-0.422980951593675
0.941881467083759		-0.4192965671615
0.943673089439624		-0.415652477054847
0.94546471179549		-0.412048190686885
0.947256334151356		-0.408483724559898
0.949047956507222		-0.404959232066754
0.950839578863088		-0.401473813537548
0.952631201218954		-0.398028089065754
0.954422823574819		-0.394621576959379
0.956214445930685		-0.391254481832455
0.958006068286551		-0.387926171530764
0.959797690642417		-0.38463706358274
0.961589312998283		-0.381386309715495
0.963380935354149		-0.378174184661874
0.965172557710015		-0.375000237663701
0.96696418006588		-0.371864201128063
0.968755802421746		-0.368765463372445
0.970547424777612		-0.365704312797169
0.972339047133478		-0.362679395801869
0.974130669489344		-0.359690773579379
0.97592229184521		-0.356738077166423
0.977713914201075		-0.35382053901705
0.979505536556941		-0.35093731144041
0.981297158912807		-0.348088256279882
0.983088781268673		-0.345272363609838
0.984880403624539		-0.342489400862546
0.986672025980405		-0.339738433230705
0.988463648336271		-0.337018864246872
0.990255270692136		-0.334329964650328
0.992046893048002		-0.33167145122193
0.993838515403868		-0.329042306374809
0.995630137759734		-0.326442290538964
0.9974217601156		-0.323870453779153
0.999213382471466		-0.321326526983114
1.00100500482733		-0.318809934866849
1.0027966271832		-0.316320137374363
1.00458824953906		-0.313856696895484
1.00637987189493		-0.311419101905028
1.00817149425079		-0.30900699357908
1.00996311660666		-0.306619947510212
1.01175473896253		-0.30425753024982
1.01354636131839		-0.301919428143695
1.01760460500735		-0.296711208212965
1.02166284869632		-0.291621819466553
1.02572109238528		-0.286647701707986
1.02977933607424		-0.281785375167603
1.0338375797632		-0.277031663062587
1.03789582345217		-0.272383461012718
1.04195406714113		-0.267837831677883
1.04601231083009		-0.263391908970115
1.05007055451906		-0.259042975265631
1.05412879820802		-0.254788376932825
1.05818704189698		-0.250625534752878
1.06224528558594		-0.246551972273746
1.06630352927491		-0.24256529511419
1.07036177296387		-0.238663181995285
1.07442001665283		-0.234843404217513
1.07847826034179		-0.231103795731933
1.08253650403076		-0.227442261427762
1.08659474771972		-0.223856782737046
1.09065299140868		-0.220345409790068
1.09471123509764		-0.216906245625675
1.09876947878661		-0.213537463922136
1.10282772247557		-0.210237289819053
1.10688596616453		-0.207004011726052
1.11094420985349		-0.203835967244314
1.11500245354246		-0.200731541112869
1.11906069723142		-0.197689175163436
1.12311894092038		-0.194707349407982
1.12717718460934		-0.191784591624252
1.13123542829831		-0.188919474857526
1.13529367198727		-0.18611060965388
1.13935191567623		-0.183356645979401
1.14341015936519		-0.180656274246789
1.14746840305416		-0.178008217770172
1.15152664674312		-0.175411237500288
1.15558489043208		-0.17286412805602
1.15964313412104		-0.170365714918646
1.16370137781001		-0.167914857368995
1.16775962149897		-0.165510444154597
1.17181786518793		-0.163151393587406
1.17587610887689		-0.160836653095551
1.17993435256586		-0.158565197605663
1.18399259625482		-0.156336029520423
1.18805083994378		-0.154148176924041
1.19210908363274		-0.152000693307839
1.19616732732171		-0.149892657917557
1.20022557101067		-0.147823172319063
1.20428381469963		-0.145791362736624
1.20834205838859		-0.14379637799595
1.21240030207756		-0.141837388397361
1.21645854576652		-0.139913585653798
1.22051678945548		-0.138024183171474
1.22457503314444		-0.136168413520842
1.22863327683341		-0.134345529839836
1.23269152052237		-0.132554804054111
1.23674976421133		-0.130795526623028
1.24080800790029		-0.129067006517666
1.24486625158926		-0.127368569999602
1.24892449527822		-0.125699560408971
1.25298273896718		-0.124059338182819
1.25704098265614		-0.122447279562293
1.26109922634511		-0.120862776755925
1.26515747003407		-0.119305237210466
1.26921571372303		-0.117774083357489
1.27327395741199		-0.116268752089027
1.27733220110096		-0.114788694427338
1.28139044478992		-0.113333375103869
1.28544868847888		-0.111902272186399
1.28950693216784		-0.110494876721975
1.29356517585681		-0.109110692379798
1.29762341954577		-0.107749235176872
1.30168166323473		-0.106410032988539
1.30573990692369		-0.105092625279576
1.30979815061266		-0.103796562936078
1.31385639430162		-0.102521407785622
1.31791463799058		-0.101266732311589
1.32197288167954		-0.100032119469185
1.32603112536851		-0.0988171623002624
1.33008936905747		-0.097621463770687
1.33414761274643		-0.0964446363048017
1.33820585643539		-0.0952863017862221
1.34226410012436		-0.0941460911288125
1.34632234381332		-0.0930236440778711
1.35038058750228		-0.0919186090012215
1.35443883119124		-0.0908306426298304
1.35849707488021		-0.0897594098236659
1.36255531856917		-0.0887045834119421
1.36661356225813		-0.0876658439108685
1.3706718059471		-0.0866428793843764
1.37473004963606		-0.0856353851963514
1.37878829332502		-0.084643063836245
1.38284653701398		-0.0836656247415555
1.38690478070295		-0.0827027840949974
1.39096302439191		-0.081754264653099
1.39502126808087		-0.0808197955926617
1.39907951176983		-0.0798991123111248
1.4031377554588		-0.0789919562813091
1.40719599914776		-0.0780980749078516
1.41125424283672		-0.0772172213350426
1.41531248652568		-0.0763491543372705
1.41937073021465		-0.0754936381355158
1.42342897390361		-0.0746504422927717
1.42748721759257		-0.0738193415529347
1.43154546128153		-0.0730001157038387
1.4356037049705		-0.0721925494672961
1.43966194865946		-0.0713964323519139
1.44372019234842		-0.0706115585479566
1.44777843603738		-0.0698377267866991
1.45183667972635		-0.0690747402454967
1.45589492341531		-0.0683224064215119
1.45995316710427		-0.0675805370209327
1.46401141079323		-0.0668489478615503
1.4680696544822		-0.0661274587618777
1.47212789817116		-0.0654158934338732
1.47618614186012		-0.0647140793992969
1.48024438554908		-0.0640218478794581
1.48430262923805		-0.0633390337132698
1.48836087292701		-0.0626654752586056
1.49241911661597		-0.062001014307471
1.49647736030493		-0.0613454959986592
1.5005356039939		-0.0606987687361523
1.50459384768286		-0.0600606841065629
1.50865209137182		-0.0594310968034084
1.51271033506078		-0.058809864541873
1.51676857874975		-0.0581968479971088
1.52082682243871		-0.0575919107168443
1.52488506612767		-0.0569949190642459
1.52894330981663		-0.0564057421386821
1.5330015535056		-0.0558242517165533
1.53705979719456		-0.0552503221803241
1.54111804088352		-0.0546838304581505
1.54517628457248		-0.0541246559638524
1.54923452826145		-0.0535726805308961
1.55329277195041		-0.0530277883629731
1.55735101563937		-0.0524898659687383
1.56140925932833		-0.0519588021112023
1.5654675030173		-0.0514344877542617
1.56952574670626		-0.0509168160074218
1.57358399039522		-0.0504056820786476
1.57764223408418		-0.049900983221208
1.58170047777315		-0.0494026186889462
1.58575872146211		-0.0489104896853596
1.58981696515107		-0.0484244993228807
1.59387520884003		-0.0479445525751057
1.597933452529		-0.0474705562333287
1.60199169621796		-0.0470024188662236
1.60604993990692		-0.046540050779331
1.61010818359588		-0.0460833639711492
1.61416642728485		-0.0456322720999418
1.61822467097381		-0.0451866904418553
1.62228291466277		-0.0447465358555893
1.62634115835173		-0.0443117267466146
1.6303994020407		-0.0438821830319342
1.63445764572966		-0.0434578261059524
1.63851588941862		-0.0430385788078433
1.64257413310758		-0.0426243653895633
1.64663237679655		-0.0422151114833676
1.65069062048551		-0.041810744072291
1.65474886417447		-0.0414111914596272
1.65880710786343		-0.0410163832404353
1.6628653515524		-0.0406262502730765
1.66692359524136		-0.0402407246511911
1.67098183893032		-0.0398597396782225
1.67504008261929		-0.0394832298393298
1.67909832630825		-0.0391111307774647
1.68315656999721		-0.0387433792676373
1.68721481368617		-0.0383799131930599
1.69127305737513		-0.0380206715218191
1.6953313010641		-0.0376655942830894
1.69938954475306		-0.0373146225453462
1.70344778844202		-0.0369676983940008
1.70750603213099		-0.0366247649107727
1.71156427581995		-0.036285766152008
1.71562251950891		-0.0359506471288714
1.71968076319787		-0.0356193537878078
1.72373900688684		-0.0352918329907097
1.7277972505758		-0.0349680324961735
1.73185549426476		-0.0346479009416373
1.73591373795372		-0.034331387824832
1.73997198164269		-0.0340184434865365
1.74403022533165		-0.0337090190937408
1.74808846902061		-0.0334030666225551
1.75214671270957		-0.0331005388422831
1.75620495639854		-0.0328013892996782
1.7602632000875		-0.0325055723027617
1.76432144377646		-0.0322130429066927
1.76837968746542		-0.0319237568981225
1.77243793115439		-0.031637670781391
1.77649617484335		-0.031354741764219
1.78055441853231		-0.0310749277437778
1.78461266222127		-0.0307981872937646
1.78867090591024		-0.0305244796507267
1.7927291495992		-0.0302537647016018
1.79678739328816		-0.0299860029713094
1.80084563697712		-0.0297211556099793
1.80490388066609		-0.0294591843818051
1.80896212435505		-0.0292000516525927
1.81302036804401		-0.0289437203789104
1.81707861173297		-0.0286901540967299
1.82113685542194		-0.0284393169105083
1.8251950991109		-0.0281911734825293
1.82925334279986		-0.0279456890225605
1.83331158648882		-0.0277028292777812
1.83736983017779		-0.0274625605225535
1.84142807386675		-0.027224849548867
1.84548631755571		-0.0269896636568159
1.84954456124467		-0.0267569706453595
1.85360280493364		-0.0265267388029408
1.8576610486226		-0.0262989368989744
1.86171929231156		-0.0260735341747263
1.86577753600052		-0.0258505003351682
1.86983577968949		-0.0256298055403925
1.87389402337845		-0.0254114203975431
1.87795226706741		-0.0251953159527369
1.88201051075637		-0.0249814636834234
1.88606875444534		-0.0247698354905535
1.8901269981343		-0.0245604036912626
1.89418524182326		-0.0243531410113664
1.89824348551222		-0.0241480205783578
1.90230172920119		-0.023945015914143
1.90635997289015		-0.0237441009284998
1.91041821657911		-0.0235452499120089
1.91447646026807		-0.0233484375296955
1.91853470395704		-0.0231536388143886
1.922592947646		-0.0229608291605731
1.92665119133496		-0.0227699843180035
1.93070943502392		-0.0225810803858055
1.93476767871289		-0.0223940938063843
1.93882592240185		-0.0222090013596544
1.94288416609081		-0.0220257801574062
1.94694240977977		-0.0218444076375151
1.95100065346874		-0.0216648615586689
1.9550588971577		-0.0214871199948643
1.95911714084666		-0.0213111613301506
1.96317538453562		-0.0211369642535218
1.96723362822459		-0.02096450775376
1.97129187191355		-0.0207937711145742
1.97535011560251		-0.0206247339096962
1.97940835929148		-0.0204573759980245
1.98346660298044		-0.0202916775191202
1.9875248466694		-0.0201276188884564
1.99158309035836		-0.019965180793008
1.99564133404733		-0.0198043441867714
1.99969957773629		-0.0196450902865294
2.00375782142525		-0.0194874005675322
2.00781606511421		-0.0193312567593285
2.01187430880317		-0.0191766408417611
2.01593255249214		-0.0190235350408086
2.0199907961811		-0.0188719218248473
2.02404903987006		-0.018721783900614
2.02810728355903		-0.018573104209521
2.03216552724799		-0.018425865923903
2.03622377093695		-0.0182800524433675
2.04028201462591		-0.0181356473912594
2.04434025831488		-0.017992634611065
2.04839850200384		-0.0178509981630408
2.0524567456928		-0.0177107223207681
2.05651498938176		-0.0175717915678845
2.06057323307073		-0.0174341905947587
2.06463147675969		-0.0172979042953525
2.06868972044865		-0.0171629177640035
2.07274796413761		-0.0170292162923929
2.07680620782658		-0.0168967853664952
2.08086445151554		-0.016765610663574
2.0849226952045		-0.0166356780492825
2.08898093889346		-0.0165069735747833
2.09303918258243		-0.0163794834739154
2.09709742627139		-0.0162531941604265
2.10115566996035		-0.0161280922252606
2.10521391364931		-0.0160041644338596
2.10927215733828		-0.0158813977235453
2.11333040102724		-0.0157597792009378
2.1173886447162		-0.0156392961394078
2.12144688840516		-0.0155199359766052
2.12550513209413		-0.0154016863119695
2.12956337578309		-0.0152845349043468
2.13362161947205		-0.0151684696696416
2.13767986316101		-0.0150534786784353
2.14173810684998		-0.0149395501537409
2.14579635053894		-0.0148266724687564
2.1498545942279		-0.0147148341446381
2.15391283791686		-0.0146040238483305
2.15797108160583		-0.0144942303904395
2.16202932529479		-0.0143854427231396
2.16608756898375		-0.0142776499380759
2.17014581267271		-0.0141708412643914
2.17420405636168		-0.0140650060666789
2.17826230005064		-0.0139601338430566
2.1823205437396		-0.0138562142232009
2.18637878742856		-0.01375323696651
2.19043703111753		-0.0136511919601607
2.19449527480649		-0.0135500692173427
2.19855351849545		-0.0134498588754205
2.20261176218441		-0.0133505511941562
2.20667000587338		-0.0132521365539858
2.21072824956234		-0.0131546054542731
2.2147864932513		-0.0130579485116549
2.21884473694026		-0.0129621564583526
2.22290298062923		-0.0128672201405459
2.22696122431819		-0.0127731305167677
2.23101946800715		-0.0126798786563221
2.23507771169611		-0.0125874557377225
2.23913595538508		-0.0124958530471757
2.24319419907404		-0.0124050619770464
2.247252442763		-0.0123150740244034
2.25131068645196		-0.0122258807895464
2.25536893014093		-0.0121374739745725
2.25942717382989		-0.0120498453819637
2.26348541751885		-0.0119629869131935
2.26754366120781		-0.0118768905673645
2.27160190489678		-0.0117915484398561
2.27566014858574		-0.0117069527209999
2.2797183922747		-0.0116230956947775
2.28377663596366		-0.011539969737529
2.28783487965263		-0.0114575673166945
2.29189312334159		-0.0113758809895729
2.29595136703055		-0.0112949034020865
2.30000961071951		-0.0112146272875737
2.30406785440848		-0.0111350454656254
2.30812609809744		-0.0110561508408771
2.3121843417864		-0.0109779364018889
2.31624258547536		-0.010900395220003
2.32030082916433		-0.0108235204482158
2.32435907285329		-0.0107473053200957
2.32841731654225		-0.0106717431486922
2.33247556023122		-0.0105968273254697
2.33653380392018		-0.0105225513192616
2.34059204760914		-0.0104489086752339
2.3446502912981		-0.0103758930138727
2.34870853498707		-0.0103034980299645
2.35276677867603		-0.0102317174916355
2.35682502236499		-0.0101605452393587
2.36088326605395		-0.0100899751849984
2.36494150974292		-0.0100200013108793
2.36899975343188		-0.00995061766883646
2.37305799712084		-0.00988181837932393
2.3771162408098		-0.00981359763049151
2.38117448449877		-0.00974594967731002
2.38523272818773		-0.0096788688406878
2.38929097187669		-0.0096123495066109
2.39334921556565		-0.00954638612529986
2.39740745925462		-0.00948097321036083
2.40146570294358		-0.0094161053379721
2.40552394663254		-0.00935177714606409
2.4095821903215		-0.00928798333351832
2.41364043401047		-0.00922471865938793
2.41769867769943		-0.00916197794210825
2.42175692138839		-0.00909975605873875
2.42581516507735		-0.00903804794420445
2.42987340876632		-0.00897684859055495
2.43393165245528		-0.00891615304622812
2.43798989614424		-0.00885595641533261
2.4420481398332		-0.00879625385692273
2.44610638352217		-0.00873704058431726
2.45016462721113		-0.00867831186439077
2.45422287090009		-0.00862006301689993
2.45828111458905		-0.00856228941380365
2.46233935827802		-0.00850498647862088
2.46639760196698		-0.00844814968574763
2.47045584565594		-0.00839177455983722
2.4745140893449		-0.00833585667515556
2.47857233303387		-0.00828039165496184
2.48263057672283		-0.00822537517088429
2.48668882041179		-0.00817080294231433
2.49074706410075		-0.00811667073582004
2.49480530778972		-0.00806297436453213
2.49886355147868		-0.00800970968758807
2.50292179516764		-0.00795687260952689
2.5069800388566		-0.0079044590797612
2.51103828254557		-0.00785246509198047
2.51509652623453		-0.00780088668363303
2.51915476992349		-0.00774971993535649
2.52321301361245		-0.00769896097046394
2.52727125730142		-0.00764860595440264
2.53132950099038		-0.00759865109424407
2.53538774467934		-0.00754909263815781
2.5394459883683		-0.00749992687492303
2.54350423205727		-0.00745115013341221
2.54756247574623		-0.00740275878210528
2.55162071943519		-0.00735474922861385
2.55567896312415		-0.00730711791918822
2.55973720681312		-0.00725986133825103
2.56379545050208		-0.00721297600793636
2.56785369419104		-0.00716645848762386
2.57191193788		-0.00712030537348775
2.57597018156897		-0.00707451329805271
2.58002842525793		-0.00702907892975157
2.58408666894689		-0.00698399897248795
2.58814491263585		-0.00693927016520964
2.59220315632482		-0.00689488928148881
2.59626140001378		-0.00685085312910197
2.60031964370274		-0.00680715854961708
2.6043778873917		-0.00676380241798664
2.60843613108067		-0.00672078164215486
2.61249437476963		-0.00667809316265613
2.61655261845859		-0.00663573395221982
2.62061086214756		-0.00659370101540297
2.62466910583652		-0.00655199138818933
2.62872734952548		-0.00651060213763338
2.63278559321444		-0.00646953036148102
2.63684383690341		-0.00642877318780416
2.64090208059237		-0.00638832777464847
2.64496032428133		-0.00634819130967544
2.64901856797029		-0.00630836100980477
2.65307681165926		-0.00626883412088635
2.65713505534822		-0.00622960791733961
2.66119329903718		-0.00619067970182392
2.66525154272614		-0.00615204680491898
2.66930978641511		-0.00611370658478156
2.67336803010407		-0.00607565642682625
2.67742627379303		-0.0060378937434105
2.68148451748199		-0.00600041597351647
2.68554276117096		-0.00596322058244085
2.68960100485992		-0.0059263050614876
2.69365924854888		-0.00588966692766981
2.69771749223784		-0.00585330372340262
2.70177573592681		-0.00581721301621497
2.70583397961577		-0.00578139239845875
2.70989222330473		-0.00574583948701765
2.71395046699369		-0.00571055192302394
2.71800871068266		-0.00567552737158483
2.72206695437162		-0.00564076352149793
2.72612519806058		-0.0056062580849866
2.73018344174954		-0.00557200879742117
2.73424168543851		-0.00553801341706293
2.73829992912747		-0.00550426972479729
2.74235817281643		-0.0054707755238733
2.74641641650539		-0.0054375286396513
2.75047466019436		-0.0054045269193534
2.75453290388332		-0.00537176823180321
2.75859114757228		-0.00533925046719217
2.76264939126124		-0.00530697153682991
2.76670763495021		-0.00527492937290831
2.77076587863917		-0.00524312192826006
2.77482412232813		-0.00521154717613362
2.77888236601709		-0.00518020310994945
2.78294060970606		-0.00514908774308593
2.78699885339502		-0.00511819910864472
2.79105709708398		-0.00508753525923499
2.79511534077294		-0.00505709426674641
2.79917358446191		-0.00502687422214588
2.80323182815087		-0.00499687323524773
2.80729007183983		-0.00496708943451587
2.81134831552879		-0.00493752096684638
2.81540655921776		-0.00490816599736785
2.81946480290672		-0.00487902270923287
2.82352304659568		-0.00485008930342404
2.82758129028464		-0.00482136399854916
2.83163953397361		-0.00479284503064597
2.83569777766257		-0.00476453065299393
2.83975602135153		-0.00473641913591698
2.84381426504049		-0.00470850876660375
2.84787250872946		-0.00468079784891184
2.85193075241842		-0.00465328470318627
2.85598899610738		-0.00462596766608208
2.86004723979634		-0.00459884509038192
2.86410548348531		-0.00457191534481724
2.86816372717427		-0.00454517681389616
2.87222197086323		-0.004518627897731
2.87628021455219		-0.0044922670118619
2.88033845824116		-0.00446609258709845
2.88439670193012		-0.00444010306934047
2.88845494561908		-0.00441429691942356
2.89251318930804		-0.00438867261295055
2.89657143299701		-0.00436322864013551
2.90062967668597		-0.00433796350564113
2.90468792037493		-0.00431287572842274
2.90874616406389		-0.00428796384157723
2.91280440775286		-0.00426322639218276
2.91686265144182		-0.00423866194115634
2.92092089513078		-0.00421426906309896
2.92497913881975		-0.00419004634614668
2.92903738250871		-0.00416599239183194
2.93309562619767		-0.00414210581493274
2.93715386988663		-0.00411838524333439
2.94121211357559		-0.00409482931788543
2.94527035726456		-0.00407143669226411
2.94932860095352		-0.00404820603283619
2.95338684464248		-0.00402513601852188
2.95744508833145		-0.00400222534065982
2.96150333202041		-0.00397947270288286
2.96556157570937		-0.00395687682097056
2.96961981939833		-0.00393443642273891
2.9736780630873		-0.00391215024790051
2.97773630677626		-0.00389001704794164
2.98179455046522		-0.00386803558600089
2.98585279415418		-0.00384620463673904
2.98991103784315		-0.00382452298622509
2.99396928153211		-0.00380298943181031
2.99802752522107		-0.00378160278201216
3.00208576891003		-0.00376036185639556
3.006144012599		-0.00373926548545965
3.01020225628796		-0.0037183125105165
3.01426049997692		-0.00369750178358729
3.01831874366588		-0.00367683216727984
3.02237698735485		-0.00365630253468743
3.02643523104381		-0.00363591176927156
3.03049347473277		-0.00361565876476171
3.03455171842173		-0.00359554242503847
3.0386099621107		-0.00357556166403856
3.04266820579966		-0.00355571540564069
3.04672644948862		-0.00353600258357114
3.05078469317758		-0.00351642214129409
3.05484293686655		-0.00349697303191899
3.05890118055551		-0.0034776542180899
3.06295942424447		-0.00345846467189796
3.06701766793343		-0.00343940337477805
3.0710759116224		-0.00342046931741322
3.07513415531136		-0.00340166149964144
3.07919239900032		-0.00338297893035777
3.08325064268928		-0.00336442062742611
3.08730888637825		-0.00334598561758512
3.09136713006721		-0.00332767293635666
3.09542537375617		-0.00330948162795524
3.09948361744513		-0.003291410745205
3.1035418611341		-0.00327345934943962
3.10760010482306		-0.00325562651043362
3.11165834851202		-0.00323791130629801
3.11571659220098		-0.00322031282340793
3.11977483588995		-0.00320283015631476
3.12383307957891		-0.00318546240766252
3.12789132326787		-0.00316820868810574
3.13194956695683		-0.0031510681162313
3.1360078106458		-0.0031340398184752
3.14006605433476		-0.0031171229290448
3.14412429802372		-0.00310031658983996
3.14818254171268		-0.00308361995037441
3.15224078540165		-0.00306703216770589
3.15629902909061		-0.00305055240634886
3.16035727277957		-0.00303417983820949
3.16441551646853		-0.00301791364250873
3.1684737601575		-0.0030017530057064
3.17253200384646		-0.00298569712143229
3.17659024753542		-0.00296974519041179
3.18064849122438		-0.00295389642039904
3.18470673491335		-0.00293815002610313
3.18876497860231		-0.00292250522912193
3.19282322229127		-0.00290696125786701
3.19688146598023		-0.00289151734750732
3.2009397096692		-0.00287617273989437
3.20499795335816		-0.00286092668349537
3.20905619704712		-0.00284577843333147
3.21311444073608		-0.0028307272509115
3.21717268442505		-0.00281577240416958
3.22123092811401		-0.00280091316739731
3.22528917180297		-0.00278614882118786
3.22934741549193		-0.00277147865236763
3.2334056591809		-0.00275690195393998
3.23746390286986		-0.00274241802502111
3.24152214655882		-0.00272802617078199
3.24558039024778		-0.00271372570238796
3.24963863393675		-0.0026995159369418
3.25369687762571		-0.00268539619742648
3.25775512131467		-0.00267136581264267
3.26181336500363		-0.0026574241171575
3.2658716086926		-0.0026435704512471
3.26992985238156		-0.00262980416083908
3.27398809607052		-0.00261612459746197
3.27804633975949		-0.00260253111818535
3.28210458344845		-0.00258902308556838
3.28616282713741		-0.00257559986761207
3.29022107082637		-0.00256226083769524
3.29427931451534		-0.00254900537453665
3.2983375582043		-0.00253583286212917
3.30239580189326		-0.00252274268970191
3.30645404558222		-0.00250973425165953
3.31051228927119		-0.00249680694754126
3.31457053296015		-0.00248396018196211
3.31862877664911		-0.00247119336457449
3.32268702033807		-0.00245850591001343
3.32674526402704		-0.00244589723784751
3.330803507716		-0.00243336677253917
3.33486175140496		-0.00242091394338958
3.33891999509392		-0.00240853818450085
3.34297823878289		-0.00239623893472212
3.34703648247185		-0.0023840156376101
3.35109472616081		-0.0023718677413824
3.35515296984977		-0.00235979469887179
3.35921121353874		-0.00234779596748892
3.3632694572277		-0.00233587100916544
3.36732770091666		-0.00232401929033068
3.37138594460562		-0.00231224028184912
3.37544418829459		-0.00230053345899541
3.37950243198355		-0.00228889830139916
3.38356067567251		-0.00227733429301384
3.38761891936147		-0.00226584092207231
3.39167716305044		-0.00225441768104372
3.3957354067394		-0.00224306406660019
3.39979365042836		-0.00223177957957345
3.40385189411732		-0.00222056372491346
3.40791013780629		-0.00220941601165551
3.41196838149525		-0.00219833595287992
3.41602662518421		-0.00218732306567221
3.42008486887317		-0.00217637687108765
3.42414311256214		-0.0021654968941144
3.4282013562511		-0.00215468266363719
3.43225959994006		-0.00214393371240022
3.43631784362902		-0.00213324957696888
3.44037608731799		-0.0021226297977017
3.44443433100695		-0.00211207391870788
3.44849257469591		-0.00210158148781515
3.45255081838487		-0.00209115205653716
3.45660906207384		-0.0020807851800368
3.4606673057628		-0.00207048041709406
3.46472554945176		-0.00206023733007119
3.46878379314072		-0.0020500554848853
3.47284203682969		-0.00203993445096323
3.47690028051865		-0.0020298738012252
3.48095852420761		-0.00201987311204103
3.48501676789657		-0.00200993196320462
3.48907501158554		-0.00200004993789812
3.4931332552745		-0.00199022662266479
3.49719149896346		-0.00198046160737755
3.50124974265242		-0.00197075448520664
3.50530798634139		-0.00196110485259171
3.50936623003035		-0.00195151230921027
3.51342447371931		-0.00194197645795198
3.51748271740827		-0.00193249690488385
3.52154096109724		-0.00192307325922464
3.5255992047862		-0.001913705133318
3.52965744847516		-0.00190439214260149
3.53371569216412		-0.00189513390557811
3.53777393585309		-0.00188593004379001
3.54183217954205		-0.00187678018179226
3.54589042323101		-0.0018676839471249
3.54994866691997		-0.00185864097028255
3.55400691060894		-0.00184965088469454
3.5580651542979		-0.00184071332669103
3.56212339798686		-0.00183182793548306
3.56618164167582		-0.00182299435313496
3.57023988536479		-0.00181421222453817
3.57429812905375		-0.00180548119738251
3.57835637274271		-0.00179680092214064
3.58241461643168		-0.0017881710520325
3.58647286012064		-0.00177959124300736
3.5905311038096		-0.00177106115371998
3.59458934749856		-0.00176258044550055
3.59864759118753		-0.00175414878233748
3.60270583487649		-0.00174576583084752
3.60676407856545		-0.00173743126026288
3.61082232225441		-0.00172914474239326
3.61488056594338		-0.00172090595161621
3.61893880963234		-0.00171271456484661
3.6229970533213		-0.00170457026151782
3.62705529701026		-0.00169647272355809
3.63111354069923		-0.00168842163536958
3.63517178438819		-0.00168041668380458
3.63923002807715		-0.00167245755814817
3.64328827176611		-0.00166454395008997
3.64734651545508		-0.00165667555370932
3.65140475914404		-0.00164885206545236
3.655463002833		-0.0016410731841114
3.65952124652196		-0.00163333861080094
3.66357949021093		-0.00162564804894374
3.66763773389989		-0.00161800120424603
3.67169597758885		-0.00161039778467912
3.67575422127781		-0.00160283750045869
3.67981246496678		-0.00159532006402723
3.68387070865574		-0.00158784519003254
3.6879289523447		-0.00158041259531074
3.69198719603366		-0.00157302199886425
3.69604543972263		-0.00156567312184658
3.70010368341159		-0.00155836568754186
3.70416192710055		-0.00155109942134314
3.70822017078951		-0.00154387405074185
3.71227841447848		-0.00153668930530438
3.71633665816744		-0.00152954491665164
3.7203949018564		-0.00152244061844975
3.72445314554536		-0.00151537614638487
3.72851138923433		-0.00150835123814925
3.73256963292329		-0.00150136563342283
3.73662787661225		-0.00149441907385613
3.74068612030121		-0.00148751130305537
3.74474436399018		-0.00148064206656328
3.74880260767914		-0.00147381111184275
3.7528608513681		-0.00146701818826352
3.75691909505706		-0.00146026304707945
3.76097733874603		-0.0014535454414208
3.76503558243499		-0.0014468651262711
3.76909382612395		-0.00144022185845565
3.77315206981291		-0.00143361539662386
3.77721031350188		-0.00142704550123498
3.78126855719084		-0.00142051193454013
3.7853268008798		-0.0014140144605713
3.78938504456876		-0.00140755284512418
3.79344328825773		-0.00140112685574125
3.79750153194669		-0.00139473626169957
3.80155977563565		-0.00138838083399566
3.80561801932461		-0.00138206034533102
3.80967626301358		-0.0013757745700962
3.81373450670254		-0.00136952328436047
3.8177927503915		-0.00136330626585249
3.82185099408046		-0.00135712329395191
3.82590923776943		-0.00135097414966751
3.82996748145839		-0.00134485861563411
3.83402572514735		-0.00133877647609076
3.83808396883631		-0.00133272751687002
3.84214221252528		-0.00132671152538647
3.84620045621424		-0.0013207282906192
3.8502586999032		-0.00131477760310216
3.85431694359216		-0.00130885925491153
3.85837518728113		-0.00130297303964946
3.86243343097009		-0.00129711875243558
3.86649167465905		-0.00129129618989028
3.87054991834801		-0.00128550515012657
3.87460816203698		-0.00127974543273477
3.87866640572594		-0.00127401683876825
3.8827246494149		-0.00126831917073807
3.88678289310386		-0.00126265223259437
3.89084113679283		-0.00125701582971846
3.89489938048179		-0.00125140976890788
3.89895762417075		-0.0012458338583674
3.90301586785972		-0.00124028790769547
3.90707411154868		-0.00123477172787668
3.91113235523764		-0.00122928513126237
3.9151905989266		-0.00122382793156904
3.91924884261557		-0.00121839994385978
3.92330708630453		-0.0012130009845364
3.92736532999349		-0.0012076308713292
3.93142357368245		-0.00120228942328332
3.93548181737142		-0.00119697646075055
3.93954006106038		-0.00119169180537751
3.94359830474934		-0.00118643528009543
3.9476565484383		-0.00118120670910917
3.95171479212727		-0.00117600591788645
3.95577303581623		-0.00117083273315142
3.95983127950519		-0.00116568698286778
3.96388952319415		-0.00116056849623366
3.96794776688312		-0.00115547710367058
3.97200601057208		-0.00115041263681238
3.97606425426104		-0.00114537492849791
3.98012249795		-0.00114036381275692
3.98418074163897		-0.00113537912480577
3.98823898532793		-0.00113042070103392
3.99229722901689		-0.0011254883789956
3.99635547270585		-0.00112058199740072
4.00041371639482		-0.00111570139610599
4.00447196008378		-0.00111084641610442
4.00853020377274		-0.00110601689951666
4.0125884474617		-0.00110121268958402
4.01664669115067		-0.0010964336306544
4.02070493483963		-0.00109167956818056
4.02476317852859		-0.00108695034870378
4.02882142221755		-0.00108224581985147
4.03287966590652		-0.00107756583032358
4.03693790959548		-0.00107291022988831
4.04099615328444		-0.00106827886937062
4.0450543969734		-0.00106367160064375
4.04911264066237		-0.00105908827662385
4.05317088435133		-0.00105452875125742
4.05722912804029		-0.0010499928795174
4.06128737172925		-0.00104548051739189
4.06534561541822		-0.00104099152187684
4.06940385910718		-0.00103652575097119
4.07346210279614		-0.00103208306366135
4.0775203464851		-0.00102766331992273
4.08157859017407		-0.00102326638070487
4.08563683386303		-0.00101889210792742
4.08969507755199		-0.00101454036447133
4.09375332124095		-0.00101021101417043
4.09781156492992		-0.00100590392180577
4.10186980861888		-0.00100161895309715
4.10592805230784		-0.000997355974695468
4.1099862959968		-0.000993114854175853
4.11404453968577		-0.000988895460029359
4.11810278337473		-0.000984697661659338
4.12216102706369		-0.000980521329368855
4.12621927075265		-0.0009763663343591
4.13027751444162		-0.000972232548717003
4.13433575813058		-0.000968119845414361
4.13839400181954		-0.000964028098294857
4.1424522455085		-0.000959957182071028
4.14651048919747		-0.000955906972316761
4.15056873288643		-0.000951877345460857
4.15462697657539		-0.000947868178779859
4.15868522026435		-0.000943879350389913
4.16274346395332		-0.000939910739244041
4.16680170764228		-0.00093596222512255
4.17085995133124		-0.000932033688627286
4.1749181950202		-0.000928125011176362
4.17897643870917		-0.000924236074995495
4.18303468239813		-0.000920366763116145
4.18709292608709		-0.00091651695936429
4.19115116977605		-0.000912686548355684
4.19520941346502		-0.000908875415494737
4.19926765715398		-0.00090508344695916
4.20332590084294		-0.000901310529702474
4.2073841445319		-0.000897556551444443
4.21144238822087		-0.000893821400663841
4.21550063190983		-0.000890104966596771
4.21955887559879		-0.000886407139225461
4.22361711928775		-0.000882727809278677
4.22767536297672		-0.000879066868220276
4.23173360666568		-0.000875424208247352
4.23579185035464		-0.000871799722283482
4.23985009404361		-0.000868193303972648
4.24390833773257		-0.000864604847674699
4.24796658142153		-0.000861034248459498
4.25202482511049		-0.000857481402100612
4.25608306879946		-0.000853946205071946
4.26014131248842		-0.000850428554540479
4.26419955617738		-0.000846928348362926
4.26825779986634		-0.000843445485077817
4.27231604355531		-0.00083997986390368
4.27637428724427		-0.000836531384730798
4.28043253093323		-0.000833099948118618
4.28449077462219		-0.00082968545528902
4.28854901831116		-0.000826287808121033
4.29260726200012		-0.000822906909148676
4.29666550568908		-0.00081954266155281
4.30072374937804		-0.000816194969158039
4.30478199306701		-0.000812863736425553
4.30884023675597		-0.000809548868454539
4.31289848044493		-0.000806250270968034
4.31695672413389		-0.000802967850316693
4.32101496782286		-0.000799701513468689
4.32507321151182		-0.000796451168008892
4.32913145520078		-0.000793216722130695
4.33318969888974		-0.000789998084634292
4.33724794257871		-0.000786795164920356
4.34130618626767		-0.000783607872986384
4.34536442995663		-0.000780436119422596
4.34942267364559		-0.000777279815406668
4.35348091733456		-0.000774138872700727
4.35753916102352		-0.0007710132036438
4.36159740471248		-0.000767902721151363
4.36565564840144		-0.00076480733871024
4.36971389209041		-0.000761726970371227
4.37377213577937		-0.000758661530750013
4.37783037946833		-0.000755610935018399
4.38188862315729		-0.000752575098902019
4.38594686684626		-0.000749553938677766
4.39000511053522		-0.000746547371166955
4.39406335422418		-0.000743555313732547
4.39812159791314		-0.00074057768427689
4.40217984160211		-0.000737614401233718
4.40623808529107		-0.000734665383567778
4.41029632898003		-0.000731730550770303
4.41435457266899		-0.000728809822854354
4.41841281635796		-0.000725903120350365
4.42247106004692		-0.000723010364303203
4.42652930373588		-0.000720131476270023
4.43058754742484		-0.000717266378314123
4.43464579111381		-0.000714414993000649
4.43870403480277		-0.000711577243396215
4.44276227849173		-0.000708753053062831
4.44682052218069		-0.00070594234605445
4.45087876586966		-0.000703145046913828
4.45493700955862		-0.000700361080669189
4.45899525324758		-0.000697590372830058
4.46305349693654		-0.000694832849384786
4.46711174062551		-0.000692088436795126
4.47116998431447		-0.000689357061995714
4.47522822800343		-0.000686638652387711
4.47928647169239		-0.000683933135837008
4.48334471538136		-0.000681240440670029
4.48740295907032		-0.000678560495672422
4.49146120275928		-0.00067589323008352
4.49551944644824		-0.000673238573593386
4.49957769013721		-0.000670596456340149
4.50363593382617		-0.000667966808907403
4.50769417751513		-0.000665349562318674
4.51175242120409		-0.000662744648037179
4.51581066489306		-0.000660151997960979
4.51986890858202		-0.000657571544419345
4.52392715227098		-0.000655003220171461
4.52798539595994		-0.000652446958402506
4.53204363964891		-0.000649902692719381
4.53610188333787		-0.000647370357148988
4.54016012702683		-0.000644849886136596
4.54421837071579		-0.000642341214539143
4.54827661440476		-0.000639844277624763
4.55233485809372		-0.000637359011071145
4.55639310178268		-0.000634885350959339
4.56045134547165		-0.00063242323377338
4.56450958916061		-0.000629972596395778
4.56856783284957		-0.000627533376106367
4.57262607653853		-0.000625105510578171
4.5766843202275		-0.000622688937874818
4.58074256391646		-0.000620283596448336
4.58480080760542		-0.000617889425136195
4.58885905129438		-0.000615506363157341
4.59291729498335		-0.000613134350112434
4.59697553867231		-0.000610773325977544
4.60103378236127		-0.000608423231104104
4.60509202605023		-0.000606084006215835
4.6091502697392		-0.000603755592405102
4.61320851342816		-0.000601437931130672
4.61726675711712		-0.000599130964216047
4.62132500080608		-0.000596834633845635
4.62538324449505		-0.000594548882563871
4.62944148818401		-0.000592273653270333
4.63349973187297		-0.000590008889218811
4.63755797556193		-0.000587754534015873
4.6416162192509		-0.000585510531615071
4.64567446293986		-0.000583276826318532
4.64973270662882		-0.00058105336277125
4.65379095031778		-0.000578840085960203
4.65784919400675		-0.000576636941211683
4.66190743769571		-0.000574443874189704
4.66596568138467		-0.000572260830891817
4.67002392507363		-0.000570087757648606
4.6740821687626		-0.000567924601120734
4.67814041245156		-0.000565771308295719
4.68219865614052		-0.000563627826487622
4.68625689982948		-0.000561494103333165
4.69031514351845		-0.000559370086789815
4.69437338720741		-0.000557255725133971
4.69843163089637		-0.000555150966958113
4.70248987458533		-0.00055305576117066
4.7065481182743		-0.000550970056990066
4.71060636196326		-0.000548893803945517
4.71466460565222		-0.000546826951874596
4.71872284934118		-0.00054476945091998
4.72278109303015		-0.000542721251528966
4.72683933671911		-0.000540682304448041
4.73089758040807		-0.000538652560726501
4.73495582409703		-0.000536631971707691
4.739014067786		-0.000534620489033297
4.74307231147496		-0.000532618064635954
4.74713055516392		-0.000530624650741083
4.75118879885288		-0.000528640199862128
4.75524704254185		-0.000526664664801952
4.75930528623081		-0.00052469799864624
4.76336352991977		-0.000522740154766343
4.76742177360873		-0.00052079108681348
4.7714800172977		-0.000518850748719451
4.77553826098666		-0.000516919094693624
4.77959650467562		-0.000514996079220329
4.78365474836458		-0.000513081657058374
4.78771299205355		-0.00051117578323918
4.79177123574251		-0.000509278413062966
4.79582947943147		-0.000507389502099624
4.79988772312043		-0.000505509006184819
4.8039459668094		-0.000503636881418948
4.80800421049836		-0.000501773084166135
4.81206245418732		-0.000499917571050222
4.81612069787628		-0.000498070298955907
4.82017894156525		-0.00049623122502495
4.82423718525421		-0.000494400306653956
4.82829542894317		-0.000492577501496087
4.83235367263213		-0.000490762767454404
4.8364119163211		-0.000488956062684471
4.84047016001006		-0.000487157345589293
4.84452840369902		-0.000485366574821541
4.84858664738799		-0.000483583709277273
4.85264489107695		-0.000481808708098525
4.85670313476591		-0.000480041530668038
4.86076137845487		-0.000478282136610796
4.86481962214383		-0.000476530485790147
4.8688778658328		-0.000474786538307525
4.87293610952176		-0.000473050254499435
4.87699435321072		-0.000471321594938389
4.88105259689968		-0.000469600520428117
4.88511084058865		-0.000467886992004814
4.88916908427761		-0.00046618097093431
4.89322732796657		-0.000464482418709126
4.89728557165554		-0.000462791297051317
4.9013438153445		-0.000461107567905544
4.90540205903346		-0.000459431193441612
4.90946030272242		-0.000457762136050672
4.91351854641139		-0.000456100358345837
4.91757679010035		-0.000454445823157788
4.92163503378931		-0.000452798493537081
4.92569327747827		-0.000451158332748632
4.92975152116724		-0.000449525304273906
4.9338097648562		-0.000447899371806639
4.93786800854516		-0.000446280499253497
4.94192625223412		-0.000444668650731906
4.94598449592309		-0.000443063790568224
4.95004273961205		-0.000441465883296793
4.95410098330101		-0.000439874893658656
4.95815922698997		-0.000438290786600017
4.96221747067894		-0.000436713527271235
4.9662757143679		-0.000435143081024764
4.97033395805686		-0.000433579413414591
4.97439220174582		-0.000432022490194087
4.97845044543479		-0.000430472277315834
4.98250868912375		-0.000428928740929743
4.98656693281271		-0.000427391847380879
4.99062517650167		-0.000425861563209408
4.99468342019064		-0.000424337855149353
4.9987416638796		-0.000422820690126432
5.00279990756856		-0.000421310035257388
5.00685815125752		-0.000419805857848378
5.01091639494649		-0.00041830812539441
5.01497463863545		-0.000416816805577428
5.01903288232441		-0.000415331866265479
5.02309112601337		-0.000413853275511436
5.02714936970234		-0.000412381001551692
5.0312076133913		-0.000410915012804659
5.03526585708026		-0.000409455277870373
5.03932410076922		-0.000408001765528492
5.04338234445819		-0.000406554444738499
5.04744058814715		-0.000405113284636002
5.05149883183611		-0.000403678254534683
5.05555707552507		-0.000402249323922312
5.05961531921404		-0.000400826462462445
5.063673562903		-0.000399409639990335
5.06773180659196		-0.000397998826514141
5.07179005028092		-0.000396593992212279
5.07584829396989		-0.000395195107433836
