0.247529412864693		24470.1099126093
0.250458001597145		22473.2975487199
0.253386590329598		20664.2300493985
0.256315179062051		19022.9197405099
0.259243767794503		17531.7508798977
0.262172356526956		16175.1699976118
0.265100945259409		14939.4202331224
0.268029533991861		13812.3129265632
0.270958122724314		12783.0308275304
0.273886711456767		11841.9581982598
0.276815300189219		10980.5338438034
0.279743888921672		10191.1237288817
0.282672477654125		9466.91036261887
0.285601066386577		8801.79656718341
0.28852965511903		8190.32160973571
0.291458243851482		7627.58798143961
0.294386832583935		7109.19736281648
0.297315421316388		6631.19452968996
0.30024401004884		6190.01813521152
0.303172598781293		5782.45745659744
0.306101187513746		5405.61432484583
0.309029776246198		5056.86956568316
0.311958364978651		4733.85337345353
0.314886953711104		4434.41911926745
0.317815542443556		4156.62016263538
0.320744131176009		3898.68929383437
0.323672719908461		3659.02048397283
0.326601308640914		3436.15266231443
0.329529897373367		3228.75527705709
0.332458486105819		3035.61542726625
0.335387074838272		2855.62638082703
0.338315663570725		2687.77731672791
0.341244252303177		2531.14415026941
0.34417284103563		2384.88131735
0.347101429768083		2248.21440921132
0.350030018500535		2120.43356225825
0.352958607232988		2000.88751906866
0.355887195965441		1888.97828674104
0.358815784697893		1784.15632746258
0.361744373430346		1685.91622382138
0.364672962162798		1593.79276806651
0.367601550895251		1507.3574303629
0.370530139627704		1426.21516622557
0.373458728360156		1350.00152781279
0.376387317092609		1278.38004772104
0.379315905825062		1211.03986740546
0.382244494557514		1147.69358542257
0.385173083289967		1088.07530339545
0.38810167202242		1031.93884999986
0.391030260754872		979.056165375533
0.393958849487325		929.215830247937
0.396887438219778		882.221725699078
0.39981602695223		837.891810998387
0.402744615684683		796.057008209509
0.405673204417135		756.560183457268
0.408601793149588		719.255215761727
0.411530381882041		684.006145274741
0.414458970614493		650.686393574284
0.417387559346946		619.178049397495
0.420316148079399		589.37121385891
0.423244736811851		561.163399773586
0.426173325544304		534.458980234821
0.429101914276757		509.168682066832
0.432030503009209		485.209120182819
0.434959091741662		462.502369271692
0.437887680474114		440.97556955921
0.440816269206567		420.560563704013
0.44374485793902		401.193562163112
0.446673446671472		382.814834598932
0.449602035403925		365.368425131529
0.452530624136378		348.801889436763
0.45545921286883		333.066051869372
0.458387801601283		318.114780958729
0.461316390333736		303.904781763629
0.464244979066188		290.395403719621
0.467173567798641		277.548462715429
0.470102156531094		265.328076263775
0.473030745263546		253.70051071483
0.475959333995999		242.634039557803
0.478887922728451		232.098811941646
0.481816511460904		222.066730609866
0.484745100193357		212.511338520391
0.487673688925809		203.407713481178
0.490602277658262		194.732370182362
0.493530866390715		186.463169067284
0.496459455123167		178.579231517539
0.49938804385562		171.060860885147
0.502316632588073		163.889468925486
0.505245221320525		157.047507239025
0.508173810052978		150.518403344461
0.511102398785431		144.286501049466
0.514030987517883		138.337004800178
0.516959576250336		132.655927728053
0.519888164982788		127.230043118339
0.522816753715241		122.046839066481
0.525745342447694		117.094476085402
0.528673931180146		112.361747462951
0.531602519912599		107.838042168987
0.534531108645052		103.513310142328
0.537459697377504		99.3780297816119
0.540388286109957		95.4231774997045
0.54331687484241		91.640199190721
0.546245463574862		88.0209834811954
0.549174052307315		84.5578366487511
0.552102641039767		81.2434590911742
0.55503122977222		78.0709232403736
0.557959818504673		75.033652831009
0.560888407237125		72.1254034315718
0.563816995969578		69.3402441430144
0.566745584702031		66.6725404150747
0.569674173434483		64.1169378771232
0.572602762166936		61.668347135878
0.575531350899389		59.3219294758346
0.578459939631841		57.0730833979278
0.581388528364294		54.9174319465001
0.584317117096746		52.8508107793497
0.587245705829199		50.8692569211812
0.590174294561652		48.9689981725738
0.593102883294104		47.1464431239034
0.596031472026557		45.3981717345983
0.59896006075901		43.7209264567622
0.601888649491462		42.1116038484739
0.604817238223915		40.5672466668921
0.607745826956368		39.0850363991899
0.61067441568882		37.6622862115619
0.613603004421273		36.2964342816369
0.616531593153726		34.9850375083729
0.619460181886178		33.7257655571353
0.622388770618631		32.5163952357882
0.625317359351084		31.354805167169
0.628245948083536		30.2389707645568
0.631174536815989		29.1669594587117
0.634103125548442		28.1369261909436
0.637031714280894		27.1471091466154
0.639960303013347		26.1958257072555
0.642888891745799		25.2814686222797
0.645817480478252		24.4025023786203
0.648746069210705		23.5574597564705
0.651674657943157		22.7449385780318
0.65460324667561		21.96359859997
0.657531835408062		21.2121585906949
0.660460424140515		20.4893935413424
0.663389012872968		19.7941320256061
0.666317601605421		19.1252536893016
0.669246190337873		18.4816868697371
0.672174779070326		17.8624063419528
0.675103367802778		17.2664311606877
0.678031956535231		16.6928226159278
0.680960545267684		16.1406823114127
0.683889134000136		15.6091502994514
0.686817722732589		15.0974033411238
0.689746311465042		14.6046532365241
0.692674900197494		14.1301452300814
0.695603488929947		13.6731565217378
0.6985320776624		13.2329948018867
0.701460666394852		12.8089969105886
0.704389255127305		12.400527530105
0.707317843859757		12.0069779191874
0.71024643259221		11.6277647862051
0.713175021324663		11.2623291126048
0.716103610057116		10.9101351174849
0.719032198789568		10.5706692062416
0.721960787522021		10.2434390484
0.724889376254473		9.92797257794609
0.727817964986926		9.62381717294047
0.730746553719379		9.33053879426698
0.733675142451831		9.04772116660037
0.736603731184284		8.77496499908552
0.739532319916737		8.51188733310721
0.742460908649189		8.25812072502017
0.745389497381642		8.01331269159398
0.748318086114095		7.77712499866846
0.751246674846547		7.54923311648223
0.754175263579		7.32932554305694
0.757103852311452		7.11710337956997
0.760032441043905		6.91227971188991
0.762961029776358		6.71457911609342
0.76588961850881		6.52373727518297
0.768818207241263		6.33950031085144
0.771746795973716		6.16162457211819
0.774675384706168		5.98987608393678
0.777603973438621		5.82403013958164
0.780532562171074		5.66387101179567
0.783461150903526		5.50919153463618
0.786389739635979		5.35979267001307
0.789318328368432		5.21548336860671
0.792246917100884		5.07607995385302
0.795175505833337		4.94140618816775
0.798104094565789		4.81129253748561
0.801032683298242		4.68557642206068
0.803961272030695		4.56410125783558
0.806889860763147		4.44671696669694
0.8098184494956		4.33327907008696
0.812747038228053		4.22364861861951
0.815675626960505		4.11769249671465
0.818604215692958		4.01528250437257
0.821532804425411		3.91629515863927
0.824461393157863		3.82061198426699
0.827389981890316		3.72811955149381
0.830318570622768		3.63870802386778
0.833247159355221		3.55227262803265
0.836175748087674		3.46871285674383
0.83796737044354		3.41896944643021
0.839758992799405		3.37024477292945
0.841550615155271		3.3225180826982
0.843342237511137		3.27576927863024
0.845133859867003		3.22997817831527
0.846925482222869		3.18512614239499
0.848717104578735		3.14119411929588
0.8505087269346		3.0981641276597
0.852300349290466		3.05601836337827
0.854091971646332		3.01473920323241
0.855883594002198		2.97430950482864
0.857675216358064		2.93471226487408
0.85946683871393		2.8959306719697
0.861258461069796		2.85794846030026
0.863050083425661		2.82074839953862
0.864841705781527		2.78431445346063
0.866633328137393		2.74862971836097
0.868424950493259		2.71367763586168
0.870216572849125		2.67944137492196
0.872008195204991		2.6459042351437
0.873799817560856		2.61304924550666
0.875591439916722		2.58085953122858
0.877383062272588		2.54931814860958
0.879174684628454		2.51840811312474
0.88096630698432		2.48811248676313
0.882757929340186		2.4584143725071
0.884549551696052		2.42929701317929
0.886341174051917		2.40074376064972
0.888132796407783		2.37273792721338
0.889924418763649		2.34526336620262
0.891716041119515		2.31830416041133
0.893507663475381		2.29184418950599
0.895299285831247		2.26586797338244
0.897090908187112		2.24036027080041
0.898882530542978		2.21530630254252
0.900674152898844		2.19069187275125
0.90246577525471		2.1665029433475
0.904257397610576		2.1427253188398
0.906049019966442		2.11934613176942
0.907840642322308		2.09635374480925
0.909632264678173		2.07373480988901
0.911423887034039		2.05147800503696
0.913215509389905		2.02957293750239
0.915007131745771		2.0080087321565
0.916798754101637		1.98677516984882
0.918590376457503		1.96586327429551
0.920381998813368		1.94526372386893
0.922173621169234		1.92496866340207
0.9239652435251		1.90496925463297
0.925756865880966		1.88525812963445
0.927548488236832		1.8658300592712
0.929340110592698		1.84667711156592
0.931131732948564		1.82779235436391
0.932923355304429		1.80917220139523
0.934714977660295		1.79080877782132
0.936506600016161		1.77269888306569
0.938298222372027		1.75483712328081
0.940089844727893		1.73721931138767
0.941881467083759		1.71984048027588
0.943673089439624		1.70269776597977
0.94546471179549		1.68578667263922
0.947256334151356		1.66910393297836
0.949047956507222		1.65264673722552
0.950839578863088		1.63641010373139
0.952631201218954		1.62039251066532
0.954422823574819		1.60459013408047
0.956214445930685		1.5890007918373
0.958006068286551		1.57362052174718
0.959797690642417		1.5584478394426
0.961589312998283		1.54347846281299
0.963380935354149		1.52871076826012
0.965172557710015		1.51414154216227
0.96696418006588		1.4997680639255
0.968755802421746		1.48558686584944
0.970547424777612		1.47159667282605
0.972339047133478		1.4577923648101
0.974130669489344		1.44417223456474
0.97592229184521		1.43073360678422
0.977713914201075		1.41747288444321
0.979505536556941		1.40438630191839
0.981297158912807		1.39147186210747
0.983088781268673		1.37872546795759
0.984880403624539		1.36614496573192
0.986672025980405		1.35372649715922
0.988463648336271		1.34146706618512
0.990255270692136		1.3293633712774
0.992046893048002		1.31741325975733
0.993838515403868		1.30561275566269
0.995630137759734		1.29395987269346
0.9974217601156		1.28245084761452
0.999213382471466		1.27108367397308
1.00100500482733		1.25985559232037
1.0027966271832		1.24876395697254
1.00458824953906		1.23780641103238
1.00637987189493		1.22698043127039
1.00817149425079		1.21628391537681
1.00996311660666		1.20571461606921
1.01175473896253		1.19527028589346
1.01354636131839		1.18494901529979
1.01760460500735		1.16201421758976
1.02166284869632		1.13967793966716
1.02572109238528		1.11791952090687
1.02977933607424		1.09671906697355
1.0338375797632		1.07605801562018
1.03789582345217		1.05591848933128
1.04195406714113		1.03628352170394
1.04601231083009		1.01713677018468
1.05007055451906		0.998462701768829
1.05412879820802		0.980246338025563
1.05818704189698		0.962473260461694
1.06224528558594		0.945129668680131
1.06630352927491		0.928202304449037
1.07036177296387		0.911678408994933
1.07442001665283		0.895545761478611
1.07847826034179		0.879792579914083
1.08253650403076		0.864407530170349
1.08659474771972		0.849379728851135
1.09065299140868		0.83469870900621
1.09471123509764		0.820354363606034
1.09876947878661		0.806336985351965
1.10282772247557		0.792637201845693
1.10688596616453		0.779246000007163
1.11094420985349		0.766154676814722
1.11500245354246		0.753354824925883
1.11906069723142		0.740838353648338
1.12311894092038		0.728597426852769
1.12717718460934		0.716624483736569
1.13123542829831		0.704912225105736
1.13529367198727		0.693453584588747
1.13935191567623		0.682241728370797
1.14341015936519		0.671270052740555
1.14746840305416		0.660532156823136
1.15152664674312		0.650021851557829
1.15558489043208		0.639733143457211
1.15964313412104		0.629660221970564
1.16370137781001		0.619797464010729
1.16775962149897		0.610139417285718
1.17181786518793		0.600680796882329
1.17587610887689		0.591416480448125
1.17993435256586		0.582341500091027
1.18399259625482		0.573451039175767
1.18805083994378		0.564740424021676
1.19210908363274		0.556205120260104
1.19616732732171		0.547840731197542
1.20022557101067		0.539642985038853
1.20428381469963		0.531607739440203
1.20834205838859		0.523730973083531
1.21240030207756		0.516008780122205
1.21645854576652		0.508437367915042
1.22051678945548		0.501013055895958
1.22457503314444		0.493732266114108
1.22863327683341		0.486591525647977
1.23269152052237		0.479587459559564
1.23674976421133		0.472716788500752
1.24080800790029		0.465976327096479
1.24486625158926		0.459362978790275
1.24892449527822		0.45287373379052
1.25298273896718		0.446505667778271
1.25704098265614		0.440255936720789
1.26109922634511		0.434121776131683
1.26515747003407		0.428100497693216
1.26921571372303		0.422189487365475
1.27327395741199		0.416386202725348
1.27733220110096		0.410688170938079
1.28139044478992		0.405092986497904
1.28544868847888		0.39959830915577
1.28950693216784		0.394201861934444
1.29356517585681		0.388901429180904
1.29762341954577		0.383694854905791
1.30168166323473		0.378580040503796
1.30573990692369		0.373554943175486
1.30979815061266		0.368617574686976
1.31385639430162		0.363765999211774
1.31791463799058		0.358998331790228
1.32197288167954		0.354312737125473
1.32603112536851		0.349707427792771
1.33008936905747		0.34518066315063
1.33414761274643		0.340730747352564
1.33820585643539		0.336356028801743
1.34226410012436		0.332054898317435
1.34632234381332		0.327825788023032
1.35038058750228		0.323667170222953
1.35443883119124		0.319577556144109
1.35849707488021		0.315555494772045
1.36255531856917		0.311599571931227
1.36661356225813		0.307708409007554
1.3706718059471		0.303880662123071
1.37473004963606		0.300115020994187
1.37878829332502		0.296410208028328
1.38284653701398		0.292764977424741
1.38690478070295		0.289178114211013
1.39096302439191		0.285648433388231
1.39502126808087		0.282174779142851
1.39907951176983		0.278756023929063
1.4031377554588		0.275391067728625
1.40719599914776		0.272078837326559
1.41125424283672		0.268818285448177
1.41531248652568		0.26560839015892
1.41937073021465		0.262448154047011
1.42342897390361		0.259336603656998
1.42748721759257		0.256272788758704
1.43154546128153		0.253255781698454
1.4356037049705		0.250284676841132
1.43966194865946		0.247358589905751
1.44372019234842		0.244476657437363
1.44777843603738		0.241638036177115
1.45183667972635		0.238841902579398
1.45589492341531		0.23608745223937
1.45995316710427		0.233373899374327
1.46401141079323		0.230700476352144
1.4680696544822		0.228066433184227
1.47212789817116		0.225471037035164
1.47618614186012		0.222913571810314
1.48024438554908		0.22039333766693
1.48430262923805		0.217909650617195
1.48836087292701		0.21546184208479
1.49241911661597		0.213049258508572
1.49647736030493		0.210671260942963
1.5005356039939		0.208327224680331
1.50459384768286		0.206016538874545
1.50865209137182		0.203738606189565
1.51271033506078		0.201492842422612
1.51676857874975		0.199278676203457
1.52082682243871		0.197095548618254
1.52488506612767		0.194942912929897
1.52894330981663		0.192820234233717
1.5330015535056		0.190726989178133
1.53705979719456		0.18866266565209
1.54111804088352		0.186626762508101
1.54517628457248		0.184618789289209
1.54923452826145		0.182638265940319
1.55329277195041		0.180684722573293
1.55735101563937		0.178757699185858
1.56140925932833		0.176856745428142
1.5654675030173		0.17498142036281
1.56952574670626		0.173131292221969
1.57358399039522		0.171305938191338
1.57764223408418		0.169504944178111
1.58170047777315		0.167727904606865
1.58575872146211		0.165974422198421
1.58981696515107		0.164244107782099
1.59387520884003		0.162536580088134
1.597933452529		0.160851465555192
1.60199169621796		0.159188398149334
1.60604993990692		0.157547019184122
1.61010818359588		0.155926977131881
1.61416642728485		0.154327927469593
1.61822467097381		0.152749532499562
1.62228291466277		0.15119146119176
1.62634115835173		0.149653389026222
1.6303994020407		0.148134997838517
1.63445764572966		0.146635975669981
1.63851588941862		0.145156016623884
1.64257413310758		0.143694820724837
1.64663237679655		0.142252093777916
1.65069062048551		0.140827547238076
1.65474886417447		0.139420898077651
1.65880710786343		0.138031868661206
1.6628653515524		0.136660186621547
1.66692359524136		0.135305584738146
1.67098183893032		0.133967800824405
1.67504008261929		0.132646577607861
1.67909832630825		0.131341662624168
1.68315656999721		0.13005280810641
1.68721481368617		0.128779770881088
1.69127305737513		0.127522312266595
1.6953313010641		0.126280197971121
1.69938954475306		0.125053197997507
1.70344778844202		0.123841086547116
1.70750603213099		0.122643641929806
1.71156427581995		0.121460646471398
1.71562251950891		0.12029188642762
1.71968076319787		0.119137151899579
1.72373900688684		0.117996236748993
1.7277972505758		0.11686893851743
1.73185549426476		0.115755058348886
1.73591373795372		0.114654400910863
1.73997198164269		0.113566774320056
1.74403022533165		0.112491990069874
1.74808846902061		0.111429862957723
1.75214671270957		0.110380211016434
1.75620495639854		0.109342855446764
1.7602632000875		0.108317620549066
1.76432144377646		0.107304333661768
1.76837968746542		0.106302825095662
1.77243793115439		0.10531292807434
1.77649617484335		0.104334478673516
1.78055441853231		0.103367315761964
1.78461266222127		0.102411280945965
1.78867090591024		0.101466218511858
1.7927291495992		0.100531975372751
1.79678739328816		0.0996084010157509
1.80084563697712		0.0986953474484864
1.80490388066609		0.0977926691509773
1.80896212435505		0.0969002230238553
1.81302036804401		0.0960178683418604
1.81707861173297		0.0951454667061064
1.82113685542194		0.094282881998032
1.8251950991109		0.0934299803344684
1.82925334279986		0.092586630023988
1.83331158648882		0.0917527015243875
1.83736983017779		0.0909280673999824
1.84142807386675		0.0901126022812546
1.84548631755571		0.0893061828248798
1.84954456124467		0.0885086876748954
1.85360280493364		0.0877199974236863
1.8576610486226		0.0869399945759124
1.86171929231156		0.086168563510796
1.86577753600052		0.0854055904476618
1.86983577968949		0.0846509634103478
1.87389402337845		0.0839045721934399
1.87795226706741		0.0831663083286871
1.88201051075637		0.0824360650529932
1.88606875444534		0.081713737276018
1.8901269981343		0.0809992215495718
1.89418524182326		0.0802924160366264
1.89824348551222		0.0795932204820666
1.90230172920119		0.0789015361828194
1.90635997289015		0.0782172659603924
1.91041821657911		0.0775403141319655
1.91447646026807		0.0768705864838413
1.91853470395704		0.0762079902441941
1.922592947646		0.0755524340575037
1.92665119133496		0.0749038279584046
1.93070943502392		0.0742620833472034
1.93476767871289		0.0736271129649413
1.93882592240185		0.0729988308696001
1.94288416609081		0.0723771524128712
1.94694240977977		0.071761994216574
1.95100065346874		0.0711532741508115
1.9550588971577		0.0705509113115438
1.95911714084666		0.0699548259990524
1.96317538453562		0.0693649396969837
1.96723362822459		0.0687811750513679
1.97129187191355		0.0682034558506668
1.97535011560251		0.0676317070057991
1.97940835929148		0.0670658545304341
1.98346660298044		0.0665058255224751
1.9875248466694		0.065951548144888
1.99158309035836		0.0654029516076892
1.99564133404733		0.0648599661498137
1.99969957773629		0.0643225230218403
2.00375782142525		0.063790554468552
2.00781606511421		0.0632639937120571
2.01187430880317		0.0627427749355056
2.01593255249214		0.0622268332664189
2.0199907961811		0.0617161047614106
2.02404903987006		0.0612105263900544
2.02810728355903		0.060710036019938
2.03216552724799		0.0602145724015764
2.03622377093695		0.059724075153724
2.04028201462591		0.0592384847491202
2.04434025831488		0.0587577425001188
2.04839850200384		0.0582817905450862
2.0524567456928		0.0578105718346378
2.05651498938176		0.057344030118496
2.06057323307073		0.0568821099322322
2.06463147675969		0.056424756584662
2.06868972044865		0.0559719161450515
2.07274796413761		0.0555235354309628
2.07680620782658		0.0550795619961034
2.08086445151554		0.054639944118377
2.0849226952045		0.0542046307883158
2.08898093889346		0.0537735716976307
2.09303918258243		0.0533467172279614
2.09709742627139		0.0529240184398807
2.10115566996035		0.052505427062127
2.10521391364931		0.0520908954809267
2.10927215733828		0.0516803767296185
2.11333040102724		0.0512738244784379
2.1173886447162		0.0508711930244535
2.12144688840516		0.0504724372817886
2.12550513209413		0.0500775127718291
2.12956337578309		0.0496863756138077
2.13362161947205		0.0492989825155368
2.13767986316101		0.0489152907640849
2.14173810684998		0.0485352582169108
2.14579635053894		0.0481588432930384
2.1498545942279		0.0477860049643294
2.15391283791686		0.0474167027469716
2.15797108160583		0.0470508966931385
2.16202932529479		0.0466885473827907
2.16608756898375		0.0463296159154957
2.17014581267271		0.0459740639026754
2.17420405636168		0.0456218534596472
2.17826230005064		0.0452729471980882
2.1823205437396		0.0449273082183949
2.18637878742856		0.0445849001024844
2.19043703111753		0.0442456869062914
2.19449527480649		0.0439096331528471
2.19855351849545		0.0435767038251675
2.20261176218441		0.0432468643593513
2.20667000587338		0.042920080637881
2.21072824956234		0.0425963189828756
2.2147864932513		0.0422755461496571
2.21884473694026		0.0419577293202382
2.22290298062923		0.0416428360970279
2.22696122431819		0.0413308344966292
2.23101946800715		0.0410216929437335
2.23507771169611		0.040715380265099
2.23913595538508		0.0404118656836999
2.24319419907404		0.0401111188128325
2.247252442763		0.0398131096505023
2.25131068645196		0.0395178085737697
2.25536893014093		0.0392251863332433
2.25942717382989		0.0389352140476548
2.26348541751885		0.0386478631985209
2.26754366120781		0.0383631056249143
2.27160190489678		0.0380809135182915
2.27566014858574		0.0378012594174222
2.2797183922747		0.0375241162034087
2.28377663596366		0.0372494570947584
2.28783487965263		0.0369772556425726
2.29189312334159		0.0367074857258128
2.29595136703055		0.0364401215465947
2.30000961071951		0.0361751376255945
2.30406785440848		0.035912508797602
2.30812609809744		0.035652210206953
2.3121843417864		0.0353942173032535
2.31624258547536		0.035138505837046
2.32030082916433		0.0348850518555379
2.32435907285329		0.034633831698488
2.32841731654225		0.0343848219940771
2.33247556023122		0.0341379996548732
2.33653380392018		0.0338933418738725
2.34059204760914		0.0336508261205808
2.3446502912981		0.0334104301371883
2.34870853498707		0.0331721319347282
2.35276677867603		0.0329359097894371
2.35682502236499		0.0327017422390254
2.36088326605395		0.0324696080790755
2.36494150974292		0.0322394863595302
2.36899975343188		0.0320113563811323
2.37305799712084		0.0317851976920577
2.3771162408098		0.0315609900844622
2.38117448449877		0.0313387135911885
2.38523272818773		0.0311183484824576
2.38929097187669		0.0308998752626437
2.39334921556565		0.0306832746671129
2.39740745925462		0.0304685276590515
2.40146570294358		0.0302556154264164
2.40552394663254		0.0300445193788749
2.4095821903215		0.0298352211448115
2.41364043401047		0.0296277025684129
2.41769867769943		0.0294219457067298
2.42175692138839		0.0292179328268464
2.42581516507735		0.0290156464030548
2.42987340876632		0.0288150691140962
2.43393165245528		0.0286161838404217
2.43798989614424		0.0284189736615224
2.4420481398332		0.028223421853241
2.44610638352217		0.0280295118852318
2.45016462721113		0.0278372274183391
2.45422287090009		0.0276465523020947
2.45828111458905		0.0274574705722019
2.46233935827802		0.0272699664481461
2.46639760196698		0.0270840243306822
2.47045584565594		0.0268996287995298
2.4745140893449		0.0267167646109941
2.47857233303387		0.0265354166956752
2.48263057672283		0.0263555701561669
2.48668882041179		0.0261772102648193
2.49074706410075		0.0260003224615702
2.49480530778972		0.0258248923516926
2.49886355147868		0.0256509057037347
2.50292179516764		0.0254783484473066
2.5069800388566		0.0253072066711195
2.51103828254557		0.0251374666208102
2.51509652623453		0.0249691146970217
2.51915476992349		0.0248021374533247
2.52321301361245		0.0246365215943211
2.52727125730142		0.0244722539736652
2.53132950099038		0.0243093215921888
2.53538774467934		0.02414771159598
2.5394459883683		0.0239874112745857
2.54350423205727		0.0238284080591308
2.54756247574623		0.0236706895205377
2.55162071943519		0.0235142433677824
2.55567896312415		0.0233590574461007
2.55973720681312		0.0232051197352819
2.56379545050208		0.0230524183479855
2.56785369419104		0.0229009415280438
2.57191193788		0.0227506776488181
2.57597018156897		0.0226016152115789
2.58002842525793		0.0224537428438962
2.58408666894689		0.0223070492980486
2.58814491263585		0.0221615234494711
2.59220315632482		0.0220171542952273
2.59626140001378		0.0218739309524844
2.60031964370274		0.0217318426570144
2.6043778873917		0.0215908787617179
2.60843613108067		0.0214510287351948
2.61249437476963		0.0213122821602924
2.61655261845859		0.0211746287326746
2.62061086214756		0.0210380582594847
2.62466910583652		0.0209025606579026
2.62872734952548		0.0207681259538495
2.63278559321444		0.0206347442806199
2.63684383690341		0.0205024058775617
2.64090208059237		0.0203711010888
2.64496032428133		0.0202408203619465
2.64901856797029		0.0201115542468119
2.65307681165926		0.019983293394215
2.65713505534822		0.0198560285546912
2.66119329903718		0.0197297505773018
2.66525154272614		0.0196044504084773
2.66930978641511		0.0194801190907889
2.67336803010407		0.0193567477617972
2.67742627379303		0.0192343276529188
2.68148451748199		0.0191128500882831
2.68554276117096		0.0189923064836181
2.68960100485992		0.018872688345147
2.69365924854888		0.0187539872685162
2.69771749223784		0.0186361949376973
2.70177573592681		0.0185193031239502
2.70583397961577		0.0184033036847806
2.70989222330473		0.0182881885628989
2.71395046699369		0.0181739497852055
2.71800871068266		0.0180605794618087
2.72206695437162		0.0179480697850107
2.72612519806058		0.017836413028357
2.73018344174954		0.0177256015456446
2.73424168543851		0.0176156277700033
2.73829992912747		0.0175064842129441
2.74235817281643		0.0173981634634307
2.74641641650539		0.0172906581869774
2.75047466019436		0.0171839611247581
2.75453290388332		0.0170780650926831
2.75859114757228		0.0169729629805618
2.76264939126124		0.0168686477512158
2.76670763495021		0.0167651124396379
2.77076587863917		0.0166623501521344
2.77482412232813		0.0165603540655219
2.77888236601709		0.0164591174262649
2.78294060970606		0.0163586335497104
2.78699885339502		0.0162588958192574
2.79105709708398		0.0161598976855892
2.79511534077294		0.0160616326658698
2.79917358446191		0.0159640943430181
2.80323182815087		0.0158672763648991
2.80729007183983		0.0157711724436171
2.81134831552879		0.0156757763547494
2.81540655921776		0.0155810819366359
2.81946480290672		0.0154870830896438
2.82352304659568		0.0153937737754777
2.82758129028464		0.0153011480164581
2.83163953397361		0.0152091998948303
2.83569777766257		0.0151179235520978
2.83975602135153		0.0150273131883271
2.84381426504049		0.0149373630615096
2.84787250872946		0.0148480674868745
2.85193075241842		0.0147594208362468
2.85598899610738		0.0146714175374201
2.86004723979634		0.0145840520735146
2.86410548348531		0.0144973189823469
2.86816372717427		0.0144112128558231
2.87222197086323		0.0143257283393307
2.87628021455219		0.0142408601311198
2.88033845824116		0.0141566029817422
2.88439670193012		0.0140729516934249
2.88845494561908		0.0139899011195239
2.89251318930804		0.0139074461639333
2.89657143299701		0.013825581780536
2.90062967668597		0.0137443029726333
2.90468792037493		0.0136636047923976
2.90874616406389		0.0135834823403401
2.91280440775286		0.0135039307647513
2.91686265144182		0.0134249452611984
2.92092089513078		0.0133465210719844
2.92497913881975		0.0132686534856261
2.92903738250871		0.0131913378363665
2.93309562619767		0.0131145695036483
2.93715386988663		0.0130383439116289
2.94121211357559		0.0129626565286774
2.94527035726456		0.0128875028669052
2.94932860095352		0.012812878481671
2.95338684464248		0.0127387789711141
2.95744508833145		0.0126651999756803
2.96150333202041		0.0125921371776851
2.96556157570937		0.0125195863008038
2.96961981939833		0.0124475431096806
2.9736780630873		0.0123760034094446
2.97773630677626		0.0123049630452796
2.98179455046522		0.012234417902
2.98585279415418		0.0121643639035993
2.98991103784315		0.0120947970128505
2.99396928153211		0.012025713230869
2.99802752522107		0.0119571085967074
3.00208576891003		0.0118889791869426
3.006144012599		0.0118213211152807
3.01020225628796		0.0117541305321372
3.01426049997692		0.0116874036242727
3.01831874366588		0.0116211366143705
3.02237698735485		0.0115553257606818
3.02643523104381		0.0114899673566207
3.03049347473277		0.011425057730414
3.03455171842173		0.0113605932446976
3.0386099621107		0.0112965702961843
3.04266820579966		0.0112329853152704
3.04672644948862		0.0111698347657052
3.05078469317758		0.0111071151442135
3.05484293686655		0.0110448229801715
3.05890118055551		0.0109829548352267
3.06295942424447		0.0109215073029917
3.06701766793343		0.0108604770086874
3.0710759116224		0.0107998606088125
3.07513415531136		0.0107396547908197
3.07919239900032		0.0106798562727785
3.08325064268928		0.0106204618030685
3.08730888637825		0.0105614681600546
3.09136713006721		0.0105028721517708
3.09542537375617		0.0104446706156072
3.09948361744513		0.0103868604180218
3.1035418611341		0.0103294384541982
3.10760010482306		0.0102724016478028
3.11165834851202		0.0102157469506306
3.11571659220098		0.0101594713423516
3.11977483588995		0.0101035718302085
3.12383307957891		0.0100480454487289
3.12789132326787		0.00999288925944186
3.13194956695683		0.00993810035060808
3.1360078106458		0.00988367583693368
3.14006605433476		0.00982961285930188
3.14412429802372		0.00977590858450175
3.14818254171268		0.00972256020495781
3.15224078540165		0.00966956493848744
3.15629902909061		0.00961692002800411
3.16035727277957		0.00956462274129077
3.16441551646853		0.0095126703707361
3.1684737601575		0.00946106023307448
3.17253200384646		0.00940978966914794
3.17659024753542		0.00935885604365169
3.18064849122438		0.00930825674490308
3.18470673491335		0.00925798918458945
3.18876497860231		0.00920805079754005
3.19282322229127		0.0091584390414702
3.19688146598023		0.00910915139678474
3.2009397096692		0.00906018536632386
3.20499795335816		0.00901153847513369
3.20905619704712		0.00896320827025371
3.21311444073608		0.00891519232049001
3.21717268442505		0.00886748821620102
3.22123092811401		0.00882009356906655
3.22528917180297		0.00877300601189435
3.22934741549193		0.00872622319838793
3.2334056591809		0.00867974280295259
3.23746390286986		0.008633562520477
3.24152214655882		0.00858768006613389
3.24558039024778		0.008542093175174
3.24963863393675		0.00849679960273069
3.25369687762571		0.00845179712362431
3.25775512131467		0.00840708353214978
3.26181336500363		0.00836265664190022
3.2658716086926		0.00831851428557096
3.26992985238156		0.00827465431476365
3.27398809607052		0.0082310745998125
3.27804633975949		0.00818777302958142
3.28210458344845		0.00814474751128784
3.28616282713741		0.00810199597033832
3.29022107082637		0.00805951635011334
3.29427931451534		0.00801730661183423
3.2983375582043		0.00797536473434284
3.30239580189326		0.00793368871396876
3.30645404558222		0.00789227656432544
3.31051228927119		0.00785112631616824
3.31457053296015		0.00781023601719672
3.31862877664911		0.00776960373192125
3.32268702033807		0.00772922754147826
3.32674526402704		0.00768910554346362
3.330803507716		0.00764923585179562
3.33486175140496		0.00760961659652977
3.33891999509392		0.00757024592372788
3.34297823878289		0.0075311219952772
3.34703648247185		0.00749224298875455
3.35109472616081		0.00745360709726839
3.35515296984977		0.00741521252930375
3.35921121353874		0.00737705750859393
3.3632694572277		0.00733914027393086
3.36732770091666		0.00730145907908087
3.37138594460562		0.00726401219257773
3.37544418829459		0.00722679789763329
3.37950243198355		0.00718981449195393
3.38356067567251		0.00715306028763248
3.38761891936147		0.00711653361099818
3.39167716305044		0.00708023280247159
3.3957354067394		0.00704415621644977
3.39979365042836		0.0070083022211605
3.40385189411732		0.00697266919852264
3.40791013780629		0.00693725554403325
3.41196838149525		0.00690205966663163
3.41602662518421		0.00686707998856507
3.42008486887317		0.00683231494526833
3.42414311256214		0.00679776298523885
3.4282013562511		0.00676342256991379
3.43225959994006		0.00672929217354477
3.43631784362902		0.00669537028306904
3.44037608731799		0.00666165539801278
3.44443433100695		0.0066281460303493
3.44849257469591		0.00659484070438983
3.45255081838487		0.0065617379566729
3.45660906207384		0.00652883633584107
3.4606673057628		0.00649613440253192
3.46472554945176		0.00646363072926094
3.46878379314072		0.00643132390032743
3.47284203682969		0.00639921251166548
3.47690028051865		0.00636729517078462
3.48095852420761		0.00633557049662524
3.48501676789657		0.00630403711947084
3.48907501158554		0.0062726936808283
3.4931332552745		0.00624153883333555
3.49719149896346		0.0062105712406556
3.50124974265242		0.00617978957736802
3.50530798634139		0.00614919252887452
3.50936623003035		0.00611877879129287
3.51342447371931		0.00608854707136954
3.51748271740827		0.00605849608636376
3.52154096109724		0.00602862456396071
3.5255992047862		0.00599893124218049
3.52965744847516		0.00596941486927457
3.53371569216412		0.00594007420363019
3.53777393585309		0.00591090801368141
3.54183217954205		0.0058819150778207
3.54589042323101		0.00585309418430518
3.54994866691997		0.00582444413115509
3.55400691060894		0.00579596372608561
3.5580651542979		0.00576765178639457
3.56212339798686		0.00573950713889418
3.56618164167582		0.0057115286198185
3.57023988536479		0.00568371507473589
3.57429812905375		0.00565606535845315
3.57835637274271		0.0056285783349612
3.58241461643168		0.00560125287731817
3.58647286012064		0.00557408786758769
3.5905311038096		0.00554708219675871
3.59458934749856		0.00552023476464597
3.59864759118753		0.0054935444798309
3.60270583487649		0.00546701025956277
3.60676407856545		0.00544063102971302
3.61082232225441		0.00541440572465148
3.61488056594338		0.00538833328721097
3.61893880963234		0.00536241266858683
3.6229970533213		0.00533664282827289
3.62705529701026		0.00531102273398282
3.63111354069923		0.00528555136157953
3.63517178438819		0.0052602276949961
3.63923002807715		0.00523505072617669
3.64328827176611		0.00521001945498348
3.64734651545508		0.00518513288914581
3.65140475914404		0.00516039004418365
3.655463002833		0.00513578994333887
3.65952124652196		0.00511133161749554
3.66357949021093		0.00508701410513196
3.66763773389989		0.0050628364522389
3.67169597758885		0.00503879771225775
3.67575422127781		0.00501489694601131
3.67981246496678		0.00499113322164494
3.68387070865574		0.00496750561455498
3.6879289523447		0.00494401320733159
3.69198719603366		0.00492065508968583
3.69604543972263		0.00489743035839811
3.70010368341159		0.0048743381172502
3.70416192710055		0.00485137747695344
3.70822017078951		0.00482854755511204
3.71227841447848		0.00480584747614587
3.71633665816744		0.00478327637122291
3.7203949018564		0.00476083337822643
3.72445314554536		0.00473851764167247
3.72851138923433		0.00471632831266277
3.73256963292329		0.0046942645488235
3.73662787661225		0.00467232551424832
3.74068612030121		0.00465051037944836
3.74474436399018		0.00462881832128868
3.74880260767914		0.0046072485229338
3.7528608513681		0.00458580017380271
3.75691909505706		0.00456447246949447
3.76097733874603		0.00454326461176074
3.76503558243499		0.00452217580843028
3.76909382612395		0.00450120527336969
3.77315206981291		0.00448035222642513
3.77721031350188		0.0044596158933745
3.78126855719084		0.00443899550586819
3.7853268008798		0.00441849030139161
3.78938504456876		0.00439809952320843
3.79344328825773		0.00437782242030496
3.79750153194669		0.00435765824734865
3.80155977563565		0.00433760626463824
3.80561801932461		0.00431766573805548
3.80967626301358		0.00429783593901244
3.81373450670254		0.00427811614441643
3.8177927503915		0.00425850563660684
3.82185099408046		0.00423900370332613
3.82590923776943		0.0042196096376487
3.82996748145839		0.00420032273796862
3.83402572514735		0.00418114230792876
3.83808396883631		0.00416206765638471
3.84214221252528		0.00414309809736625
3.84620045621424		0.00412423295001996
3.8502586999032		0.0041054715385768
3.85431694359216		0.00408681319230975
3.85837518728113		0.0040682572454809
3.86243343097009		0.00404980303731215
3.86649167465905		0.00403144991193078
3.87054991834801		0.00401319721834144
3.87460816203698		0.00399504431037609
3.87866640572594		0.00397699054664703
3.8827246494149		0.00395903529052781
3.88678289310386		0.00394117791009287
3.89084113679283		0.00392341777809055
3.89489938048179		0.00390575427189413
3.89895762417075		0.00388818677347155
3.90301586785972		0.00387071466934087
3.90707411154868		0.00385333735054453
3.91113235523764		0.00383605421258681
3.9151905989266		0.00381886465542644
3.91924884261557		0.00380176808341683
3.92330708630453		0.00378476390527922
3.92736532999349		0.00376785153406871
3.93142357368245		0.00375103038712973
3.93548181737142		0.00373429988606831
3.93954006106038		0.00371765945671327
3.94359830474934		0.00370110852908238
3.9476565484383		0.00368464653734603
3.95171479212727		0.00366827291979177
3.95577303581623		0.00365198711880241
3.95983127950519		0.00363578858080124
3.96388952319415		0.00361967675623446
3.96794776688312		0.00360365109953458
3.97200601057208		0.0035877110690844
3.97606425426104		0.00357185612719205
3.98012249795		0.00355608574004541
3.98418074163897		0.00354039937769695
3.98823898532793		0.00352479651401966
3.99229722901689		0.00350927662667949
3.99635547270585		0.00349383919710532
4.00041371639482		0.00347848371045944
4.00447196008378		0.0034632096556031
4.00853020377274		0.00344801652506803
4.0125884474617		0.0034329038150329
4.01664669115067		0.00341787102527782
4.02070493483963		0.00340291765917737
4.02476317852859		0.00338804322364805
4.02882142221755		0.00337324722913923
4.03287966590652		0.00335852918958931
4.03693790959548		0.00334388862241068
4.04099615328444		0.00332932504845251
4.0450543969734		0.00331483799197265
4.04911264066237		0.00330042698061959
4.05317088435133		0.00328609154539162
4.05722912804029		0.00327183122062342
4.06128737172925		0.0032576455439492
4.06534561541822		0.00324353405627872
4.06940385910718		0.00322949630178057
4.07346210279614		0.00321553182783252
4.0775203464851		0.00320164018502476
4.08157859017407		0.00318782092711233
4.08563683386303		0.00317407361100122
4.08969507755199		0.00316039779671948
4.09375332124095		0.00314679304738976
4.09781156492992		0.00313325892921025
4.10186980861888		0.00311979501142718
4.10592805230784		0.00310640086630952
4.1099862959968		0.00309307606912635
4.11404453968577		0.00307982019811978
4.11810278337473		0.00306663283449238
4.12216102706369		0.00305351356236674
4.12621927075265		0.00304046196877928
4.13027751444162		0.00302747764364054
4.13433575813058		0.00301456017973117
4.13839400181954		0.00300170917266041
4.1424522455085		0.0029889242208554
4.14651048919747		0.00297620492553672
4.15056873288643		0.00296355089069714
4.15462697657539		0.00295096172307822
4.15868522026435		0.00293843703214377
4.16274346395332		0.00292597643007032
4.16680170764228		0.00291357953171609
4.17085995133124		0.00290124595460208
4.1749181950202		0.00288897531889451
4.17897643870917		0.00287676724737686
4.18303468239813		0.00286462136544296
4.18709292608709		0.00285253730106101
4.19115116977605		0.00284051468475783
4.19520941346502		0.0028285531496143
4.19926765715398		0.0028166523312166
4.20332590084294		0.00280481186766297
4.2073841445319		0.00279303139953296
4.21144238822087		0.00278131056986397
4.21550063190983		0.00276964902414499
4.21955887559879		0.00275804641028083
4.22361711928775		0.0027465023785924
4.22767536297672		0.00273501658178017
4.23173360666568		0.00272358867491749
4.23579185035464		0.00271221831542861
4.23985009404361		0.0027009051630689
4.24390833773257		0.00268964887990978
4.24796658142153		0.00267844913031964
4.25202482511049		0.00266730558094333
4.25608306879946		0.0026562179006908
4.26014131248842		0.00264518576071362
4.26419955617738		0.00263420883439377
4.26825779986634		0.00262328679731812
4.27231604355531		0.00261241932727194
4.27637428724427		0.00260160610421246
4.28043253093323		0.00259084681025993
4.28449077462219		0.0025801411296759
4.28854901831116		0.00256948874884601
4.29260726200012		0.00255888935627239
4.29666550568908		0.00254834264254759
4.30072374937804		0.00253784830034418
4.30478199306701		0.00252740602439163
4.30884023675597		0.00251701551148001
4.31289848044493		0.0025066764604152
4.31695672413389		0.00249638857202985
4.32101496782286		0.00248615154915127
4.32507321151182		0.00247596509659807
4.32913145520078		0.00246582892115409
4.33318969888974		0.00245574273156225
4.33724794257871		0.00244570623850424
4.34130618626767		0.00243571915458842
4.34536442995663		0.00242578119433636
4.34942267364559		0.00241589207416578
4.35348091733456		0.00240605151238053
4.35753916102352		0.00239625922914642
4.36159740471248		0.00238651494648916
4.36565564840144		0.00237681838827782
4.36971389209041		0.00236716928020126
4.37377213577937		0.00235756734977031
4.37783037946833		0.00234801232628985
4.38188862315729		0.00233850394085109
4.38594686684626		0.00232904192632294
4.39000511053522		0.0023196260173301
4.39406335422418		0.00231025595024382
4.39812159791314		0.00230093146317429
4.40217984160211		0.00229165229594515
4.40623808529107		0.00228241819009173
4.41029632898003		0.00227322888884635
4.41435457266899		0.0022640841371233
4.41841281635796		0.0022549836815044
4.42247106004692		0.00224592727022928
4.42652930373588		0.00223691465318811
4.43058754742484		0.00222794558190198
4.43464579111381		0.00221901980950898
4.43870403480277		0.00221013709076245
4.44276227849173		0.00220129718201158
4.44682052218069		0.00219249984119011
4.45087876586966		0.00218374482780606
4.45493700955862		0.00217503190293081
4.45899525324758		0.00216636082918564
4.46305349693654		0.00215773137073351
4.46711174062551		0.0021491432932617
4.47116998431447		0.00214059636397964
4.47522822800343		0.00213209035159872
4.47928647169239		0.00212362502632615
4.48334471538136		0.00211520015985144
4.48740295907032		0.00210681552534184
4.49146120275928		0.00209847089742467
4.49551944644824		0.0020901660521776
4.49957769013721		0.00208190076711995
4.50363593382617		0.00207367482120409
4.50769417751513		0.00206548799479784
4.51175242120409		0.00205734006968318
4.51581066489306		0.00204923082904079
4.51986890858202		0.00204116005743831
4.52392715227098		0.0020331275408258
4.52798539595994		0.00202513306652319
4.53204363964891		0.00201717642320653
4.53610188333787		0.00200925740090222
4.54016012702683		0.00200137579098146
4.54421837071579		0.00199353138613909
4.54827661440476		0.00198572398039164
4.55233485809372		0.00197795336907182
4.55639310178268		0.00197021934880887
4.56045134547165		0.001962521717527
4.56450958916061		0.00195486027443094
4.56856783284957		0.00194723482000197
4.57262607653853		0.00193964515598469
4.5766843202275		0.0019320910853786
4.58074256391646		0.00192457241243082
4.58480080760542		0.00191708894262656
4.58885905129438		0.00190964048267641
4.59291729498335		0.00190222684051665
4.59697553867231		0.00189484782528938
4.60103378236127		0.00188750324734192
4.60509202605023		0.00188019291821691
4.6091502697392		0.00187291665064069
4.61320851342816		0.00186567425851587
4.61726675711712		0.00185846555691587
4.62132500080608		0.00185129036207266
4.62538324449505		0.00184414849137363
4.62944148818401		0.00183703976334616
4.63349973187297		0.0018299639976543
4.63755797556193		0.00182292101509402
4.6416162192509		0.00181591063757487
4.64567446293986		0.00180893268812457
4.64973270662882		0.00180198699087099
4.65379095031778		0.00179507337103903
4.65784919400675		0.00178819165494205
4.66190743769571		0.00178134166997655
4.66596568138467		0.00177452324460893
4.67002392507363		0.00176773620837352
4.6740821687626		0.00176098039186317
4.67814041245156		0.00175425562671889
4.68219865614052		0.00174756174562857
4.68625689982948		0.00174089858231465
4.69031514351845		0.00173426597152784
4.69437338720741		0.00172766374904121
4.69843163089637		0.00172109175164104
4.70248987458533		0.00171454981712607
4.7065481182743		0.00170803778428891
4.71060636196326		0.00170155549291788
4.71466460565222		0.00169510278378951
4.71872284934118		0.00168867949865798
4.72278109303015		0.00168228548025336
4.72683933671911		0.00167592057226452
4.73089758040807		0.00166958461935005
4.73495582409703		0.0016632774671108
4.739014067786		0.00165699896210294
4.74307231147496		0.00165074895181477
4.74713055516392		0.00164452728467209
4.75118879885288		0.00163833381002326
4.75524704254185		0.00163216837814314
4.75930528623081		0.0016260308402125
4.76336352991977		0.00161992104832646
4.76742177360873		0.00161383885547634
4.7714800172977		0.00160778411555157
4.77553826098666		0.00160175668333011
4.77959650467562		0.00159575641447012
4.78365474836458		0.0015897831655082
4.78771299205355		0.00158383679385335
4.79177123574251		0.00157791715777494
4.79582947943147		0.00157202411640514
4.79988772312043		0.00156615752972662
4.8039459668094		0.00156031725856903
4.80800421049836		0.00155450316460574
4.81206245418732		0.00154871511034107
4.81612069787628		0.00154295295911369
4.82017894156525		0.00153721657508455
4.82423718525421		0.00153150582322983
4.82829542894317		0.00152582056934599
4.83235367263213		0.00152016068002892
4.8364119163211		0.00151452602268181
4.84047016001006		0.00150891646549921
4.84452840369902		0.00150333187747372
4.84858664738799		0.00149777212837632
4.85264489107695		0.0014922370887642
4.85670313476591		0.00148672662996415
4.86076137845487		0.00148124062407719
4.86481962214383		0.0014757789439663
4.8688778658328		0.00147034146325535
4.87293610952176		0.00146492805631956
4.87699435321072		0.00145953859828822
4.88105259689968		0.0014541729650296
4.88511084058865		0.00144883103315467
4.88916908427761		0.0014435126800081
4.89322732796657		0.00143821778365896
4.89728557165554		0.0014329462229093
4.9013438153445		0.00142769787727255
4.90540205903346		0.00142247262698115
4.90946030272242		0.0014172703529746
4.91351854641139		0.00141209093690121
4.91757679010035		0.00140693426110426
4.92163503378931		0.00140180020862899
4.92569327747827		0.00139668866320534
4.92975152116724		0.00139159950925451
4.9338097648562		0.00138653263187559
4.93786800854516		0.00138148791684738
4.94192625223412		0.00137646525062148
4.94598449592309		0.00137146452031652
4.95004273961205		0.00136648561371497
4.95410098330101		0.00136152841925905
4.95815922698997		0.00135659282604579
4.96221747067894		0.00135167872382369
4.9662757143679		0.00134678600298625
4.97033395805686		0.00134191455457001
4.97439220174582		0.00133706427024776
4.97845044543479		0.0013322350423278
4.98250868912375		0.00132742676374801
4.98656693281271		0.00132263932806893
4.99062517650167		0.00131787262947341
4.99468342019064		0.00131312656276262
4.9987416638796		0.00130840102334924
5.00279990756856		0.00130369590725516
5.00685815125752		0.00129901111110638
5.01091639494649		0.00129434653213113
5.01497463863545		0.00128970206815375
5.01903288232441		0.00128507761759197
5.02309112601337		0.00128047307945285
5.02714936970234		0.00127588835332854
5.0312076133913		0.00127132333939152
5.03526585708026		0.0012667779383932
5.03932410076922		0.00126225205165763
5.04338234445819		0.00125774558108194
5.04744058814715		0.00125325842912476
5.05149883183611		0.00124879049881213
5.05555707552507		0.00124434169372499
5.05961531921404		0.00123991191800436
5.063673562903		0.00123550107633846
5.06773180659196		0.00123110907396641
5.07179005028092		0.00122673581666981
5.07584829396989		0.00122238121077398
