0.247529412864693		7778.10351660922
0.250458001597145		7124.28427459071
0.253386590329598		6533.56699024936
0.256315179062051		5999.07387942836
0.259243767794503		5514.76087954569
0.262172356526956		5075.3066888618
0.265100945259409		4676.01784948099
0.268029533991861		4312.74737573214
0.270958122724314		3981.82484555639
0.273886711456767		3679.99621490571
0.276815300189219		3404.37189769383
0.279743888921672		3152.3818875993
0.282672477654125		2921.73689190591
0.285601066386577		2710.39460877783
0.28852965511903		2516.53041372817
0.291458243851482		2338.51183328335
0.294386832583935		2174.87627782848
0.297315421316388		2024.31158448552
0.30024401004884		1885.63898719664
0.303172598781293		1757.79818708182
0.306101187513746		1639.83424334035
0.309029776246198		1530.88604490896
0.311958364978651		1430.17615695274
0.314886953711104		1337.00186503525
0.317815542443556		1250.72726430043
0.320744131176009		1170.77626187055
0.323672719908461		1096.62637850663
0.326601308640914		1027.80325082967
0.329529897373367		963.875748487645
0.332458486105819		904.451631882509
0.335387074838272		849.173685732238
0.338315663570725		797.716272063061
0.341244252303177		749.782253408683
0.34417284103563		705.100243196522
0.347101429768083		663.422145670745
0.350030018500535		624.520952357335
0.352958607232988		588.188766113983
0.355887195965441		554.235027322553
0.358815784697893		522.48491983603
0.361744373430346		492.777936957956
0.364672962162798		464.966590058755
0.367601550895251		438.915244464161
0.370530139627704		414.499069033033
0.373458728360156		391.603087398011
0.376387317092609		370.12132021214
0.379315905825062		349.95600894478
0.382244494557514		331.016912828397
0.385173083289967		313.22067148633
0.38810167202242		296.490226594598
0.391030260754872		280.754296651369
0.393958849487325		265.946899570821
0.396887438219778		252.00691838198
0.39981602695223		238.877705814577
0.402744615684683		226.506723997521
0.405673204417135		214.845215892202
0.408601793149588		203.847905429096
0.411530381882041		193.472723630362
0.414458970614493		183.680558277933
0.417387559346946		174.435024930999
0.420316148079399		165.702257321164
0.423244736811851		157.450715345738
0.426173325544304		149.651009057698
0.429101914276757		142.275737208465
0.432030503009209		135.299339036555
0.434959091741662		128.697958126705
0.437887680474114		122.449317271192
0.440816269206567		116.532603370081
0.44374485793902		110.928361498212
0.446673446671472		105.618397345402
0.449602035403925		100.585687313248
0.452530624136378		95.8142956170827
0.45545921286883		91.289297800488
0.458387801601283		86.9967101255564
0.461316390333736		82.9234243475418
0.464244979066188		79.0571474313521
0.467173567798641		75.386345800658
0.470102156531094		71.9001937532211
0.473030745263546		68.5885257027109
0.475959333995999		65.441791939381
0.478887922728451		62.451017629957
0.481816511460904		59.6077647977162
0.484745100193357		56.904097048739
0.487673688925809		54.3325468297135
0.490602277658262		51.886085018783
0.493530866390715		49.5580926712436
0.496459455123167		47.342334752118
0.49938804385562		45.2329357068831
0.502316632588073		43.2243567277184
0.505245221320525		41.3113745908145
0.508173810052978		39.4890619444279
0.511102398785431		37.7527689418643
0.514030987517883		36.0981061180144
0.516959576250336		34.5209284205033
0.519888164982788		33.0173203078157
0.522816753715241		31.5835818409053
0.525745342447694		30.2162156930258
0.528673931180146		28.9119150147475
0.531602519912599		27.6675520906854
0.534531108645052		26.4801677347957
0.537459697377504		25.3469613685044
0.540388286109957		24.2652817380123
0.54331687484241		23.2326182230447
0.546245463574862		22.2465926968657
0.549174052307315		21.3049519011762
0.552102641039767		20.4055602990857
0.55503122977222		19.5463933731245
0.557959818504673		18.7255313403609
0.560888407237125		17.9411532557613
0.563816995969578		17.1915314737779
0.566745584702031		16.4750264536855
0.569674173434483		15.790081875377
0.572602762166936		15.1352200515512
0.575531350899389		14.5090376162943
0.578459939631841		13.9102014697979
0.581388528364294		13.3374449638955
0.584317117096746		12.7895643146084
0.587245705829199		12.265415222731
0.590174294561652		11.7639096944575
0.593102883294104		11.2840130460415
0.596031472026557		10.8247410801967
0.59896006075901		10.3851574283545
0.601888649491462		9.96437104105659
0.604817238223915		9.56153382430079
0.607745826956368		9.17583840839196
0.61067441568882		8.80651604352497
0.613603004421273		8.45283461106642
0.616531593153726		8.1140967494498
0.619460181886178		7.78963808087457
0.622388770618631		7.47882553822303
0.625317359351084		7.18105578095264
0.628245948083536		6.895753703034
0.631174536815989		6.62237101574945
0.634103125548442		6.36038491107299
0.637031714280894		6.10929679736081
0.639960303013347		5.86863110035516
0.642888891745799		5.63793413042802
0.645817480478252		5.41677300904091
0.648746069210705		5.20473465082217
0.651674657943157		5.00142480416338
0.65460324667561		4.80646713356883
0.657531835408062		4.61950235857711
0.660460424140515		4.44018743179202
0.663389012872968		4.26819476171935
0.666317601605421		4.10321147408818
0.669246190337873		3.94493871204073
0.672174779070326		3.7930909745187
0.675103367802778		3.64739548220584
0.678031956535231		3.50759157760692
0.680960545267684		3.37343016291271
0.683889134000136		3.2446731523754
0.686817722732589		3.12109296387701
0.689746311465042		3.00247203039175
0.692674900197494		2.88860233332562
0.695603488929947		2.77928496896482
0.6985320776624		2.67432971897437
0.701460666394852		2.57355466104608
0.704389255127305		2.47678578744535
0.707317843859757		2.38385663451674
0.71024643259221		2.29460795842251
0.713175021324663		2.20888738929319
0.716103610057116		2.12654913283884
0.719032198789568		2.04745366275496
0.721960787522021		1.97146745692219
0.724889376254473		1.898462701973
0.727817964986926		1.82831706044159
0.730746553719379		1.7609134200269
0.733675142451831		1.69613965536047
0.736603731184284		1.63388840148982
0.739532319916737		1.57405687232314
0.742460908649189		1.51654661425757
0.745389497381642		1.46126335607545
0.748318086114095		1.40811679706291
0.751246674846547		1.35702045601344
0.754175263579		1.30789146688842
0.757103852311452		1.26065046948314
0.760032441043905		1.21522142273242
0.762961029776358		1.17153146347754
0.76588961850881		1.12951080779195
0.768818207241263		1.08909253571392
0.771746795973716		1.05021255705477
0.774675384706168		1.01280943860019
0.777603973438621		0.97682428621817
0.780532562171074		0.942200674934805
0.783461150903526		0.908884523693078
0.786389739635979		0.876823959586867
0.789318328368432		0.845969307541466
0.792246917100884		0.816272869956503
0.795175505833337		0.787689004924339
0.798104094565789		0.760173844320263
0.801032683298242		0.733685457616672
0.803961272030695		0.708183454149425
0.806889860763147		0.683629271986366
0.8098184494956		0.659985792773362
0.812747038228053		0.637217344847484
0.815675626960505		0.615289913166692
0.818604215692958		0.594170720408751
0.821532804425411		0.573828150563956
0.824461393157863		0.554231949818962
0.827389981890316		0.535353323652295
0.830318570622768		0.517164125833198
0.833247159355221		0.499637782422951
0.836175748087674		0.482748907486136
0.83796737044354		0.472720467365832
0.839758992799405		0.462916177864423
0.841550615155271		0.453330908390572
0.843342237511137		0.443959805349757
0.845133859867003		0.434797713521203
0.846925482222869		0.425840507885265
0.848717104578735		0.41708353491998
0.8505087269346		0.408522886502739
0.852300349290466		0.400154683363447
0.854091971646332		0.391975074671144
0.855883594002198		0.383980580570925
0.857675216358064		0.37616779132675
0.85946683871393		0.36853345713056
0.861258461069796		0.361075081576776
0.863050083425661		0.353788822097856
0.864841705781527		0.346672677336635
0.866633328137393		0.339723391128786
0.868424950493259		0.332938426885668
0.870216572849125		0.326314810405498
0.872008195204991		0.319850121223827
0.873799817560856		0.313541250530731
0.875591439916722		0.307385538036004
0.877383062272588		0.301380462494482
0.879174684628454		0.295522796884202
0.88096630698432		0.289809898998586
0.882757929340186		0.284238852864451
0.884549551696052		0.278806581049256
0.886341174051917		0.273510133008173
0.888132796407783		0.268346907644506
0.889924418763649		0.263313505642385
0.891716041119515		0.258406720806508
0.893507663475381		0.253624003674061
0.895299285831247		0.248962223535178
0.897090908187112		0.24441837680547
0.898882530542978		0.239989360780485
0.900674152898844		0.235671943002293
0.90246577525471		0.231463165129103
0.904257397610576		0.227360495002301
0.906049019966442		0.223360721418451
0.907840642322308		0.219460251429018
0.909632264678173		0.215656961417632
0.911423887034039		0.211947743890619
0.913215509389905		0.20832936006007
0.915007131745771		0.204799186092858
0.916798754101637		0.201354543268466
0.918590376457503		0.197992462062045
0.920381998813368		0.194710436830211
0.922173621169234		0.191505598151434
0.9239652435251		0.188375755370405
0.925756865880966		0.185318350198994
0.927548488236832		0.182330295418517
0.929340110592698		0.179409760422487
0.931131732948564		0.17655471423536
0.932923355304429		0.173762210349928
0.934714977660295		0.171030925604921
0.936506600016161		0.168358199709975
0.938298222372027		0.1657422555089
0.940089844727893		0.163181106636641
0.941881467083759		0.160673137396824
0.943673089439624		0.158216286196345
0.94546471179549		0.155809077044872
0.947256334151356		0.153449823870809
0.949047956507222		0.151136850602313
0.950839578863088		0.148869116474696
0.952631201218954		0.146644835302515
0.954422823574819		0.144462869681353
0.956214445930685		0.142321787691806
0.958006068286551		0.140220632538073
0.959797690642417		0.138157980111407
0.961589312998283		0.136133069048996
0.963380935354149		0.134144642433486
0.965172557710015		0.132191829825722
0.96696418006588		0.13027371083435
0.968755802421746		0.12838955130136
0.970547424777612		0.126538253404252
0.972339047133478		0.124719462335981
0.974130669489344		0.122932234420732
0.97592229184521		0.121175840823119
0.977713914201075		0.119449738192198
0.979505536556941		0.117753428323554
0.981297158912807		0.116086148101277
0.983088781268673		0.114447496231048
0.984880403624539		0.112836784548291
0.986672025980405		0.111253609000596
0.988463648336271		0.109697448825584
0.990255270692136		0.108167845009871
0.992046893048002		0.106664191900073
0.993838515403868		0.105186158767467
0.995630137759734		0.103733152454506
0.9974217601156		0.102304838465405
0.999213382471466		0.100900661146925
1.00100500482733		0.0995201826398708
1.0027966271832		0.0981629649187487
1.00458824953906		0.0968285489922466
1.00637987189493		0.0955165118220327
1.00817149425079		0.094226394592547
1.00996311660666		0.0929577717296895
1.01175473896253		0.0917102320719448
1.01354636131839		0.0904833404286525
1.01760460500735		0.0877785490340086
1.02166284869632		0.0851730457210676
1.02572109238528		0.0826624024283315
1.02977933607424		0.0802424446285
1.0338375797632		0.0779091761976065
1.03789582345217		0.0756588261612103
1.04195406714113		0.0734878095382431
1.04601231083009		0.0713927372181096
1.05007055451906		0.0693703846751215
1.05412879820802		0.0674176997674832
1.05818704189698		0.0655317884395511
1.06224528558594		0.0637098982137462
1.06630352927491		0.0619494132767281
1.07036177296387		0.0602478473750437
1.07442001665283		0.0586028318245752
1.07847826034179		0.0570121138025677
1.08253650403076		0.0554735475443309
1.08659474771972		0.0539850868186296
1.09065299140868		0.0525447803297999
1.09471123509764		0.0511507686718718
1.09876947878661		0.0498012759398556
1.10282772247557		0.0484946079556905
1.10688596616453		0.0472291456697298
1.11094420985349		0.046003343029959
1.11500245354246		0.0448157231005691
1.11906069723142		0.0436648727339969
1.12311894092038		0.0425494417152535
1.12717718460934		0.0414681379229034
1.13123542829831		0.0404197245129344
1.13529367198727		0.0394030179486398
1.13935191567623		0.0384168848709311
1.14341015936519		0.0374602393047609
1.14746840305416		0.036532041090115
1.15152664674312		0.035631292906027
1.15558489043208		0.0347570385276532
1.15964313412104		0.0339083610317528
1.16370137781001		0.0330843804615884
1.16775962149897		0.0322842524436944
1.17181786518793		0.0315071663911788
1.17587610887689		0.0307523438745576
1.17993435256586		0.0300190372066941
1.18399259625482		0.0293065279441909
1.18805083994378		0.028614125649762
1.19210908363274		0.0279411665720467
1.19616732732171		0.027287012343321
1.20022557101067		0.0266510490992425
1.20428381469963		0.0260326861138929
1.20834205838859		0.0254313549105681
1.21240030207756		0.0248465083314713
1.21645854576652		0.0242776195640294
1.22051678945548		0.0237241811928716
1.22457503314444		0.0231857045324014
1.22863327683341		0.0226617186716785
1.23269152052237		0.0221517698253282
1.23674976421133		0.0216554205945662
1.24080800790029		0.0211722492492058
1.24486625158926		0.0207018491355726
1.24892449527822		0.0202438280374856
1.25298273896718		0.0197978075534858
1.25704098265614		0.0193634225972664
1.26109922634511		0.0189403208194118
1.26515747003407		0.0185281621189678
1.26921571372303		0.0181266181457258
1.27327395741199		0.0177353718440559
1.27733220110096		0.0173541170053333
1.28139044478992		0.0169825578470391
1.28544868847888		0.0166204086081978
1.28950693216784		0.0162673931624131
1.29356517585681		0.0159232446485389
1.29762341954577		0.0155877051132651
1.30168166323473		0.0152605251822135
1.30573990692369		0.0149414637328826
1.30979815061266		0.0146302875767761
1.31385639430162		0.01432677117283
1.31791463799058		0.0140306963425632
1.32197288167954		0.0137418519923885
1.32603112536851		0.0134600338585847
1.33008936905747		0.0131850442517375
1.33414761274643		0.0129166918274519
1.33820585643539		0.0126547913435549
1.34226410012436		0.0123991634488945
1.34632234381332		0.0121496344697021
1.35038058750228		0.0119060362055001
1.35443883119124		0.0116682057358879
1.35849707488021		0.0114359852341361
1.36255531856917		0.0112092217851568
1.36661356225813		0.0109877672164098
1.3706718059471		0.0107714779294263
1.37473004963606		0.0105602147428996
1.37878829332502		0.0103538427389673
1.38284653701398		0.0101522311158453
1.38690478070295		0.00995525304740465
1.39096302439191		0.00976278554705534
1.39502126808087		0.00957470933634355
1.39907951176983		0.00939090872054292
1.4031377554588		0.00921127146701407
1.40719599914776		0.00903568868829236
1.41125424283672		0.00886405473153439
1.41531248652568		0.00869626706919527
1.41937073021465		0.00853222619662411
1.42342897390361		0.0083718355307606
1.42748721759257		0.00821500131471865
1.43154546128153		0.0080616325251396
1.4356037049705		0.00791164078214694
1.43966194865946		0.00776494026396078
1.44372019234842		0.00762144762331798
1.44777843603738		0.0074810819081863
1.45183667972635		0.00734376448395461
1.45589492341531		0.00720941895951905
1.45995316710427		0.00707797111560427
1.46401141079323		0.0069493488353167
1.4680696544822		0.00682348203765672
1.47212789817116		0.00670030261334486
1.47618614186012		0.00657974436228206
1.48024438554908		0.00646174293406047
1.48430262923805		0.00634623576979826
1.48836087292701		0.00623316204654372
1.49241911661597		0.00612246262328086
1.49647736030493		0.00601407998892951
1.5005356039939		0.00590795821203862
1.50459384768286		0.00580404289228419
1.50865209137182		0.00570228111349965
1.51271033506078		0.00560262139860046
1.51676857874975		0.00550501366548216
1.52082682243871		0.00540940918510896
1.52488506612767		0.00531576054029831
1.52894330981663		0.00522402158648065
1.5330015535056		0.00513414741332141
1.53705979719456		0.00504609430794634
1.54111804088352		0.00495981971917329
1.54517628457248		0.00487528222295698
1.54923452826145		0.00479244148914669
1.55329277195041		0.00471125824899102
1.55735101563937		0.00463169426409707
1.56140925932833		0.00455371229610591
1.5654675030173		0.00447727607744932
1.56952574670626		0.00440235028312229
1.57358399039522		0.00432890050321946
1.57764223408418		0.00425689321651198
1.58170047777315		0.00418629576472042
1.58575872146211		0.00411707632776325
1.58981696515107		0.00404920389961078
1.59387520884003		0.00398264826507169
1.597933452529		0.00391737997725042
1.60199169621796		0.00385337033567475
1.60604993990692		0.00379059136513878
1.61010818359588		0.00372901579529151
1.61416642728485		0.00366861704068026
1.61822467097381		0.0036093691815982
1.62228291466277		0.00355124694542223
1.62634115835173		0.0034942256885537
1.6303994020407		0.00343828137892434
1.63445764572966		0.00338339057903542
1.63851588941862		0.00332953042950616
1.64257413310758		0.0032766786331295
1.64663237679655		0.00322481343943589
1.65069062048551		0.00317391362968888
1.65474886417447		0.00312395850236624
1.65880710786343		0.00307492785905806
1.6628653515524		0.00302680199080112
1.66692359524136		0.00297956166482837
1.67098183893032		0.00293318811168524
1.67504008261929		0.00288766301278267
1.67909832630825		0.00284296848826583
1.68315656999721		0.00279908708528084
1.68721481368617		0.00275600176656932
1.69127305737513		0.00271369589940052
1.6953313010641		0.00267215324484552
1.69938954475306		0.00263135794734406
1.70344778844202		0.00259129452459355
1.70750603213099		0.00255194785771571
1.71156427581995		0.00251330318173203
1.71562251950891		0.00247534607629568
1.71968076319787		0.00243806245669524
1.72373900688684		0.0024014385651283
1.7277972505758		0.00236546096221785
1.73185549426476		0.00233011651876572
1.73591373795372		0.00229539240775774
1.73997198164269		0.00226127609658478
1.74403022533165		0.00222775533948557
1.74808846902061		0.0021948181702122
1.75214671270957		0.00216245289489336
1.75620495639854		0.00213064808510162
1.7602632000875		0.00209939257112569
1.76432144377646		0.00206867543541064
1.76837968746542		0.00203848600620456
1.77243793115439		0.0020088138513644
1.77649617484335		0.00197964877234412
1.78055441853231		0.0019509807983494
1.78461266222127		0.00192280018064553
1.78867090591024		0.00189509738703521
1.7927291495992		0.00186786309647772
1.79678739328816		0.00184108819385832
1.80084563697712		0.00181476376490871
1.80490388066609		0.00178888109125054
1.80896212435505		0.00176343164559178
1.81302036804401		0.00173840708703876
1.81707861173297		0.00171379925654357
1.82113685542194		0.00168960017247227
1.8251950991109		0.00166580202629265
1.82925334279986		0.00164239717837667
1.83331158648882		0.0016193781539153
1.83736983017779		0.00159673763894656
1.84142807386675		0.00157446847648453
1.84548631755571		0.00155256366275346
1.84954456124467		0.00153101634352091
1.85360280493364		0.00150981981053118
1.8576610486226		0.00148896749802672
1.86171929231156		0.00146845297936829
1.86577753600052		0.00144826996373676
1.86983577968949		0.00142841229292695
1.87389402337845		0.00140887393822229
1.87795226706741		0.00138964899735219
1.88201051075637		0.00137073169152655
1.88606875444534		0.00135211636254993
1.8901269981343		0.0013337974700074
1.89418524182326		0.0013157695885259
1.89824348551222		0.00129802740510321
1.90230172920119		0.00128056571650877
1.90635997289015		0.00126337942674619
1.91041821657911		0.0012464635445863
1.91447646026807		0.00122981318115808
1.91853470395704		0.00121342354760437
1.922592947646		0.0011972899527941
1.92665119133496		0.00118140780109509
1.93070943502392		0.00116577259020037
1.93476767871289		0.00115037990901149
1.93882592240185		0.0011352254355735
1.94288416609081		0.00112030493506135
1.94694240977977		0.00110561425781877
1.95100065346874		0.00109114933744281
1.9550588971577		0.00107690618891852
1.95911714084666		0.00106288090679901
1.96317538453562		0.00104906966342987
1.96723362822459		0.00103546870721874
1.97129187191355		0.00102207436094596
1.97535011560251		0.0010088830201176
1.97940835929148		0.00099589115135933
1.98346660298044		0.000983095290847564
1.9875248466694		0.000970492042781188
1.99158309035836		0.000958078077888793
1.99564133404733		0.000945850131973142
1.99969957773629		0.00093380500448972
2.00375782142525		0.000921939557160727
2.00781606511421		0.00091025071262211
2.01187430880317		0.000898735453102355
2.01593255249214		0.000887390819134513
2.0199907961811		0.000876213908296987
2.02404903987006		0.000865201873986296
2.02810728355903		0.000854351924217811
2.03216552724799		0.000843661320455489
2.03622377093695		0.000833127376469124
2.04028201462591		0.000822747457218534
2.04434025831488		0.000812518977764596
2.04839850200384		0.000802439402205094
2.0524567456928		0.000792506242636251
2.05651498938176		0.000782717058138007
2.06057323307073		0.000773069453783548
2.06463147675969		0.000763561079671353
2.06868972044865		0.000754189629980386
2.07274796413761		0.000744952842046561
2.07680620782658		0.000735848495461027
2.08086445151554		0.000726874411189224
2.0849226952045		0.000718028450710027
2.08898093889346		0.000709308515174901
2.09303918258243		0.000700712544586292
2.09709742627139		0.000692238516994711
2.10115566996035		0.000683884447714298
2.10521391364931		0.000675648388556198
2.10927215733828		0.000667528427079418
2.11333040102724		0.000659522685858591
2.1173886447162		0.000651629321768364
2.12144688840516		0.000643846525283892
2.12550513209413		0.00063617251979733
2.12956337578309		0.000628605560949355
2.13362161947205		0.000621143935975763
2.13767986316101		0.000613785963069053
2.14173810684998		0.000606529990753795
2.14579635053894		0.000599374397276112
2.1498545942279		0.000592317590006809
2.15391283791686		0.000585358004857695
2.15797108160583		0.000578494105710791
2.16202932529479		0.000571724383860155
2.16608756898375		0.000565047357466127
2.17014581267271		0.000558461571021367
2.17420405636168		0.000551965594828854
2.17826230005064		0.000545558024491122
2.1823205437396		0.000539237480410856
2.18637878742856		0.000533002607302079
2.19043703111753		0.000526852073712438
2.19449527480649		0.000520784571555328
2.19855351849545		0.000514798815652604
2.20261176218441		0.000508893543286961
2.20667000587338		0.000503067513763982
2.21072824956234		0.000497319507983713
2.2147864932513		0.000491648328021338
2.21884473694026		0.000486052796716923
2.22290298062923		0.000480531757273939
2.22696122431819		0.00047508407286628
2.23101946800715		0.000469708626253758
2.23507771169611		0.000464404319405703
2.23913595538508		0.000459170073132581
2.24319419907404		0.00045400482672545
2.247252442763		0.000448907537602941
2.25131068645196		0.00044387718096576
2.25536893014093		0.000438912749458481
2.25942717382989		0.000434013252838363
2.26348541751885		0.000429177717651186
2.26754366120781		0.00042440518691381
2.27160190489678		0.000419694719803414
2.27566014858574		0.000415045391353169
2.2797183922747		0.000410456292154263
2.28377663596366		0.00040592652806411
2.28783487965263		0.000401455219920583
2.29189312334159		0.000397041503262155
2.29595136703055		0.000392684528053833
2.30000961071951		0.000388383458418742
2.30406785440848		0.000384137472375155
2.30812609809744		0.000379945761579017
2.3121843417864		0.000375807531071659
2.31624258547536		0.000371721999032659
2.32030082916433		0.000367688396537845
2.32435907285329		0.00036370596732208
2.32841731654225		0.000359773967546952
2.33247556023122		0.000355891665573144
2.33653380392018		0.000352058341737434
2.34059204760914		0.000348273288134113
2.3446502912981		0.000344535808400931
2.34870853498707		0.000340845217509259
2.35276677867603		0.000337200841558431
2.35682502236499		0.000333602017574342
2.36088326605395		0.000330048093311919
2.36494150974292		0.000326538427061614
2.36899975343188		0.000323072387459758
2.37305799712084		0.000319649353302603
2.3771162408098		0.000316268713364169
2.38117448449877		0.000312929866217592
2.38523272818773		0.000309632220060065
2.38929097187669		0.000306375192541196
2.39334921556565		0.000303158210594775
2.39740745925462		0.000299980710273812
2.40146570294358		0.000296842136588829
2.40552394663254		0.000293741943349328
2.4095821903215		0.000290679593008325
2.41364043401047		0.000287654556509931
2.41769867769943		0.000284666313139913
2.42175692138839		0.000281714350379138
2.42581516507735		0.000278798163759846
2.42987340876632		0.000275917256724744
2.43393165245528		0.000273071140488785
2.43798989614424		0.00027025933390364
2.4420481398332		0.000267481363324745
2.44610638352217		0.00026473676248093
2.45016462721113		0.000262025072346533
2.45422287090009		0.000259345841015967
2.45828111458905		0.000256698623580692
2.46233935827802		0.000254082982008491
2.46639760196698		0.000251498485025109
2.47045584565594		0.000248944707998085
2.4745140893449		0.000246421232822803
2.47857233303387		0.00024392764781072
2.48263057672283		0.000241463547579674
2.48668882041179		0.000239028532946282
2.49074706410075		0.000236622210820354
2.49480530778972		0.000234244194101297
2.49886355147868		0.000231894101576449
2.50292179516764		0.000229571557821345
2.5069800388566		0.000227276193101799
2.51103828254557		0.000225007643277866
2.51509652623453		0.000222765549709555
2.51915476992349		0.000220549559164311
2.52321301361245		0.000218359323726205
2.52727125730142		0.000216194500706817
2.53132950099038		0.000214054752557755
2.53538774467934		0.000211939746784791
2.5394459883683		0.000209849155863588
2.54350423205727		0.000207782657156969
2.54756247574623		0.000205739932833704
2.55162071943519		0.000203720669788782
2.55567896312415		0.000201724559565158
2.55973720681312		0.000199751298276905
2.56379545050208		0.0001978005865338
2.56785369419104		0.000195872129367231
2.57191193788		0.000193965636157512
2.57597018156897		0.000192080820562467
2.58002842525793		0.000190217400447329
2.58408666894689		0.000188375097815905
2.58814491263585		0.000186553638742977
2.59220315632482		0.000184752753307925
2.59626140001378		0.000182972175529541
2.60031964370274		0.000181211643302006
2.6043778873917		0.00017947089833204
2.60843613108067		0.000177749686077137
2.61249437476963		0.000176047755684938
2.61655261845859		0.000174364859933664
2.62061086214756		0.000172700755173616
2.62466910583652		0.000171055201269716
2.62872734952548		0.000169427961545061
2.63278559321444		0.000167818802725485
2.63684383690341		0.00016622749488509
2.64090208059237		0.000164653811392748
2.64496032428133		0.000163097528859539
2.64901856797029		0.000161558427087122
2.65307681165926		0.000160036289016993
2.65713505534822		0.000158530900680661
2.66119329903718		0.000157042051150672
2.66525154272614		0.000155569532492493
2.66930978641511		0.00015411313971725
2.67336803010407		0.000152672670735268
2.67742627379303		0.000151247926310435
2.68148451748199		0.000149838710015348
2.68554276117096		0.00014844482818724
2.68960100485992		0.00014706608988467
2.69365924854888		0.000145702306844957
2.69771749223784		0.000144353293442356
2.70177573592681		0.000143018866646942
2.70583397961577		0.000141698845984208
2.70989222330473		0.00014039305349536
2.71395046699369		0.000139101313698282
2.71800871068266		0.000137823453549173
2.72206695437162		0.000136559302404843
2.72612519806058		0.000135308691985644
2.73018344174954		0.00013407145633904
2.73424168543851		0.000132847431803788
2.73829992912747		0.000131636456974729
2.74235817281643		0.000130438372668184
2.74641641650539		0.000129253021887916
2.75047466019436		0.00012808024979169
2.75453290388332		0.000126919903658373
2.75859114757228		0.000125771832855609
2.76264939126124		0.000124635888808019
2.76670763495021		0.000123511924965951
2.77076587863917		0.000122399796774736
2.77482412232813		0.000121299361644473
2.77888236601709		0.000120210478920308
2.78294060970606		0.000119133009853217
2.78699885339502		0.000118066817571267
2.79105709708398		0.000117011767051359
2.79511534077294		0.000115967725091441
2.79917358446191		0.000114934560283174
2.80323182815087		0.000113912142985062
2.80729007183983		0.000112900345296013
2.81134831552879		0.000111899041029344
2.81540655921776		0.000110908105687209
2.81946480290672		0.000109927416435456
2.82352304659568		0.000108956852078881
2.82758129028464		0.000107996293036903
2.83163953397361		0.000107045621319627
2.83569777766257		0.000106104720504305
2.83975602135153		0.000105173475712171
2.84381426504049		0.000104251773585667
2.84787250872946		0.000103339502266025
2.85193075241842		0.00010243655137122
2.85598899610738		0.000101542811974285
2.86004723979634		0.000100658176581967
2.86410548348531		9.978253911373e-05
2.86816372717427		9.89157948811059e-05
2.87222197086323		9.80578405673654e-05
2.87628021455219		9.72085742075253e-05
2.88033845824116		9.63678951686703e-05
2.88439670193012		9.5535704130596e-05
2.88845494561908		9.47119030667562e-05
2.89251318930804		9.38963952255203e-05
2.89657143299701		9.30890851117257e-05
2.90062967668597		9.22898784685257e-05
2.90468792037493		9.14986822595269e-05
2.90874616406389		9.07154046512089e-05
2.91280440775286		8.99399549956249e-05
2.91686265144182		8.91722438133749e-05
2.92092089513078		8.84121827768485e-05
2.92497913881975		8.76596846937326e-05
2.92903738250871		8.69146634907799e-05
2.93309562619767		8.61770341978299e-05
2.93715386988663		8.54467129320875e-05
2.94121211357559		8.47236168826409e-05
2.94527035726456		8.40076642952278e-05
2.94932860095352		8.32987744572378e-05
2.95338684464248		8.2596867682949e-05
2.95744508833145		8.19018652989971e-05
2.96150333202041		8.12136896300673e-05
2.96556157570937		8.05322639848136e-05
2.96961981939833		7.98575126419932e-05
2.9736780630873		7.91893608368173e-05
2.97773630677626		7.85277347475138e-05
2.98179455046522		7.78725614820975e-05
2.98585279415418		7.72237690653446e-05
2.98991103784315		7.6581286425969e-05
2.99396928153211		7.59450433839945e-05
2.99802752522107		7.53149706383238e-05
3.00208576891003		7.46909997544951e-05
3.006144012599		7.40730631526296e-05
3.01020225628796		7.34610940955622e-05
3.01426049997692		7.28550266771538e-05
3.01831874366588		7.22547958107816e-05
3.02237698735485		7.16603372180071e-05
3.02643523104381		7.10715874174136e-05
3.03049347473277		7.04884837136158e-05
3.03455171842173		6.99109641864353e-05
3.0386099621107		6.93389676802407e-05
3.04266820579966		6.87724337934484e-05
3.04672644948862		6.82113028681832e-05
3.05078469317758		6.76555159800942e-05
3.05484293686655		6.71050149283245e-05
3.05890118055551		6.65597422256321e-05
3.06295942424447		6.60196410886593e-05
3.06701766793343		6.54846554283478e-05
3.0710759116224		6.49547298404985e-05
3.07513415531136		6.44298095964709e-05
3.07919239900032		6.39098406340239e-05
3.08325064268928		6.33947695482913e-05
3.08730888637825		6.28845435828928e-05
3.09136713006721		6.23791106211774e-05
3.09542537375617		6.1878419177597e-05
3.09948361744513		6.13824183892071e-05
3.1035418611341		6.08910580072957e-05
3.10760010482306		6.04042883891328e-05
3.11165834851202		5.99220604898462e-05
3.11571659220098		5.94443258544128e-05
3.11977483588995		5.89710366097717e-05
3.12383307957891		5.8502145457051e-05
3.12789132326787		5.80376056639096e-05
3.13194956695683		5.75773710569929e-05
3.1360078106458		5.71213960144962e-05
3.14006605433476		5.66696354588394e-05
3.14412429802372		5.62220448494484e-05
3.14818254171268		5.57785801756412e-05
3.15224078540165		5.53391979496183e-05
3.15629902909061		5.49038551995548e-05
3.16035727277957		5.44725094627933e-05
3.16441551646853		5.40451187791363e-05
3.1684737601575		5.36216416842336e-05
3.17253200384646		5.32020372030692e-05
3.17659024753542		5.27862648435382e-05
3.18064849122438		5.23742845901201e-05
3.18470673491335		5.19660568976409e-05
3.18876497860231		5.15615426851268e-05
3.19282322229127		5.11607033297448e-05
3.19688146598023		5.0763500660832e-05
3.2009397096692		5.03698969540088e-05
3.20499795335816		4.99798549253781e-05
3.20905619704712		4.95933377258061e-05
3.21311444073608		4.92103089352864e-05
3.21717268442505		4.88307325573829e-05
3.22123092811401		4.84545730137529e-05
3.22528917180297		4.80817951387481e-05
3.22934741549193		4.77123641740922e-05
3.2334056591809		4.73462457636338e-05
3.23746390286986		4.69834059481743e-05
3.24152214655882		4.6623811160368e-05
3.24558039024778		4.62674282196962e-05
3.24963863393675		4.59142243275098e-05
3.25369687762571		4.55641670621441e-05
3.25775512131467		4.5217224374101e-05
3.26181336500363		4.48733645812991e-05
3.2658716086926		4.45325563643914e-05
3.26992985238156		4.41947687621478e-05
3.27398809607052		4.38599711669025e-05
3.27804633975949		4.35281333200657e-05
3.28210458344845		4.31992253076967e-05
3.28616282713741		4.28732175561406e-05
3.29022107082637		4.25500808277241e-05
3.29427931451534		4.22297862165124e-05
3.2983375582043		4.19123051441244e-05
3.30239580189326		4.15976093556063e-05
3.30645404558222		4.12856709153628e-05
3.31051228927119		4.09764622031432e-05
3.31457053296015		4.06699559100855e-05
3.31862877664911		4.03661250348122e-05
3.32268702033807		4.00649428795828e-05
3.32674526402704		3.97663830464966e-05
3.330803507716		3.94704194337505e-05
3.33486175140496		3.91770262319458e-05
3.33891999509392		3.88861779204472e-05
3.34297823878289		3.85978492637909e-05
3.34703648247185		3.83120153081428e-05
3.35109472616081		3.8028651377804e-05
3.35515296984977		3.77477330717645e-05
3.35921121353874		3.74692362603045e-05
3.3632694572277		3.7193137081641e-05
3.36732770091666		3.69194119386206e-05
3.37138594460562		3.66480374954569e-05
3.37544418829459		3.63789906745128e-05
3.37950243198355		3.61122486531254e-05
3.38356067567251		3.58477888604751e-05
3.38761891936147		3.55855889744957e-05
3.39167716305044		3.53256269188273e-05
3.3957354067394		3.50678808598099e-05
3.39979365042836		3.48123292035171e-05
3.40385189411732		3.45589505928304e-05
3.40791013780629		3.43077239045523e-05
3.41196838149525		3.40586282465582e-05
3.41602662518421		3.3811642954987e-05
3.42008486887317		3.3566747591468e-05
3.42414311256214		3.33239219403868e-05
3.4282013562511		3.30831460061854e-05
3.43225959994006		3.28444000107009e-05
3.43631784362902		3.26076643905367e-05
3.44037608731799		3.23729197944719e-05
3.44443433100695		3.21401470809019e-05
3.44849257469591		3.19093273153153e-05
3.45255081838487		3.16804417678035e-05
3.45660906207384		3.14534719106028e-05
3.4606673057628		3.12283994156695e-05
3.46472554945176		3.10052061522871e-05
3.46878379314072		3.07838741847044e-05
3.47284203682969		3.05643857698057e-05
3.47690028051865		3.03467233548107e-05
3.48095852420761		3.01308695750051e-05
3.48501676789657		2.99168072515008e-05
3.48907501158554		2.97045193890261e-05
3.4931332552745		2.94939891737433e-05
3.49719149896346		2.92851999710967e-05
3.50124974265242		2.90781353236874e-05
3.50530798634139		2.88727789491762e-05
3.50936623003035		2.8669114738214e-05
3.51342447371931		2.84671267523989e-05
3.51748271740827		2.826679922226e-05
3.52154096109724		2.80681165452671e-05
3.5255992047862		2.78710632838666e-05
3.52965744847516		2.76756241635425e-05
3.53371569216412		2.74817840709028e-05
3.53777393585309		2.728952805179e-05
3.54183217954205		2.7098841309417e-05
3.54589042323101		2.69097092025259e-05
3.54994866691997		2.67221172435711e-05
3.55400691060894		2.65360510969262e-05
3.5580651542979		2.63514965771126e-05
3.56212339798686		2.61684396470523e-05
3.56618164167582		2.59868664163422e-05
3.57023988536479		2.58067631395502e-05
3.57429812905375		2.56281162145345e-05
3.57835637274271		2.54509121807825e-05
3.58241461643168		2.52751377177725e-05
3.58647286012064		2.5100779643355e-05
3.5905311038096		2.49278249121555e-05
3.59458934749856		2.47562606139973e-05
3.59864759118753		2.45860739723437e-05
3.60270583487649		2.44172523427612e-05
3.60676407856545		2.4249783211401e-05
3.61082232225441		2.40836541935004e-05
3.61488056594338		2.39188530319025e-05
3.61893880963234		2.37553675955954e-05
3.6229970533213		2.35931858782692e-05
3.62705529701026		2.34322959968911e-05
3.63111354069923		2.32726861902991e-05
3.63517178438819		2.31143448178123e-05
3.63923002807715		2.29572603578598e-05
3.64328827176611		2.2801421406626e-05
3.64734651545508		2.26468166767126e-05
3.65140475914404		2.24934349958186e-05
3.655463002833		2.23412653054352e-05
3.65952124652196		2.21902966595584e-05
3.66357949021093		2.20405182234162e-05
3.66763773389989		2.18919192722132e-05
3.67169597758885		2.17444891898892e-05
3.67575422127781		2.15982174678949e-05
3.67981246496678		2.14530937039808e-05
3.68387070865574		2.13091076010034e-05
3.6879289523447		2.11662489657439e-05
3.69198719603366		2.10245077077431e-05
3.69604543972263		2.088387383815e-05
3.70010368341159		2.07443374685846e-05
3.70416192710055		2.06058888100154e-05
3.70822017078951		2.04685181716489e-05
3.71227841447848		2.03322159598355e-05
3.71633665816744		2.0196972676986e-05
3.7203949018564		2.00627789205035e-05
3.72445314554536		1.9929625381727e-05
3.72851138923433		1.9797502844889e-05
3.73256963292329		1.96664021860849e-05
3.73662787661225		1.95363143722556e-05
3.74068612030121		1.94072304601821e-05
3.74474436399018		1.92791415954927e-05
3.74880260767914		1.91520390116821e-05
3.7528608513681		1.90259140291421e-05
3.75691909505706		1.89007580542049e-05
3.76097733874603		1.87765625781971e-05
3.76503558243499		1.86533191765054e-05
3.76909382612395		1.85310195076543e-05
3.77315206981291		1.84096553123935e-05
3.77721031350188		1.82892184127982e-05
3.78126855719084		1.81697007113782e-05
3.7853268008798		1.80510941901996e-05
3.78938504456876		1.79333909100155e-05
3.79344328825773		1.78165830094083e-05
3.79750153194669		1.77006627039417e-05
3.80155977563565		1.7585622285323e-05
3.80561801932461		1.74714541205756e-05
3.80967626301358		1.73581506512206e-05
3.81373450670254		1.72457043924698e-05
3.8177927503915		1.71341079324263e-05
3.82185099408046		1.70233539312967e-05
3.82590923776943		1.69134351206105e-05
3.82996748145839		1.68043443024512e-05
3.83402572514735		1.66960743486938e-05
3.83808396883631		1.65886182002544e-05
3.84214221252528		1.64819688663456e-05
3.84620045621424		1.63761194237435e-05
3.8502586999032		1.62710630160611e-05
3.85431694359216		1.6166792853032e-05
3.85837518728113		1.60633022098013e-05
3.86243343097009		1.59605844262258e-05
3.86649167465905		1.58586329061816e-05
3.87054991834801		1.57574411168809e-05
3.87460816203698		1.56570025881955e-05
3.87866640572594		1.55573109119896e-05
3.8827246494149		1.54583597414592e-05
3.88678289310386		1.53601427904803e-05
3.89084113679283		1.52626538329638e-05
3.89489938048179		1.51658867022189e-05
3.89895762417075		1.50698352903227e-05
3.90301586785972		1.49744935474987e-05
3.90707411154868		1.48798554815009e-05
3.91113235523764		1.47859151570065e-05
3.9151905989266		1.46926666950148e-05
3.91924884261557		1.46001042722529e-05
3.92330708630453		1.45082221205896e-05
3.92736532999349		1.44170145264545e-05
3.93142357368245		1.43264758302645e-05
3.93548181737142		1.42366004258575e-05
3.93954006106038		1.41473827599315e-05
3.94359830474934		1.40588173314913e-05
3.9476565484383		1.39708986913005e-05
3.95171479212727		1.38836214413409e-05
3.95577303581623		1.37969802342771e-05
3.95983127950519		1.37109697729279e-05
3.96388952319415		1.36255848097439e-05
3.96794776688312		1.35408201462902e-05
3.97200601057208		1.34566706327361e-05
3.97606425426104		1.33731311673498e-05
3.98012249795		1.32901966959996e-05
3.98418074163897		1.32078622116598e-05
3.98823898532793		1.31261227539238e-05
3.99229722901689		1.30449734085207e-05
3.99635547270585		1.29644093068392e-05
4.00041371639482		1.28844256254563e-05
4.00447196008378		1.28050175856707e-05
4.00853020377274		1.27261804530424e-05
4.0125884474617		1.26479095369373e-05
4.01664669115067		1.25702001900765e-05
4.02070493483963		1.24930478080914e-05
4.02476317852859		1.24164478290832e-05
4.02882142221755		1.23403957331874e-05
4.03287966590652		1.22648870421443e-05
4.03693790959548		1.21899173188723e-05
4.04099615328444		1.21154821670482e-05
4.0450543969734		1.20415772306907e-05
4.04911264066237		1.19681981937489e-05
4.05317088435133		1.18953407796962e-05
4.05722912804029		1.18230007511275e-05
4.06128737172925		1.17511739093619e-05
4.06534561541822		1.16798560940495e-05
4.06940385910718		1.16090431827822e-05
4.07346210279614		1.15387310907098e-05
4.0775203464851		1.14689157701593e-05
4.08157859017407		1.13995932102594e-05
4.08563683386303		1.13307594365682e-05
4.08969507755199		1.12624105107059e-05
4.09375332124095		1.11945425299913e-05
4.09781156492992		1.11271516270818e-05
4.10186980861888		1.10602339696186e-05
4.10592805230784		1.09937857598743e-05
4.1099862959968		1.09278032344058e-05
4.11404453968577		1.08622826637099e-05
4.11810278337473		1.07972203518835e-05
4.12216102706369		1.07326126362875e-05
4.12621927075265		1.06684558872135e-05
4.13027751444162		1.06047465075555e-05
4.13433575813058		1.05414809324838e-05
4.13839400181954		1.04786556291241e-05
4.1424522455085		1.04162670962385e-05
4.14651048919747		1.03543118639111e-05
4.15056873288643		1.02927864932365e-05
4.15462697657539		1.02316875760119e-05
4.15868522026435		1.01710117344328e-05
4.16274346395332		1.01107556207912e-05
4.16680170764228		1.00509159171781e-05
4.17085995133124		9.9914893351888e-06
4.1749181950202		9.93247261563105e-06
4.17897643870917		9.87386252823702e-06
4.18303468239813		9.815655871378e-06
4.18709292608709		9.75784947178219e-06
4.19115116977605		9.70044018425582e-06
4.19520941346502		9.64342489140696e-06
4.19926765715398		9.5868005033726e-06
4.20332590084294		9.53056395754838e-06
4.2073841445319		9.47471221832161e-06
4.21144238822087		9.41924227680679e-06
4.21550063190983		9.36415115058427e-06
4.21955887559879		9.3094358834415e-06
4.22361711928775		9.25509354511729e-06
4.22767536297672		9.20112123104859e-06
4.23173360666568		9.14751606212014e-06
4.23579185035464		9.09427518441672e-06
4.23985009404361		9.04139576897817e-06
4.24390833773257		8.98887501155681e-06
4.24796658142153		8.93671013237767e-06
4.25202482511049		8.88489837590126e-06
4.25608306879946		8.83343701058867e-06
4.26014131248842		8.78232332866941e-06
4.26419955617738		8.73155464591159e-06
4.26825779986634		8.6811283013946e-06
4.27231604355531		8.63104165728412e-06
4.27637428724427		8.58129209860972e-06
4.28043253093323		8.53187703304444e-06
4.28449077462219		8.48279389068722e-06
4.28854901831116		8.43404012384716e-06
4.29260726200012		8.38561320683033e-06
4.29666550568908		8.33751063572872e-06
4.30072374937804		8.28972992821155e-06
4.30478199306701		8.24226862331853e-06
4.30884023675597		8.19512428125562e-06
4.31289848044493		8.14829448319261e-06
4.31695672413389		8.10177683106316e-06
4.32101496782286		8.05556894736661e-06
4.32507321151182		8.00966847497213e-06
4.32913145520078		7.96407307692475e-06
4.33318969888974		7.91878043625357e-06
4.33724794257871		7.87378825578181e-06
4.34130618626767		7.82909425793903e-06
4.34536442995663		7.7846961845751e-06
4.34942267364559		7.74059179677633e-06
4.35348091733456		7.69677887468335e-06
4.35753916102352		7.6532552173109e-06
4.36159740471248		7.61001864236972e-06
4.36565564840144		7.56706698608987e-06
4.36971389209041		7.52439810304629e-06
4.37377213577937		7.48200986598595e-06
4.37783037946833		7.43990016565686e-06
4.38188862315729		7.39806691063878e-06
4.38594686684626		7.35650802717583e-06
4.39000511053522		7.31522145901063e-06
4.39406335422418		7.27420516722035e-06
4.39812159791314		7.23345713005426e-06
4.40217984160211		7.19297534277316e-06
4.40623808529107		7.15275781749026e-06
4.41029632898003		7.11280258301383e-06
4.41435457266899		7.0731076846914e-06
4.41841281635796		7.03367118425564e-06
4.42247106004692		6.99449115967169e-06
4.42652930373588		6.95556570498619e-06
4.43058754742484		6.91689293017774e-06
4.43464579111381		6.878470961009e-06
4.43870403480277		6.84029793888018e-06
4.44276227849173		6.80237202068417e-06
4.44682052218069		6.76469137866296e-06
4.45087876586966		6.72725420026571e-06
4.45493700955862		6.69005868800815e-06
4.45899525324758		6.65310305933347e-06
4.46305349693654		6.61638554647452e-06
4.46711174062551		6.57990439631758e-06
4.47116998431447		6.54365787026735e-06
4.47522822800343		6.50764424411338e-06
4.47928647169239		6.47186180789788e-06
4.48334471538136		6.43630886578478e-06
4.48740295907032		6.40098373593021e-06
4.49146120275928		6.36588475035417e-06
4.49551944644824		6.33101025481367e-06
4.49957769013721		6.29635860867692e-06
4.50363593382617		6.26192818479902e-06
4.50769417751513		6.22771736939868e-06
4.51175242120409		6.1937245619364e-06
4.51581066489306		6.15994817499364e-06
4.51986890858202		6.12638663415344e-06
4.52392715227098		6.093038377882e-06
4.52798539595994		6.05990185741165e-06
4.53204363964891		6.02697553662483e-06
4.53610188333787		5.99425789193938e-06
4.54016012702683		5.96174741219481e-06
4.54421837071579		5.92944259853987e-06
4.54827661440476		5.89734196432106e-06
4.55233485809372		5.86544403497248e-06
4.55639310178268		5.8337473479065e-06
4.56045134547165		5.80225045240581e-06
4.56450958916061		5.77095190951623e-06
4.56856783284957		5.73985029194088e-06
4.57262607653853		5.70894418393522e-06
4.5766843202275		5.6782321812031e-06
4.58074256391646		5.64771289079406e-06
4.58480080760542		5.61738493100133e-06
4.58885905129438		5.58724693126115e-06
4.59291729498335		5.55729753205282e-06
4.59697553867231		5.52753538479991e-06
4.60103378236127		5.49795915177237e-06
4.60509202605023		5.46856750598963e-06
4.6091502697392		5.4393591311246e-06
4.61320851342816		5.41033272140869e-06
4.61726675711712		5.38148698153769e-06
4.62132500080608		5.35282062657864e-06
4.62538324449505		5.32433238187756e-06
4.62944148818401		5.29602098296806e-06
4.63349973187297		5.26788517548096e-06
4.63755797556193		5.23992371505466e-06
4.6416162192509		5.21213536724645e-06
4.64567446293986		5.18451890744469e-06
4.64973270662882		5.1570731207818e-06
4.65379095031778		5.12979680204818e-06
4.65784919400675		5.10268875560683e-06
4.66190743769571		5.07574779530899e-06
4.66596568138467		5.04897274441038e-06
4.67002392507363		5.02236243548844e-06
4.6740821687626		4.99591571036028e-06
4.67814041245156		4.96963142000142e-06
4.68219865614052		4.94350842446536e-06
4.68625689982948		4.91754559280384e-06
4.69031514351845		4.89174180298808e-06
4.69437338720741		4.86609594183043e-06
4.69843163089637		4.84060690490715e-06
4.70248987458533		4.81527359648165e-06
4.7065481182743		4.79009492942866e-06
4.71060636196326		4.76506982515896e-06
4.71466460565222		4.740197213545e-06
4.71872284934118		4.71547603284712e-06
4.72278109303015		4.69090522964051e-06
4.72683933671911		4.66648375874285e-06
4.73089758040807		4.64221058314272e-06
4.73495582409703		4.61808467392858e-06
4.739014067786		4.59410501021854e-06
4.74307231147496		4.57027057909067e-06
4.74713055516392		4.54658037551414e-06
4.75118879885288		4.52303340228085e-06
4.75524704254185		4.49962866993784e-06
4.75930528623081		4.47636519672025e-06
4.76336352991977		4.45324200848502e-06
4.76742177360873		4.43025813864506e-06
4.7714800172977		4.40741262810423e-06
4.77553826098666		4.3847045251928e-06
4.77959650467562		4.3621328856036e-06
4.78365474836458		4.33969677232868e-06
4.78771299205355		4.31739525559672e-06
4.79177123574251		4.29522741281087e-06
4.79582947943147		4.27319232848728e-06
4.79988772312043		4.25128909419419e-06
4.8039459668094		4.22951680849152e-06
4.80800421049836		4.20787457687121e-06
4.81206245418732		4.18636151169786e-06
4.81612069787628		4.16497673215017e-06
4.82017894156525		4.14371936416279e-06
4.82423718525421		4.12258854036877e-06
4.82829542894317		4.1015834000425e-06
4.83235367263213		4.08070308904328e-06
4.8364119163211		4.05994675975928e-06
4.84047016001006		4.03931357105218e-06
4.84452840369902		4.01880268820215e-06
4.84858664738799		3.99841328285357e-06
4.85264489107695		3.97814453296099e-06
4.85670313476591		3.95799562273582e-06
4.86076137845487		3.9379657425934e-06
4.86481962214383		3.91805408910057e-06
4.8688778658328		3.89825986492378e-06
4.87293610952176		3.87858227877761e-06
4.87699435321072		3.85902054537384e-06
4.88105259689968		3.83957388537093e-06
4.88511084058865		3.820241525324e-06
4.88916908427761		3.80102269763529e-06
4.89322732796657		3.78191664050502e-06
4.89728557165554		3.76292259788275e-06
4.9013438153445		3.7440398194192e-06
4.90540205903346		3.72526756041846e-06
4.90946030272242		3.7066050817907e-06
4.91351854641139		3.68805165000526e-06
4.91757679010035		3.66960653704422e-06
4.92163503378931		3.65126902035638e-06
4.92569327747827		3.63303838281163e-06
4.92975152116724		3.6149139126558e-06
4.9338097648562		3.59689490346588e-06
4.93786800854516		3.57898065410562e-06
4.94192625223412		3.56117046868167e-06
4.94598449592309		3.54346365649993e-06
4.95004273961205		3.52585953202245e-06
4.95410098330101		3.50835741482467e-06
4.95815922698997		3.49095662955303e-06
4.96221747067894		3.47365650588299e-06
4.9662757143679		3.45645637847747e-06
4.97033395805686		3.43935558694555e-06
4.97439220174582		3.42235347580171e-06
4.97845044543479		3.40544939442525e-06
4.98250868912375		3.38864269702031e-06
4.98656693281271		3.37193274257599e-06
4.99062517650167		3.35531889482708e-06
4.99468342019064		3.33880052221494e-06
4.9987416638796		3.32237699784888e-06
5.00279990756856		3.30604769946781e-06
5.00685815125752		3.28981200940229e-06
5.01091639494649		3.27366931453682e-06
5.01497463863545		3.25761900627263e-06
5.01903288232441		3.24166048049066e-06
5.02309112601337		3.22579313751494e-06
5.02714936970234		3.21001638207632e-06
5.0312076133913		3.19432962327645e-06
5.03526585708026		3.17873227455215e-06
5.03932410076922		3.16322375364008e-06
5.04338234445819		3.14780348254175e-06
5.04744058814715		3.13247088748876e-06
5.05149883183611		3.11722539890845e-06
5.05555707552507		3.10206645138982e-06
5.05961531921404		3.08699348364973e-06
5.063673562903		3.07200593849943e-06
5.06773180659196		3.05710326281139e-06
5.07179005028092		3.04228490748641e-06
5.07584829396989		3.02755032742104e-06
