0.247529412864693		0.000191546629034094
0.250458001597145		0.000204696049659585
0.253386590329598		0.000218524966957924
0.256315179062051		0.000233058195519733
0.259243767794503		0.000248321215872927
0.262172356526956		0.000264340196554674
0.265100945259409		0.00028114201710501
0.268029533991861		0.000298754292005583
0.270958122724314		0.000317205395587755
0.273886711456767		0.000336524487935545
0.276815300189219		0.000356741541810939
0.279743888921672		0.00037788737062971
0.282672477654125		0.000399993657518053
0.285601066386577		0.000423092985481107
0.28852965511903		0.000447218868716518
0.291458243851482		0.000472405785106797
0.294386832583935		0.000498689209928192
0.297315421316388		0.000526105650810346
0.30024401004884		0.000554692683989693
0.303172598781293		0.000584488991893475
0.306101187513746		0.000615534402100286
0.309029776246198		0.000647869927718147
0.311958364978651		0.000681537809226575
0.314886953711104		0.000716581557832968
0.317815542443556		0.000753046000386319
0.320744131176009		0.000790977325907096
0.323672719908461		0.000830423133776038
0.326601308640914		0.000871432483649878
0.329529897373367		0.000914055947145257
0.332458486105819		0.000958345661362221
0.335387074838272		0.00100435538429927
0.338315663570725		0.00105214055222649
0.341244252303177		0.00110175833907865
0.34417284103563		0.00115326771793858
0.347101429768083		0.00120672952467127
0.350030018500535		0.00126220652379212
0.352958607232988		0.00131976347662748
0.355887195965441		0.00137946721185131
0.358815784697893		0.00144138669847594
0.361744373430346		0.00150559312137328
0.364672962162798		0.00157215995940067
0.367601550895251		0.00164116306623867
0.370530139627704		0.00171268075399759
0.373458728360156		0.0017867938797021
0.376387317092609		0.00186358593474019
0.379315905825062		0.00194314313736578
0.382244494557514		0.0020255545283635
0.385173083289967		0.00211091206995396
0.38810167202242		0.00219931074805366
0.391030260754872		0.00229084867801457
0.393958849487325		0.00238562721390219
0.396887438219778		0.00248375106146561
0.39981602695223		0.00258532839487139
0.402744615684683		0.00269047097739578
0.405673204417135		0.00279929428606542
0.408601793149588		0.00291191764049482
0.411530381882041		0.00302846433594945
0.414458970614493		0.00314906178085611
0.417387559346946		0.00327384163875299
0.420316148079399		0.00340293997500442
0.423244736811851		0.00353649740816893
0.426173325544304		0.00367465926646971
0.429101914276757		0.0038175757491318
0.432030503009209		0.00396540209311686
0.434959091741662		0.00411829874518451
0.437887680474114		0.00427643153930358
0.440816269206567		0.00443997188001512
0.44374485793902		0.00460909693138213
0.446673446671472		0.00478398981208554
0.449602035403925		0.00496483979658913
0.452530624136378		0.00515184252264398
0.45545921286883		0.00534520020531657
0.458387801601283		0.00554512185759986
0.461316390333736		0.00575182351813933
0.464244979066188		0.00596552848542262
0.467173567798641		0.0061864675599902
0.470102156531094		0.00641487929319406
0.473030745263546		0.00665101024402028
0.475959333995999		0.00689511524408258
0.478887922728451		0.00714745766928465
0.481816511460904		0.00740830972140829
0.484745100193357		0.00767795271663329
0.487673688925809		0.00795667738341661
0.490602277658262		0.00824478416890846
0.493530866390715		0.00854258355462354
0.496459455123167		0.0088503963812409
0.49938804385562		0.00916855418257557
0.502316632588073		0.00949739952958304
0.505245221320525		0.00983728638431788
0.508173810052978		0.0101885804639404
0.511102398785431		0.0105516596153658
0.514030987517883		0.0109269141993427
0.516959576250336		0.0113147474870769
0.519888164982788		0.0117155760679181
0.522816753715241		0.0121298302656747
0.525745342447694		0.0125579545706028
0.528673931180146		0.0130004080797751
0.531602519912599		0.0134576649538189
0.534531108645052		0.0139302148776929
0.537459697377504		0.0144185635474746
0.540388286109957		0.0149232331543719
0.54331687484241		0.0154447628963526
0.546245463574862		0.0159837094931065
0.549174052307315		0.0165406477198834
0.552102641039767		0.0171161709518711
0.55503122977222		0.017710891727832
0.557959818504673		0.0183254423266307
0.560888407237125		0.0189604753495159
0.563816995969578		0.019616664338104
0.566745584702031		0.0202947043815467
0.569674173434483		0.020995312762938
0.572602762166936		0.0217192296090588
0.575531350899389		0.0224672185628105
0.578459939631841		0.0232400674573532
0.581388528364294		0.0240385890362353
0.584317117096746		0.0248636216568875
0.587245705829199		0.0257160300422232
0.590174294561652		0.0265967060210286
0.593102883294104		0.0275065693176058
0.596031472026557		0.0284465683399701
0.59896006075901		0.0294176809695323
0.601888649491462		0.0304209154276158
0.604817238223915		0.031457311096129
0.607745826956368		0.0325279394012938
0.61067441568882		0.0336339046939875
0.613603004421273		0.0347763451646744
0.616531593153726		0.0359564337699733
0.619460181886178		0.0371753791770412
0.622388770618631		0.0384344267753523
0.625317359351084		0.0397348595910997
0.628245948083536		0.0410779994081997
0.631174536815989		0.0424652076831427
0.634103125548442		0.0438978867433484
0.637031714280894		0.0453774807163866
0.639960303013347		0.0469054767994626
0.642888891745799		0.0484834062093713
0.645817480478252		0.0501128455279993
0.648746069210705		0.0517954177054631
0.651674657943157		0.053532793379983
0.65460324667561		0.0553266920777145
0.657531835408062		0.057178883413206
0.660460424140515		0.0590911883635904
0.663389012872968		0.0610654806074765
0.666317601605421		0.0631036880201671
0.669246190337873		0.0652077936849177
0.672174779070326		0.0673798375899268
0.675103367802778		0.0696219175602596
0.678031956535231		0.0719361914232699
0.680960545267684		0.0743248781283303
0.683889134000136		0.0767902587044307
0.686817722732589		0.0793346790817411
0.689746311465042		0.0819605500725458
0.692674900197494		0.0846703503609188
0.695603488929947		0.0874666270288183
0.6985320776624		0.0903519980046189
0.701460666394852		0.0933291538833937
0.704389255127305		0.0964008587252663
0.707317843859757		0.0995699521975096
0.71024643259221		0.102839352422969
0.713175021324663		0.106212056185135
0.716103610057116		0.109691142567594
0.719032198789568		0.113279772209772
0.721960787522021		0.116981192598822
0.724889376254473		0.120798739210475
0.727817964986926		0.124735836442791
0.730746553719379		0.128796000088125
0.733675142451831		0.132982837351039
0.736603731184284		0.137300055636501
0.739532319916737		0.141751458032674
0.742460908649189		0.146340955977587
0.745389497381642		0.151072548366632
0.748318086114095		0.155950351147337
0.751246674846547		0.160978594620154
0.754175263579		0.166161596466953
0.757103852311452		0.171503817294428
0.760032441043905		0.177009803340198
0.762961029776358		0.182684242237108
0.76588961850881		0.188531931709973
0.768818207241263		0.19455779053117
0.771746795973716		0.200766867782052
0.774675384706168		0.207164339047509
0.777603973438621		0.213755495284191
0.780532562171074		0.220545734971726
0.783461150903526		0.227540728528069
0.786389739635979		0.234746064263093
0.789318328368432		0.242167640857892
0.792246917100884		0.249811395263371
0.795175505833337		0.257683470067647
0.798104094565789		0.265790085539857
0.801032683298242		0.274137660745361
0.803961272030695		0.282732823788921
0.806889860763147		0.291582168962604
0.8098184494956		0.300692578670571
0.812747038228053		0.31007120280194
0.815675626960505		0.319725336534555
0.818604215692958		0.329662486357894
0.821532804425411		0.339889842138265
0.824461393157863		0.35041603966132
0.827389981890316		0.361248736853573
0.830318570622768		0.372396860422191
0.833247159355221		0.383868779032985
0.836175748087674		0.395672813254329
0.83796737044354		0.403061512483923
0.839758992799405		0.410580230918237
0.841550615155271		0.418229662073881
0.843342237511137		0.426013205807326
0.845133859867003		0.433930909456384
0.846925482222869		0.441985951222115
0.848717104578735		0.450179196412166
0.8505087269346		0.458509599264675
0.852300349290466		0.466981112652612
0.854091971646332		0.475593061605282
0.855883594002198		0.484347375801787
0.857675216358064		0.493240306053554
0.85946683871393		0.502274475042916
0.861258461069796		0.511449211908845
0.863050083425661		0.520762674406495
0.864841705781527		0.530214299789332
0.866633328137393		0.539802084860414
0.868424950493259		0.549522555046551
0.870216572849125		0.559377030537548
0.872008195204991		0.569358807581509
0.873799817560856		0.579467719919111
0.875591439916722		0.589700989596527
0.877383062272588		0.600053518966471
0.879174684628454		0.61052173837034
0.88096630698432		0.621104610676421
0.882757929340186		0.631797291115972
0.884549551696052		0.642596120269428
0.886341174051917		0.653494496825534
0.888132796407783		0.664494557725133
0.889924418763649		0.675585652410691
0.891716041119515		0.686769567713761
0.893507663475381		0.69803870575688
0.895299285831247		0.709392405826556
0.897090908187112		0.720828142019402
0.898882530542978		0.732335862784224
0.900674152898844		0.743919481458112
0.90246577525471		0.755571379750873
0.904257397610576		0.767293922959525
0.906049019966442		0.779080474228413
0.907840642322308		0.790928179452689
0.909632264678173		0.802837999589703
0.911423887034039		0.814806551932064
0.913215509389905		0.826833842480696
0.915007131745771		0.838917496780972
0.916798754101637		0.851055221550197
0.918590376457503		0.863247389924418
0.920381998813368		0.875495366413204
0.922173621169234		0.88779996426478
0.9239652435251		0.900161252645231
0.925756865880966		0.912576724536467
0.927548488236832		0.925050152127185
0.929340110592698		0.937582120000397
0.931131732948564		0.950173292454037
0.932923355304429		0.962828288651083
0.934714977660295		0.975545265286738
0.936506600016161		0.988328567773019
0.938298222372027		1.00117967685426
0.940089844727893		1.01410338988345
0.941881467083759		1.02710140191842
0.943673089439624		1.04017588347805
0.94546471179549		1.0533309702417
0.947256334151356		1.06656661922185
0.949047956507222		1.07988945191058
0.950839578863088		1.09329967914973
0.952631201218954		1.10680203744202
0.954422823574819		1.12040051775514
0.956214445930685		1.13409704799355
0.958006068286551		1.14789538451554
0.959797690642417		1.16179569511092
0.961589312998283		1.1758031065318
0.963380935354149		1.18992073361176
0.965172557710015		1.20414719829444
0.96696418006588		1.2184886657855
0.968755802421746		1.23294421247526
0.970547424777612		1.24751529972099
0.972339047133478		1.26220349298772
0.974130669489344		1.27701176819495
0.97592229184521		1.29193815319857
0.977713914201075		1.30698427354023
0.979505536556941		1.32215235071806
0.981297158912807		1.33743960381542
0.983088781268673		1.35284754514686
0.984880403624539		1.36837465855259
0.986672025980405		1.38402212279741
0.988463648336271		1.39979151126378
0.990255270692136		1.41567869603937
0.992046893048002		1.43168615813602
0.993838515403868		1.44781167046041
0.995630137759734		1.46405557122694
0.9974217601156		1.48041869642636
0.999213382471466		1.49689993552209
1.00100500482733		1.51349801332679
1.0027966271832		1.53021467330567
1.00458824953906		1.54704850879969
1.00637987189493		1.56400079425247
1.00817149425079		1.58106931380403
1.00996311660666		1.59825630958926
1.01175473896253		1.61556164698964
1.01354636131839		1.6329843569191
1.01760460500735		1.67288779850694
1.02166284869632		1.71340257731178
1.02572109238528		1.7545334811664
1.02977933607424		1.79628680961193
1.0338375797632		1.83866862629493
1.03789582345217		1.88168532458675
1.04195406714113		1.92534443492148
1.04601231083009		1.96965311652053
1.05007055451906		2.01461823904249
1.05412879820802		2.06024711544938
1.05818704189698		2.10654709360099
1.06224528558594		2.15352545676269
1.06630352927491		2.20118923655026
1.07036177296387		2.24954591568192
1.07442001665283		2.29860239661661
1.07847826034179		2.34836618422893
1.08253650403076		2.39884417587256
1.08659474771972		2.45004372650814
1.09065299140868		2.50197190152524
1.09471123509764		2.55463598962423
1.09876947878661		2.60804321041955
1.10282772247557		2.66220085984211
1.10688596616453		2.71711606197103
1.11094420985349		2.77279620792281
1.11500245354246		2.82924857222964
1.11906069723142		2.88648054218755
1.12311894092038		2.94449947641031
1.12717718460934		3.00331274287541
1.13123542829831		3.06292781270394
1.13529367198727		3.12335212188439
1.13935191567623		3.18459315418754
1.14341015936519		3.24665840044692
1.14746840305416		3.30955539687295
1.15152664674312		3.37329168589904
1.15558489043208		3.43787483655745
1.15964313412104		3.50331242510704
1.16370137781001		3.56961207000832
1.16775962149897		3.63678136702632
1.17181786518793		3.70482795506268
1.17587610887689		3.77375947987191
1.17993435256586		3.84358359957553
1.18399259625482		3.91430797585028
1.18805083994378		3.98594028045356
1.19210908363274		4.05848821416932
1.19616732732171		4.13195946005073
1.20022557101067		4.2063617195175
1.20428381469963		4.2817027134908
1.20834205838859		4.35799013997804
1.21240030207756		4.43523173511605
1.21645854576652		4.51343522760158
1.22051678945548		4.59260834785045
1.22457503314444		4.67275883898425
1.22863327683341		4.75389445113485
1.23269152052237		4.83602292616535
1.23674976421133		4.9191520337941
1.24080800790029		5.00328952994264
1.24486625158926		5.08844318715853
1.24892449527822		5.17462078359763
1.25298273896718		5.2618301008863
1.25704098265614		5.35007892982673
1.26109922634511		5.43937506489225
1.26515747003407		5.52972631193537
1.26921571372303		5.62114048229462
1.27327395741199		5.7136253972636
1.27733220110096		5.80718888420361
1.28139044478992		5.9018387837578
1.28544868847888		5.9975829390711
1.28950693216784		6.09442921035033
1.29356517585681		6.19238546468714
1.29762341954577		6.29145957840739
1.30168166323473		6.39165944307093
1.30573990692369		6.49299295973
1.30979815061266		6.59546804127361
1.31385639430162		6.69909261381437
1.31791463799058		6.80387461875615
1.32197288167954		6.90982200681284
1.32603112536851		7.0169427460603
1.33008936905747		7.12524481867339
1.33414761274643		7.23473621981687
1.33820585643539		7.34542496309352
1.34226410012436		7.45731907613835
1.34632234381332		7.57042660257391
1.35038058750228		7.68475560478748
1.35443883119124		7.80031416025995
1.35849707488021		7.91711036457998
1.36255531856917		8.03515233206897
1.36661356225813		8.15444819503815
1.3706718059471		8.27500610419712
1.37473004963606		8.39683422999186
1.37878829332502		8.51994076224134
1.38284653701398		8.64433390936882
1.38690478070295		8.77002190208849
1.39096302439191		8.89701298983138
1.39502126808087		9.02531544386385
1.39907951176983		9.1549375565405
1.4031377554588		9.28588764097783
1.40719599914776		9.41817403285929
1.41125424283672		9.55180508932081
1.41531248652568		9.68678919035611
1.41937073021465		9.82313473800743
1.42342897390361		9.9608501575978
1.42748721759257		10.0999438969152
1.43154546128153		10.2404244275226
1.4356037049705		10.3823002444761
1.43966194865946		10.5255798666368
1.44372019234842		10.6702718365646
1.44777843603738		10.8163847213208
1.45183667972635		10.9639271122018
1.45589492341531		11.1129076249739
1.45995316710427		11.2633349003335
1.46401141079323		11.4152176036164
1.4680696544822		11.5685644257171
1.47212789817116		11.723384082205
1.47618614186012		11.8796853144455
1.48024438554908		12.0374768893434
1.48430262923805		12.1967675993323
1.48836087292701		12.357566262519
1.49241911661597		12.5198817234334
1.49647736030493		12.6837228520299
1.5005356039939		12.8490985452686
1.50459384768286		13.0160177257449
1.50865209137182		13.1844893426077
1.51271033506078		13.35452237163
1.51676857874975		13.5261258149785
1.52082682243871		13.6993087019205
1.52488506612767		13.874080088094
1.52894330981663		14.0504490562343
1.5330015535056		14.2284247157702
1.53705979719456		14.4080162034893
1.54111804088352		14.5892326829019
1.54517628457248		14.7720833449166
1.54923452826145		14.9565774075735
1.55329277195041		15.1427241161724
1.55735101563937		15.3305327433819
1.56140925932833		15.5200125892112
1.5654675030173		15.7111729811581
1.56952574670626		15.9040232741285
1.57358399039522		16.0985728506597
1.57764223408418		16.2948311205022
1.58170047777315		16.4928075214524
1.58575872146211		16.6925115186471
1.58981696515107		16.8939526051075
1.59387520884003		17.0971403012498
1.597933452529		17.302084155639
1.60199169621796		17.5087937441163
1.60604993990692		17.7172786706515
1.61010818359588		17.9275485667696
1.61416642728485		18.1396130920123
1.61822467097381		18.3534819336427
1.62228291466277		18.5691648067846
1.62634115835173		18.7866714544349
1.6303994020407		19.0060116474441
1.63445764572966		19.2271951846769
1.63851588941862		19.4502318926595
1.64257413310758		19.6751316261118
1.64663237679655		19.9019042674345
1.65069062048551		20.1305597270515
1.65474886417447		20.3611079433515
1.65880710786343		20.593558882524
1.6628653515524		20.8279225388076
1.66692359524136		21.0642089343402
1.67098183893032		21.3024281192511
1.67504008261929		21.5425901714846
1.67909832630825		21.7847051970264
1.68315656999721		22.0287833297395
1.68721481368617		22.2748347314655
1.69127305737513		22.5228695918969
1.6953313010641		22.7728981287206
1.69938954475306		23.0249305874809
1.70344778844202		23.2789772417285
1.70750603213099		23.5350483928062
1.71156427581995		23.793154370018
1.71562251950891		24.0533055304953
1.71968076319787		24.3155122594023
1.72373900688684		24.5797849696255
1.7277972505758		24.846134101986
1.73185549426476		25.1145701251057
1.73591373795372		25.3851035355621
1.73997198164269		25.6577448576884
1.74403022533165		25.9325046436479
1.74808846902061		26.2093934734135
1.75214671270957		26.4884219548182
1.75620495639854		26.7696007234265
1.7602632000875		27.0529404426424
1.76432144377646		27.3384518035743
1.76837968746542		27.6261455251771
1.77243793115439		27.916032354037
1.77649617484335		28.2081230645975
1.78055441853231		28.5024284589207
1.78461266222127		28.79895936686
1.78867090591024		29.0977266459089
1.7927291495992		29.3987411812574
1.79678739328816		29.7020138857976
1.80084563697712		30.0075557000166
1.80490388066609		30.3153775921016
1.80896212435505		30.6254905578417
1.81302036804401		30.9379056206507
1.81707861173297		31.2526338315518
1.82113685542194		31.5696862691603
1.8251950991109		31.8890740396273
1.82925334279986		32.2108082767188
1.83331158648882		32.5349001417375
1.83736983017779		32.8613608234984
1.84142807386675		33.1902015383813
1.84548631755571		33.5214335302231
1.84954456124467		33.8550680703939
1.85360280493364		34.1911164577203
1.8576610486226		34.5295900185036
1.86171929231156		34.8705001065399
1.86577753600052		35.2138581029985
1.86983577968949		35.5596754165359
1.87389402337845		35.9079634831853
1.87795226706741		36.2587337663903
1.88201051075637		36.6119977569985
1.88606875444534		36.9677669732187
1.8901269981343		37.3260529606039
1.89418524182326		37.686867292108
1.89824348551222		38.0502215679459
1.90230172920119		38.4161274157702
1.90635997289015		38.784596490392
1.91041821657911		39.1556404740419
1.91447646026807		39.5292710762047
1.91853470395704		39.9055000336195
1.922592947646		40.2843391102816
1.92665119133496		40.6658000974657
1.93070943502392		41.0498948136876
1.93476767871289		41.436635104618
1.93882592240185		41.8260328432082
1.94288416609081		42.2180999296233
1.94694240977977		42.6128482911247
1.95100065346874		43.0102898822645
1.9550588971577		43.4104366846601
1.95911714084666		43.8133007071669
1.96317538453562		44.2188939857352
1.96723362822459		44.6272285834538
1.97129187191355		45.0383165905243
1.97535011560251		45.4521701242903
1.97940835929148		45.8688013291554
1.98346660298044		46.288222376639
1.9875248466694		46.7104454653409
1.99158309035836		47.135482820885
1.99564133404733		47.563346696001
1.99969957773629		47.99404937044
2.00375782142525		48.4276031510071
2.00781606511421		48.8640203715029
2.01187430880317		49.3033133927658
2.01593255249214		49.745494602659
2.0199907961811		50.1905764159912
2.02404903987006		50.6385712746053
2.02810728355903		51.089491647304
2.03216552724799		51.5433500298345
2.03622377093695		52.0001589449596
2.04028201462591		52.4599309423396
2.04434025831488		52.9226785986042
2.04839850200384		53.3884145173017
2.0524567456928		53.8571513288933
2.05651498938176		54.3289016907844
2.06057323307073		54.8036782872628
2.06463147675969		55.2814938295217
2.06868972044865		55.7623610556407
2.07274796413761		56.2462927305891
2.07680620782658		56.7333016461998
2.08086445151554		57.2234006211525
2.0849226952045		57.7166025010282
2.08898093889346		58.2129201582078
2.09303918258243		58.7123664919485
2.09709742627139		59.2149544283259
2.10115566996035		59.7206969202341
2.10521391364931		60.2296069474028
2.10927215733828		60.7416975163656
2.11333040102724		61.2569816604424
2.1173886447162		61.7754724397902
2.12144688840516		62.2971829413155
2.12550513209413		62.8221262787208
2.12956337578309		63.3503155924996
2.13362161947205		63.8817640498802
2.13767986316101		64.4164848448953
2.14173810684998		64.9544911982934
2.14579635053894		65.4957963575988
2.1498545942279		66.0404135970828
2.15391283791686		66.5883562177144
2.15797108160583		67.1396375472485
2.16202932529479		67.6942709401122
2.16608756898375		68.2522697774909
2.17014581267271		68.8136474672522
2.17420405636168		69.3784174439937
2.17826230005064		69.9465931690017
2.1823205437396		70.5181881302622
2.18637878742856		71.0932158424347
2.19043703111753		71.6716898468867
2.19449527480649		72.2536237116546
2.19855351849545		72.8390310314364
2.20261176218441		73.4279254276218
2.20667000587338		74.0203205482415
2.21072824956234		74.6162300679892
2.2147864932513		75.2156676882217
2.21884473694026		75.8186471369311
2.22290298062923		76.4251821687503
2.22696122431819		77.0352865649624
2.23101946800715		77.6489741334729
2.23507771169611		78.2662587088231
2.23913595538508		78.8871541521652
2.24319419907404		79.5116743512912
2.247252442763		80.1398332205888
2.25131068645196		80.7716447010652
2.25536893014093		81.4071227603355
2.25942717382989		82.0462813926091
2.26348541751885		82.6891346186905
2.26754366120781		83.3356964859908
2.27160190489678		83.9859810684957
2.27566014858574		84.640002466794
2.2797183922747		85.2977748080349
2.28377663596366		85.9593122459535
2.28783487965263		86.6246289608716
2.29189312334159		87.2937391596586
2.29595136703055		87.9666570757656
2.30000961071951		88.6433969691936
2.30406785440848		89.3239731265187
2.30812609809744		90.0083998608521
2.3121843417864		90.6966915118815
2.31624258547536		91.3888624458146
2.32030082916433		92.0849270554255
2.32435907285329		92.7848997600242
2.32841731654225		93.488795005455
2.33247556023122		94.1966272641008
2.33653380392018		94.9084110348769
2.34059204760914		95.6241608432237
2.3446502912981		96.3438912411109
2.34870853498707		97.0676168070321
2.35276677867603		97.7953521459924
2.35682502236499		98.5271118895262
2.36088326605395		99.2629106956759
2.36494150974292		100.002763248991
2.36899975343188		100.746684260533
2.37305799712084		101.494688467872
2.3771162408098		102.246790635077
2.38117448449877		103.003005552716
2.38523272818773		103.763348037865
2.38929097187669		104.527832934082
2.39334921556565		105.296475111423
2.39740745925462		106.069289466432
2.40146570294358		106.846290922152
2.40552394663254		107.627494428093
2.4095821903215		108.412914960264
2.41364043401047		109.202567521146
2.41769867769943		109.996467139703
2.42175692138839		110.794628871366
2.42581516507735		111.597067798059
2.42987340876632		112.403799028146
2.43393165245528		113.214837696501
2.43798989614424		114.030198964436
2.4420481398332		114.849898019736
2.44610638352217		115.673950076655
2.45016462721113		116.502370375903
2.45422287090009		117.335174184648
2.45828111458905		118.172376796524
2.46233935827802		119.01399353162
2.46639760196698		119.860039736463
2.47045584565594		120.710530784054
2.4745140893449		121.565482073828
2.47857233303387		122.424909031678
2.48263057672283		123.288827109942
2.48668882041179		124.157251787401
2.49074706410075		125.030198569279
2.49480530778972		125.907682987246
2.49886355147868		126.789720599411
2.50292179516764		127.676326990318
2.5069800388566		128.56751777095
2.51103828254557		129.463308578732
2.51509652623453		130.363715077514
2.51915476992349		131.268752957583
2.52321301361245		132.178437935655
2.52727125730142		133.092785754882
2.53132950099038		134.011812184837
2.53538774467934		134.935533021524
2.5394459883683		135.863964087374
2.54350423205727		136.797121231239
2.54756247574623		137.735020328394
2.55162071943519		138.677677280542
2.55567896312415		139.625108015801
2.55973720681312		140.57732848871
2.56379545050208		141.534354680223
2.56785369419104		142.496202597723
2.57191193788		143.462888274993
2.57597018156897		144.434427772239
2.58002842525793		145.410837176083
2.58408666894689		146.392132599556
2.58814491263585		147.378330182103
2.59220315632482		148.369446089576
2.59626140001378		149.365496514237
2.60031964370274		150.366497674763
2.6043778873917		151.372465816234
2.60843613108067		152.38341721013
2.61249437476963		153.39936815435
2.61655261845859		154.420334973189
2.62061086214756		155.446334017347
2.62466910583652		156.477381663928
2.62872734952548		157.51349431644
2.63278559321444		158.554688404789
2.63684383690341		159.600980385282
2.64090208059237		160.652386740628
2.64496032428133		161.708923979933
2.64901856797029		162.770608638702
2.65307681165926		163.837457278836
2.65713505534822		164.909486488633
2.66119329903718		165.986712882789
2.66525154272614		167.069153102391
2.66930978641511		168.156823814924
2.67336803010407		169.249741714267
2.67742627379303		170.347923520687
2.68148451748199		171.451385980853
2.68554276117096		172.560145867812
2.68960100485992		173.674219981014
2.69365924854888		174.793625146295
2.69771749223784		175.918378215885
2.70177573592681		177.048496068395
2.70583397961577		178.18399560883
2.70989222330473		179.324893768588
2.71395046699369		180.471207505444
2.71800871068266		181.622953803569
2.72206695437162		182.780149673518
2.72612519806058		183.942812152229
2.73018344174954		185.110958303029
2.73424168543851		186.284605215633
2.73829992912747		187.463770006135
2.74235817281643		188.648469817017
2.74641641650539		189.838721817141
2.75047466019436		191.034543201756
2.75453290388332		192.235951192494
2.75859114757228		193.44296303737
2.76264939126124		194.655596010776
2.76670763495021		195.873867413496
2.77076587863917		197.097794572681
2.77482412232813		198.327394841875
2.77888236601709		199.562685601
2.78294060970606		200.803684256357
2.78699885339502		202.050408240627
2.79105709708398		203.30287501287
2.79511534077294		204.561102058528
2.79917358446191		205.825106889422
2.80323182815087		207.094907043747
2.80729007183983		208.370520086081
2.81134831552879		209.651963607381
2.81540655921776		210.939255224977
2.81946480290672		212.232412582583
2.82352304659568		213.531453350285
2.82758129028464		214.836395224554
2.83163953397361		216.147255928226
2.83569777766257		217.464053210523
2.83975602135153		218.786804847043
2.84381426504049		220.115528639756
2.84787250872946		221.450242417012
2.85193075241842		222.790964033535
2.85598899610738		224.137711370426
2.86004723979634		225.490502335161
2.86410548348531		226.849354861589
2.86816372717427		228.21428690994
2.87222197086323		229.585316466813
2.87628021455219		230.962461545187
2.88033845824116		232.345740184416
2.88439670193012		233.73517045022
2.88845494561908		235.130770434706
2.89251318930804		236.532558256346
2.89657143299701		237.940552059991
2.90062967668597		239.354770016867
2.90468792037493		240.775230324569
2.90874616406389		242.201951207072
2.91280440775286		243.634950914721
2.91686265144182		245.074247724238
2.92092089513078		246.519859938714
2.92497913881975		247.97180588762
2.92903738250871		249.430103926795
2.93309562619767		250.894772438457
2.93715386988663		252.365829831193
2.94121211357559		253.843294539966
2.94527035726456		255.327185026112
2.94932860095352		256.81751977734
2.95338684464248		258.314317307733
2.95744508833145		259.817596157746
2.96150333202041		261.327374894211
2.96556157570937		262.843672110331
2.96961981939833		264.366506425679
2.9736780630873		265.895896486211
2.97773630677626		267.431860964243
2.98179455046522		268.974418558477
2.98585279415418		270.523587993981
2.98991103784315		272.079388022201
2.99396928153211		273.641837420948
2.99802752522107		275.210954994422
3.00208576891003		276.786759573176
3.006144012599		278.369270014155
3.01020225628796		279.958505200667
3.01426049997692		281.554484042398
3.01831874366588		283.157225475405
3.02237698735485		284.766748462121
3.02643523104381		286.383071991352
3.03049347473277		288.006215078279
3.03455171842173		289.636196764452
3.0386099621107		291.273036117801
3.04266820579966		292.916752232627
3.04672644948862		294.567364229608
3.05078469317758		296.22489125579
3.05484293686655		297.8893524846
3.05890118055551		299.560767115835
3.06295942424447		301.239154375668
3.06701766793343		302.924533516648
3.0710759116224		304.616923817695
3.07513415531136		306.31634458411
3.07919239900032		308.022815147558
3.08325064268928		309.736354866092
3.08730888637825		311.456983124132
3.09136713006721		313.184719332474
3.09542537375617		314.919582928289
3.09948361744513		316.661593375127
3.1035418611341		318.41077016291
3.10760010482306		320.16713280794
3.11165834851202		321.930700852885
3.11571659220098		323.7014938668
3.11977483588995		325.479531445108
3.12383307957891		327.264833209617
3.12789132326787		329.057418808505
3.13194956695683		330.857307916323
3.1360078106458		332.664520234007
3.14006605433476		334.479075488863
3.14412429802372		336.300993434579
3.14818254171268		338.130293851217
3.15224078540165		339.966996545215
3.15629902909061		341.811121349393
3.16035727277957		343.662688122944
3.16441551646853		345.521716751443
3.1684737601575		347.388227146837
3.17253200384646		349.262239247454
3.17659024753542		351.143773018004
3.18064849122438		353.032848449569
3.18470673491335		354.929485559613
3.18876497860231		356.833704391978
3.19282322229127		358.745525016884
3.19688146598023		360.664967530932
3.2009397096692		362.592052057101
3.20499795335816		364.526798744746
3.20905619704712		366.469227769612
3.21311444073608		368.419359333811
3.21717268442505		370.377213665842
3.22123092811401		372.342811020584
3.22528917180297		374.316171679293
3.22934741549193		376.297315949611
3.2334056591809		378.286264165554
3.23746390286986		380.283036687526
3.24152214655882		382.287653902304
3.24558039024778		384.300136223056
3.24963863393675		386.320504089321
3.25369687762571		388.348777967027
3.25775512131467		390.384978348484
3.26181336500363		392.42912575238
3.2658716086926		394.481240723788
3.26992985238156		396.541343834163
3.27398809607052		398.609455681342
3.27804633975949		400.685596889546
3.28210458344845		402.769788109379
3.28616282713741		404.862050017828
3.29022107082637		406.962403318264
3.29427931451534		409.070868740443
3.2983375582043		411.1874670405
3.30239580189326		413.312219000961
3.30645404558222		415.445145430733
3.31051228927119		417.586267165109
3.31457053296015		419.735605065765
3.31862877664911		421.89318002076
3.32268702033807		424.059012944547
3.32674526402704		426.233124777957
3.330803507716		428.415536488208
3.33486175140496		430.606269068908
3.33891999509392		432.805343540045
3.34297823878289		435.012780947999
3.34703648247185		437.228602365534
3.35109472616081		439.452828891802
3.35515296984977		441.685481652343
3.35921121353874		443.92658179908
3.3632694572277		446.176150510331
3.36732770091666		448.434208990795
3.37138594460562		450.700778471565
3.37544418829459		452.975880210117
3.37950243198355		455.259535490319
3.38356067567251		457.551765622428
3.38761891936147		459.852591943089
3.39167716305044		462.162035815336
3.3957354067394		464.480118628592
3.39979365042836		466.806861798674
3.40385189411732		469.142286767785
3.40791013780629		471.486415004518
3.41196838149525		473.839268003862
3.41602662518421		476.200867287188
3.42008486887317		478.571234402266
3.42414311256214		480.950390923255
3.4282013562511		483.338358450705
3.43225959994006		485.735158611554
3.43631784362902		488.140813059142
3.44037608731799		490.55534347319
3.44443433100695		492.97877155982
3.44849257469591		495.41111905154
3.45255081838487		497.852407707261
3.45660906207384		500.302659312276
3.4606673057628		502.761895678277
3.46472554945176		505.230138643353
3.46878379314072		507.707410071982
3.47284203682969		510.193731855036
3.47690028051865		512.689125909787
3.48095852420761		515.193614179896
3.48501676789657		517.707218635423
3.48907501158554		520.229961272822
3.4931332552745		522.761864114943
3.49719149896346		525.30294921103
3.50124974265242		527.853238636726
3.50530798634139		530.41275449407
3.50936623003035		532.981518911496
3.51342447371931		535.559554043836
3.51748271740827		538.146882072318
3.52154096109724		540.743525204571
3.5255992047862		543.349505674618
3.52965744847516		545.964845742882
3.53371569216412		548.589567696179
3.53777393585309		551.223693847735
3.54183217954205		553.867246537163
3.54589042323101		556.520248130482
3.54994866691997		559.182721020106
3.55400691060894		561.854687624854
3.5580651542979		564.536170389937
3.56212339798686		567.227191786974
3.56618164167582		569.927774313979
3.57023988536479		572.637940495371
3.57429812905375		575.357712881965
3.57835637274271		578.087114050981
3.58241461643168		580.826166606038
3.58647286012064		583.574893177158
3.5905311038096		586.333316420764
3.59458934749856		589.101459019683
3.59864759118753		591.879343683143
3.60270583487649		594.666993146774
3.60676407856545		597.464430172612
3.61082232225441		600.27167754909
3.61488056594338		603.088758091056
3.61893880963234		605.915694639749
3.6229970533213		608.752510062818
3.62705529701026		611.599227254316
3.63111354069923		614.455869134703
3.63517178438819		617.322458650841
3.63923002807715		620.199018775997
3.64328827176611		623.085572509842
3.64734651545508		625.982142878458
3.65140475914404		628.888752934327
3.655463002833		631.805425756343
3.65952124652196		634.7321844498
3.66357949021093		637.669052146404
3.66763773389989		640.616052004265
3.67169597758885		643.573207207903
3.67575422127781		646.540540968241
3.67981246496678		649.518076522616
3.68387070865574		652.505837134769
3.6879289523447		655.503846094848
3.69198719603366		658.512126719413
3.69604543972263		661.530702351432
3.70010368341159		664.559596360283
3.70416192710055		667.598832141751
3.70822017078951		670.648433118031
3.71227841447848		673.708422737732
3.71633665816744		676.778824475867
3.7203949018564		679.859661833862
3.72445314554536		682.950958339559
3.72851138923433		686.052737547201
3.73256963292329		689.165023037452
3.73662787661225		692.287838417381
3.74068612030121		695.421207320471
3.74474436399018		698.565153406618
3.74880260767914		701.719700362132
3.7528608513681		704.884871899729
3.75691909505706		708.060691758544
3.76097733874603		711.247183704122
3.76503558243499		714.444371528426
3.76909382612395		717.652279049827
3.77315206981291		720.870930113115
3.77721031350188		724.100348589488
3.78126855719084		727.340558376565
3.7853268008798		730.591583398376
3.78938504456876		733.853447605367
3.79344328825773		737.1261749744
3.79750153194669		740.409789508753
3.80155977563565		743.704315238117
3.80561801932461		747.009776218601
3.80967626301358		750.326196532732
3.81373450670254		753.65360028945
3.8177927503915		756.992011624117
3.82185099408046		760.341454698506
3.82590923776943		763.701953700811
3.82996748145839		767.073532845645
3.83402572514735		770.456216374037
3.83808396883631		773.850028553434
3.84214221252528		777.254993677701
3.84620045621424		780.671136067126
3.8502586999032		784.098480068408
3.85431694359216		787.537050054674
3.85837518728113		790.986870425467
3.86243343097009		794.447965606748
3.86649167465905		797.920360050899
3.87054991834801		801.404078236726
3.87460816203698		804.899144669452
3.87866640572594		808.40558388072
3.8827246494149		811.923420428598
3.88678289310386		815.45267889757
3.89084113679283		818.993383898549
3.89489938048179		822.545560068862
3.89895762417075		826.109232072268
3.90301586785972		829.684424598935
3.90707411154868		833.271162365469
3.91113235523764		836.869470114886
3.9151905989266		840.479372616633
3.91924884261557		844.100894666579
3.92330708630453		847.734061087014
3.92736532999349		851.378896726656
3.93142357368245		855.035426460645
3.93548181737142		858.703675190546
3.93954006106038		862.383667844348
3.94359830474934		866.075429376468
3.9476565484383		869.778984767745
3.95171479212727		873.494359025445
3.95577303581623		877.221577183262
3.95983127950519		880.960664301312
3.96388952319415		884.711645466139
3.96794776688312		888.474545790718
3.97200601057208		892.249390414443
3.97606425426104		896.036204503143
3.98012249795		899.835013249068
3.98418074163897		903.645841870899
3.98823898532793		907.468715613747
3.99229722901689		911.303659749145
3.99635547270585		915.150699575063
4.00041371639482		919.009860415892
4.00447196008378		922.881167622453
4.00853020377274		926.764646572004
4.0125884474617		930.660322668224
4.01664669115067		934.568221341224
4.02070493483963		938.488368047547
4.02476317852859		942.420788270165
4.02882142221755		946.365507518479
4.03287966590652		950.322551328326
4.03693790959548		954.291945261968
4.04099615328444		958.273714908101
4.0450543969734		962.267885881854
4.04911264066237		966.274483824782
4.05317088435133		970.293534404884
4.05722912804029		974.325063316577
4.06128737172925		978.36909628072
4.06534561541822		982.425659044602
4.06940385910718		986.494777381949
4.07346210279614		990.57647709291
4.0775203464851		994.670784004078
4.08157859017407		998.777723968477
4.08563683386303		1002.89732286556
4.08969507755199		1007.02960660123
4.09375332124095		1011.1746011078
4.09781156492992		1015.33233234404
4.10186980861888		1019.50282629515
4.10592805230784		1023.68610897275
4.1099862959968		1027.88220641491
4.11404453968577		1032.09114468614
4.11810278337473		1036.31294987738
4.12216102706369		1040.547648106
4.12621927075265		1044.79526551582
4.13027751444162		1049.05582827708
4.13433575813058		1053.32936258647
4.13839400181954		1057.61589466712
4.1424522455085		1061.91545076859
4.14651048919747		1066.22805716688
4.15056873288643		1070.55374016443
4.15462697657539		1074.89252609011
4.15868522026435		1079.24444129923
4.16274346395332		1083.60951217356
4.16680170764228		1087.98776512129
4.17085995133124		1092.37922657704
4.1749181950202		1096.78392300189
4.17897643870917		1101.20188088335
4.18303468239813		1105.63312673538
4.18709292608709		1110.07768709837
4.19115116977605		1114.53558853914
4.19520941346502		1119.00685765099
4.19926765715398		1123.49152105361
4.20332590084294		1127.98960539317
4.2073841445319		1132.50113734226
4.21144238822087		1137.02614359993
4.21550063190983		1141.56465089166
4.21955887559879		1146.11668596937
4.22361711928775		1150.68227561143
4.22767536297672		1155.26144662265
4.23173360666568		1159.85422583429
4.23579185035464		1164.46064010404
4.23985009404361		1169.08071631603
4.24390833773257		1173.71448138087
4.24796658142153		1178.36196223556
4.25202482511049		1183.02318584359
4.25608306879946		1187.69817919488
4.26014131248842		1192.38696930577
4.26419955617738		1197.08958321909
4.26825779986634		1201.80604800408
4.27231604355531		1206.53639075645
4.27637428724427		1211.28063859832
4.28043253093323		1216.0388186783
4.28449077462219		1220.81095817142
4.28854901831116		1225.59708427917
4.29260726200012		1230.39722422946
4.29666550568908		1235.21140527668
4.30072374937804		1240.03965470165
4.30478199306701		1244.88199981163
4.30884023675597		1249.73846794036
4.31289848044493		1254.60908644799
4.31695672413389		1259.49388272114
4.32101496782286		1264.39288417287
4.32507321151182		1269.30611824269
4.32913145520078		1274.23361239657
4.33318969888974		1279.1753941269
4.33724794257871		1284.13149095256
4.34130618626767		1289.10193041885
4.34536442995663		1294.08674009752
4.34942267364559		1299.08594758679
4.35348091733456		1304.0995805113
4.35753916102352		1309.12766652219
4.36159740471248		1314.17023329699
4.36565564840144		1319.22730853972
4.36971389209041		1324.29891998085
4.37377213577937		1329.38509537728
4.37783037946833		1334.48586251239
4.38188862315729		1339.60124919598
4.38594686684626		1344.73128326433
4.39000511053522		1349.87599258017
4.39406335422418		1355.03540503265
4.39812159791314		1360.20954853741
4.40217984160211		1365.39845103654
4.40623808529107		1370.60214049856
4.41029632898003		1375.82064491845
4.41435457266899		1381.05399231767
4.41841281635796		1386.3022107441
4.42247106004692		1391.5653282721
4.42652930373588		1396.84337300246
4.43058754742484		1402.13637306245
4.43464579111381		1407.44435660578
4.43870403480277		1412.76735181262
4.44276227849173		1418.10538688958
4.44682052218069		1423.45849006976
4.45087876586966		1428.82668961268
4.45493700955862		1434.21001380433
4.45899525324758		1439.60849095717
4.46305349693654		1445.02214941009
4.46711174062551		1450.45101752846
4.47116998431447		1455.89512370409
4.47522822800343		1461.35449635527
4.47928647169239		1466.82916392671
4.48334471538136		1472.31915488962
4.48740295907032		1477.82449774164
4.49146120275928		1483.34522100687
4.49551944644824		1488.88135323588
4.49957769013721		1494.43292300569
4.50363593382617		1499.99995891979
4.50769417751513		1505.58248960811
4.51175242120409		1511.18054372706
4.51581066489306		1516.79414995949
4.51986890858202		1522.42333701472
4.52392715227098		1528.06813362854
4.52798539595994		1533.72856856317
4.53204363964891		1539.40467060733
4.53610188333787		1545.09646857616
4.54016012702683		1550.8039913113
4.54421837071579		1556.52726768082
4.54827661440476		1562.26632657926
4.55233485809372		1568.02119692763
4.55639310178268		1573.7919076734
4.56045134547165		1579.57848779049
4.56450958916061		1585.3809662793
4.56856783284957		1591.19937216667
4.57262607653853		1597.03373450593
4.5766843202275		1602.88408237684
4.58074256391646		1608.75044488565
4.58480080760542		1614.63285116507
4.58885905129438		1620.53133037426
4.59291729498335		1626.44591169885
4.59697553867231		1632.37662435094
4.60103378236127		1638.32349756909
4.60509202605023		1644.28656061831
4.6091502697392		1650.2658427901
4.61320851342816		1656.26137340242
4.61726675711712		1662.27318179967
4.62132500080608		1668.30129735274
4.62538324449505		1674.34574945898
4.62944148818401		1680.4065675422
4.63349973187297		1686.48378105269
4.63755797556193		1692.57741946718
4.6416162192509		1698.68751228889
4.64567446293986		1704.8140890475
4.64973270662882		1710.95717929916
4.65379095031778		1717.11681262646
4.65784919400675		1723.2930186385
4.66190743769571		1729.48582697082
4.66596568138467		1735.69526728544
4.67002392507363		1741.92136927083
4.6740821687626		1748.16416264194
4.67814041245156		1754.42367714019
4.68219865614052		1760.69994253348
4.68625689982948		1766.99298861615
4.69031514351845		1773.30284520902
4.69437338720741		1779.62954215939
4.69843163089637		1785.97310934102
4.70248987458533		1792.33357665414
4.7065481182743		1798.71097402546
4.71060636196326		1805.10533140814
4.71466460565222		1811.51667878182
4.71872284934118		1817.94504615261
4.72278109303015		1824.3904635531
4.72683933671911		1830.85296104234
4.73089758040807		1837.33256870585
4.73495582409703		1843.82931665563
4.739014067786		1850.34323503013
4.74307231147496		1856.8743539943
4.74713055516392		1863.42270373955
4.75118879885288		1869.98831448375
4.75524704254185		1876.57121647126
4.75930528623081		1883.17143997291
4.76336352991977		1889.78901528599
4.76742177360873		1896.42397273427
4.7714800172977		1903.07634266799
4.77553826098666		1909.74615546388
4.77959650467562		1916.43344152512
4.78365474836458		1923.13823128138
4.78771299205355		1929.86055518878
4.79177123574251		1936.60044372995
4.79582947943147		1943.35792741397
4.79988772312043		1950.1330367764
4.8039459668094		1956.92580237928
4.80800421049836		1963.7362548111
4.81206245418732		1970.56442468687
4.81612069787628		1977.41034264803
4.82017894156525		1984.27403936252
4.82423718525421		1991.15554552475
4.82829542894317		1998.05489185562
4.83235367263213		2004.97210910247
4.8364119163211		2011.90722803915
4.84047016001006		2018.86027946598
4.84452840369902		2025.83129420974
4.84858664738799		2032.82030312371
4.85264489107695		2039.82733708763
4.85670313476591		2046.85242700772
4.86076137845487		2053.89560381668
4.86481962214383		2060.95689847369
4.8688778658328		2068.03634196441
4.87293610952176		2075.13396530097
4.87699435321072		2082.24979952198
4.88105259689968		2089.38387569253
4.88511084058865		2096.53622490419
4.88916908427761		2103.70687827501
4.89322732796657		2110.89586694952
4.89728557165554		2118.10322209871
4.9013438153445		2125.32897492008
4.90540205903346		2132.57315663759
4.90946030272242		2139.83579850168
4.91351854641139		2147.11693178929
4.91757679010035		2154.41658780381
4.92163503378931		2161.73479787513
4.92569327747827		2169.07159335961
4.92975152116724		2176.42700564011
4.9338097648562		2183.80106612595
4.93786800854516		2191.19380625293
4.94192625223412		2198.60525748336
4.94598449592309		2206.03545130599
4.95004273961205		2213.48441923609
4.95410098330101		2220.95219281538
4.95815922698997		2228.4388036121
4.96221747067894		2235.94428322093
4.9662757143679		2243.46866326305
4.97033395805686		2251.01197538614
4.97439220174582		2258.57425126434
4.97845044543479		2266.15552259829
4.98250868912375		2273.75582111508
4.98656693281271		2281.37517856834
4.99062517650167		2289.01362673813
4.99468342019064		2296.67119743102
4.9987416638796		2304.34792248006
5.00279990756856		2312.04383374478
5.00685815125752		2319.75896311121
5.01091639494649		2327.49334249184
5.01497463863545		2335.24700382566
5.01903288232441		2343.01997907815
5.02309112601337		2350.81230024126
5.02714936970234		2358.62399933344
5.0312076133913		2366.45510839961
5.03526585708026		2374.30565951118
5.03932410076922		2382.17568476607
5.04338234445819		2390.06521628865
5.04744058814715		2397.9742862298
5.05149883183611		2405.90292676688
5.05555707552507		2413.85117010372
5.05961531921404		2421.81904847068
5.063673562903		2429.80659412456
5.06773180659196		2437.81383934867
5.07179005028092		2445.84081645281
5.07584829396989		2453.88755777326
