0.247529412864693		0.000387130581799047
0.250458001597145		0.000405245147716605
0.253386590329598		0.000423865088691542
0.256315179062051		0.000442996569593426
0.259243767794503		0.000462645978831818
0.262172356526956		0.000482819941880779
0.265100945259409		0.000503525334589794
0.268029533991861		0.000524769296310951
0.270958122724314		0.000546559242872483
0.273886711456767		0.000568902879428623
0.276815300189219		0.000591808213215354
0.279743888921672		0.000615283566241325
0.282672477654125		0.000639337587943066
0.285601066386577		0.000663979267833066
0.28852965511903		0.000689217948168674
0.291458243851482		0.000715063336669785
0.294386832583935		0.000741525519312607
0.297315421316388		0.000768614973225902
0.30024401004884		0.000796342579716684
0.303172598781293		0.000824719637450985
0.306101187513746		0.000853757875815385
0.309029776246198		0.000883469468484012
0.311958364978651		0.000913867047216576
0.314886953711104		0.000944963715911756
0.317815542443556		0.000976773064938529
0.320744131176009		0.0010093091857726
0.323672719908461		0.00104258668595751
0.326601308640914		0.00107662070441721
0.329529897373367		0.00111142692714164
0.332458486105819		0.00114702160326871
0.335387074838272		0.00118342156158521
0.338315663570725		0.00122064422747071
0.341244252303177		0.00125870764030614
0.34417284103563		0.00129763047137026
0.347101429768083		0.00133743204224745
0.350030018500535		0.00137813234376779
0.352958607232988		0.0014197520555058
0.355887195965441		0.00146231256585703
0.358815784697893		0.0015058359927184
0.361744373430346		0.00155034520479564
0.364672962162798		0.0015958638435586
0.367601550895251		0.0016424163458737
0.370530139627704		0.00169002796733128
0.373458728360156		0.00173872480629707
0.376387317092609		0.00178853382870957
0.379315905825062		0.00183948289365165
0.382244494557514		0.00189160077971702
0.385173083289967		0.00194491721220423
0.38810167202242		0.00199946289115372
0.391030260754872		0.00205526952026863
0.393958849487325		0.00211236983673548
0.396887438219778		0.00217079764197523
0.39981602695223		0.00223058783335279
0.402744615684683		0.00229177643688278
0.405673204417135		0.00235440064093887
0.408601793149588		0.00241849883101936
0.411530381882041		0.00248411062559069
0.414458970614493		0.00255127691302836
0.417387559346946		0.00262003988971626
0.420316148079399		0.00269044309929761
0.423244736811851		0.00276253147314174
0.426173325544304		0.00283635137205458
0.429101914276757		0.0029119506292387
0.432030503009209		0.00298937859459737
0.434959091741662		0.00306868618034185
0.437887680474114		0.00314992590800457
0.440816269206567		0.00323315195687505
0.44374485793902		0.00331842021385451
0.446673446671472		0.00340578832483701
0.449602035403925		0.00349531574761905
0.452530624136378		0.00358706380636946
0.45545921286883		0.00368109574773282
0.458387801601283		0.00377747679855255
0.461316390333736		0.00387627422536006
0.464244979066188		0.00397755739551739
0.467173567798641		0.00408139784025599
0.470102156531094		0.00418786931945116
0.473030745263546		0.00429704788831848
0.475959333995999		0.00440901196608166
0.478887922728451		0.00452384240652896
0.481816511460904		0.00464162257066603
0.484745100193357		0.00476243840144424
0.487673688925809		0.00488637850055667
0.490602277658262		0.0050135342075277
0.493530866390715		0.00514399968090143
0.496459455123167		0.00527787198189344
0.49938804385562		0.00541525116017728
0.502316632588073		0.00555624034233161
0.505245221320525		0.00570094582251723
0.508173810052978		0.00584947715587357
0.511102398785431		0.00600194725433678
0.514030987517883		0.00615847248531363
0.516959576250336		0.00631917277276892
0.519888164982788		0.00648417170153946
0.522816753715241		0.00665359662402034
0.525745342447694		0.00682757877016945
0.528673931180146		0.00700625336016845
0.531602519912599		0.00718975972054622
0.534531108645052		0.00737824140290327
0.537459697377504		0.00757184630657798
0.540388286109957		0.00777072680385213
0.54331687484241		0.00797503986893429
0.546245463574862		0.00818494721062699
0.549174052307315		0.00840061540801309
0.552102641039767		0.00862221604991473
0.55503122977222		0.00884992587861171
0.557959818504673		0.00908392693670464
0.560888407237125		0.00932440671746315
0.563816995969578		0.00957155832169676
0.566745584702031		0.009825580614697
0.569674173434483		0.0100866783907506
0.572602762166936		0.0103550625409581
0.575531350899389		0.0106309502245317
0.578459939631841		0.0109145650457278
0.581388528364294		0.0112061372355938
0.584317117096746		0.0115059038365695
0.587245705829199		0.011814108895118
0.590174294561652		0.0121310036564508
0.593102883294104		0.012456846765178
0.596031472026557		0.0127919044735859
0.59896006075901		0.0131364508501093
0.601888649491462		0.0134907679996379
0.604817238223915		0.0138551462846
0.607745826956368		0.0142298845541917
0.61067441568882		0.0146152903775599
0.613603004421273		0.0150116802883385
0.616531593153726		0.0154193800272225
0.619460181886178		0.0158387247984687
0.622388770618631		0.0162700595273444
0.625317359351084		0.0167137391331283
0.628245948083536		0.0171701287924981
0.631174536815989		0.0176396042298185
0.634103125548442		0.0181225520031783
0.637031714280894		0.0186193697957878
0.639960303013347		0.0191304667249768
0.642888891745799		0.019656263650312
0.645817480478252		0.0201971934936211
0.648746069210705		0.0207537015741197
0.651674657943157		0.0213262459248515
0.65460324667561		0.021915297665374
0.657531835408062		0.0225213413337752
0.660460424140515		0.0231448752604843
0.663389012872968		0.0237864119372819
0.666317601605421		0.0244464784071656
0.669246190337873		0.0251256166574344
0.672174779070326		0.0258243839982724
0.675103367802778		0.0265433535055235
0.678031956535231		0.0272831144626947
0.680960545267684		0.0280442727289984
0.683889134000136		0.0288274512672596
0.686817722732589		0.029633290552961
0.689746311465042		0.0304624490533955
0.692674900197494		0.0313156037588494
0.695603488929947		0.032193450574444
0.6985320776624		0.0330967049936264
0.701460666394852		0.0340261024808313
0.704389255127305		0.0349823990379571
0.707317843859757		0.0359663719642288
0.71024643259221		0.0369788200413414
0.713175021324663		0.0380205645190307
0.716103610057116		0.0390924494444291
0.719032198789568		0.0401953425726361
0.721960787522021		0.0413301355088531
0.724889376254473		0.0424977451297387
0.727817964986926		0.0436991136087193
0.730746553719379		0.0449352092832644
0.733675142451831		0.0462070275876983
0.736603731184284		0.0475155920634597
0.739532319916737		0.0488619538968099
0.742460908649189		0.0502471946146417
0.745389497381642		0.0516724250820798
0.748318086114095		0.0531387876664993
0.751246674846547		0.0546474558795023
0.754175263579		0.0561996374423599
0.757103852311452		0.057796572322989
0.760032441043905		0.0594395357153625
0.762961029776358		0.0611298389670049
0.76588961850881		0.0628688274492925
0.768818207241263		0.0646578881398502
0.771746795973716		0.0664984433432907
0.774675384706168		0.0683919558951586
0.777603973438621		0.0703399309258802
0.780532562171074		0.0723439128542875
0.783461150903526		0.0744054881222745
0.786389739635979		0.0765262908252219
0.789318328368432		0.0787079930220028
0.792246917100884		0.0809523229599883
0.795175505833337		0.0832610429447066
0.798104094565789		0.0856359801456687
0.801032683298242		0.0880789885379803
0.803961272030695		0.090592005496167
0.806889860763147		0.0931769882067302
0.8098184494956		0.0958359741871424
0.812747038228053		0.0985710754613476
0.815675626960505		0.101384415462777
0.818604215692958		0.104278211981264
0.821532804425411		0.107254796875065
0.824461393157863		0.110316554627726
0.827389981890316		0.113465867339033
0.830318570622768		0.116705362425866
0.833247159355221		0.120037605464592
0.836175748087674		0.123465188032871
0.83796737044354		0.125610271324772
0.839758992799405		0.127792608131022
0.841550615155271		0.130012762259422
0.843342237511137		0.132271226744465
0.845133859867003		0.13456869350911
0.846925482222869		0.136905406525185
0.848717104578735		0.139281902005863
0.8505087269346		0.141698360457439
0.852300349290466		0.144154948604514
0.854091971646332		0.146651820953372
0.855883594002198		0.149188906550153
0.857675216358064		0.151766064187371
0.85946683871393		0.154383015048525
0.861258461069796		0.157038904823515
0.863050083425661		0.159733740269993
0.864841705781527		0.162466147703919
0.866633328137393		0.165235559670731
0.868424950493259		0.168040773164695
0.870216572849125		0.170880828559488
0.872008195204991		0.173754196677125
0.873799817560856		0.176659833909363
0.875591439916722		0.179596209337766
0.877383062272588		0.182561535604063
0.879174684628454		0.185554618313325
0.88096630698432		0.188573606639968
0.882757929340186		0.191616842063183
0.884549551696052		0.194682788655513
0.886341174051917		0.197769728939635
0.888132796407783		0.200875469019695
0.889924418763649		0.203998750965051
0.891716041119515		0.207138120220063
0.893507663475381		0.210291254346746
0.895299285831247		0.213456595175018
0.897090908187112		0.216632452803415
0.898882530542978		0.219817338974368
0.900674152898844		0.22301006016623
0.90246577525471		0.226209108090603
0.904257397610576		0.229412346897912
0.906049019966442		0.232618857544498
0.907840642322308		0.235828612256752
0.909632264678173		0.23903913586405
0.911423887034039		0.24224984855934
0.913215509389905		0.245460679639542
0.915007131745771		0.248670593905566
0.916798754101637		0.251878849601633
0.918590376457503		0.255085558601902
0.920381998813368		0.258290097800416
0.922173621169234		0.261492912037667
0.9239652435251		0.26469315477509
0.925756865880966		0.267891068550861
0.927548488236832		0.271088553903088
0.929340110592698		0.274284696196479
0.931131732948564		0.277479263552992
0.932923355304429		0.280674796637723
0.934714977660295		0.283869714705753
0.936506600016161		0.287066420992645
0.938298222372027		0.290265136260775
0.940089844727893		0.293466962999
0.941881467083759		0.296672136734318
0.943673089439624		0.299882576248679
0.94546471179549		0.303098611186104
0.947256334151356		0.306321506147874
0.949047956507222		0.309552790711586
0.950839578863088		0.312791981512923
0.952631201218954		0.31604149543379
0.954422823574819		0.319301640399919
0.956214445930685		0.322574055756399
0.958006068286551		0.325858742372906
0.959797690642417		0.329157772941854
0.961589312998283		0.332470705621242
0.963380935354149		0.335799340074362
0.965172557710015		0.339144020359379
0.96696418006588		0.342505453523678
0.968755802421746		0.345883626752818
0.970547424777612		0.349280390954384
0.972339047133478		0.352694156085306
0.974130669489344		0.356126274112722
0.97592229184521		0.359577191160555
0.977713914201075		0.363046478657359
0.979505536556941		0.366533494175999
0.981297158912807		0.370039115060439
0.983088781268673		0.373562285719858
0.984880403624539		0.377103635317279
0.986672025980405		0.380662203642189
0.988463648336271		0.38423774738505
0.990255270692136		0.387829688054802
0.992046893048002		0.391438440383095
0.993838515403868		0.395062695577458
0.995630137759734		0.398702914104911
0.9974217601156		0.402357863517167
0.999213382471466		0.406027882001997
1.00100500482733		0.409712560068653
1.0027966271832		0.413411541426198
1.00458824953906		0.417124691179453
1.00637987189493		0.420851668643756
1.00817149425079		0.424592485734079
1.00996311660666		0.428346972184347
1.01175473896253		0.432114911989793
1.01354636131839		0.435896372424493
1.01760460500735		0.444511051953912
1.02166284869632		0.453193871679613
1.02572109238528		0.461944914570828
1.02977933607424		0.470764093905932
1.0338375797632		0.479651786691666
1.03789582345217		0.488608235449702
1.04195406714113		0.497633831084606
1.04601231083009		0.506728858041269
1.05007055451906		0.515893735954068
1.05412879820802		0.525128785546724
1.05818704189698		0.534434266541534
1.06224528558594		0.543810477807644
1.06630352927491		0.553257706720076
1.07036177296387		0.562776210952394
1.07442001665283		0.572366295133956
1.07847826034179		0.582028222856221
1.08253650403076		0.591762253836426
1.08659474771972		0.601568675261691
1.09065299140868		0.611447786239338
1.09471123509764		0.621399849548122
1.09876947878661		0.631425166512215
1.10282772247557		0.641524015023795
1.10688596616453		0.651696703916155
1.11094420985349		0.661943527420462
1.11500245354246		0.672264763807451
1.11906069723142		0.682660724563802
1.12311894092038		0.693131683853393
1.12717718460934		0.703677925069846
1.13123542829831		0.714299738207111
1.13529367198727		0.72499739232604
1.13935191567623		0.735771149746086
1.14341015936519		0.746621277392319
1.14746840305416		0.757548017536758
1.15152664674312		0.768551615604791
1.15558489043208		0.779632307115281
1.15964313412104		0.790790308796603
1.16370137781001		0.802025838512214
1.16775962149897		0.813339098521985
1.17181786518793		0.824730280637899
1.17587610887689		0.836199568768175
1.17993435256586		0.847747134965408
1.18399259625482		0.859373143982578
1.18805083994378		0.87107774781009
1.19210908363274		0.882861088458436
1.19616732732171		0.894723304656686
1.20022557101067		0.906664515793701
1.20428381469963		0.918684840154896
1.20834205838859		0.930784386939319
1.21240030207756		0.94296325326013
1.21645854576652		0.955221527723031
1.22051678945548		0.967559296569126
1.22457503314444		0.979976631036943
1.22863327683341		0.992473600671332
1.23269152052237		1.00505026530947
1.23674976421133		1.01770667708074
1.24080800790029		1.03044288420217
1.24486625158926		1.04325892604852
1.24892449527822		1.05615483524968
1.25298273896718		1.06913064167184
1.25704098265614		1.08218636633262
1.26109922634511		1.09532202622813
1.26515747003407		1.10853763225627
1.26921571372303		1.12183319074285
1.27327395741199		1.13520870271268
1.27733220110096		1.14866416462706
1.28139044478992		1.16219956828229
1.28544868847888		1.17581490100462
1.28950693216784		1.18951014588889
1.29356517585681		1.20328528194495
1.29762341954577		1.21714028491612
1.30168166323473		1.23107512602175
1.30573990692369		1.24508977259041
1.30979815061266		1.2591841896404
1.31385639430162		1.27335833839618
1.31791463799058		1.2876121765161
1.32197288167954		1.30194565929049
1.32603112536851		1.31635873874385
1.33008936905747		1.33085136491774
1.33414761274643		1.34542348389599
1.33820585643539		1.36007504067248
1.34226410012436		1.37480597739433
1.34632234381332		1.38961623395084
1.35038058750228		1.40450574840995
1.35443883119124		1.41947445681129
1.35849707488021		1.43452229314652
1.36255531856917		1.44964919015044
1.36661356225813		1.4648550785693
1.3706718059471		1.48013988805956
1.37473004963606		1.49550354670729
1.37878829332502		1.51094598136234
1.38284653701398		1.5264671178813
1.38690478070295		1.54206688097141
1.39096302439191		1.55774519436366
1.39502126808087		1.57350198116859
1.39907951176983		1.58933716354158
1.4031377554588		1.60525066301
1.40719599914776		1.62124240077927
1.41125424283672		1.63731229728087
1.41531248652568		1.65346027282995
1.41937073021465		1.66968624715704
1.42342897390361		1.68599014003121
1.42748721759257		1.70237187099266
1.43154546128153		1.7188313593708
1.4356037049705		1.73536852466829
1.43966194865946		1.75198328630764
1.44372019234842		1.76867556398196
1.44777843603738		1.78544527737764
1.45183667972635		1.80229234658463
1.45589492341531		1.81921669194013
1.45995316710427		1.83621823406689
1.46401141079323		1.85329689409138
1.4680696544822		1.87045259357975
1.47212789817116		1.88768525447248
1.47618614186012		1.9049947993971
1.48024438554908		1.92238115144753
1.48430262923805		1.93984423443054
1.48836087292701		1.95738397275492
1.49241911661597		1.97500029152709
1.49647736030493		1.99269311655353
1.5005356039939		2.01046237440563
1.50459384768286		2.02830799242108
1.50865209137182		2.04622989879499
1.51271033506078		2.0642280224302
1.51676857874975		2.08230229322857
1.52082682243871		2.10045264180317
1.52488506612767		2.11867899978312
1.52894330981663		2.13698129960688
1.5330015535056		2.15535947470494
1.53705979719456		2.17381345938427
1.54111804088352		2.1923431889045
1.54517628457248		2.21094859952727
1.54923452826145		2.229629628383
1.55329277195041		2.24838621368755
1.55735101563937		2.26721829454825
1.56140925932833		2.28612581107751
1.5654675030173		2.30510870440535
1.56952574670626		2.32416691660721
1.57358399039522		2.34330039080075
1.57764223408418		2.36250907105335
1.58170047777315		2.38179290247165
1.58575872146211		2.40115183109506
1.58981696515107		2.42058580402454
1.59387520884003		2.44009476933226
1.597933452529		2.45967867604994
1.60199169621796		2.47933747421487
1.60604993990692		2.49907111487862
1.61010818359588		2.51887954998702
1.61416642728485		2.53876273253667
1.61822467097381		2.5587206164511
1.62228291466277		2.57875315661621
1.62634115835173		2.59886030887628
1.6303994020407		2.61904203001515
1.63445764572966		2.63929827774399
1.63851588941862		2.65962901070754
1.64257413310758		2.68003418848334
1.64663237679655		2.70051377153781
1.65069062048551		2.72106772125184
1.65474886417447		2.74169599988692
1.65880710786343		2.76239857059275
1.6628653515524		2.78317539739158
1.66692359524136		2.80402644515088
1.67098183893032		2.82495167962112
1.67504008261929		2.84595106735798
1.67909832630825		2.86702457576629
1.68315656999721		2.88817217305773
1.68721481368617		2.90939382825291
1.69127305737513		2.93068951118176
1.6953313010641		2.95205919244227
1.69938954475306		2.97350284341437
1.70344778844202		2.99502043622973
1.70750603213099		3.01661194378826
1.71156427581995		3.03827733971164
1.71562251950891		3.0600165983512
1.71968076319787		3.08182969478644
1.72373900688684		3.10371660479253
1.7277972505758		3.1256773048311
1.73185549426476		3.14771177206141
1.73591373795372		3.16981998430163
1.73997198164269		3.19200192002784
1.74403022533165		3.21425755837252
1.74808846902061		3.23658687909434
1.75214671270957		3.25898986258132
1.75620495639854		3.28146648984494
1.7602632000875		3.3040167424776
1.76432144377646		3.32664060268667
1.76837968746542		3.34933805324299
1.77243793115439		3.37210907749787
1.77649617484335		3.39495365936219
1.78055441853231		3.41787178328536
1.78461266222127		3.44086343427021
1.78867090591024		3.46392859783448
1.7927291495992		3.48706726001678
1.79678739328816		3.51027940737319
1.80084563697712		3.53356502693742
1.80490388066609		3.55692410625326
1.80896212435505		3.58035663332351
1.81302036804401		3.60386259662929
1.81707861173297		3.62744198510943
1.82113685542194		3.65109478814985
1.8251950991109		3.67482099557279
1.82925334279986		3.69862059763239
1.83331158648882		3.7224935850114
1.83736983017779		3.74643994879585
1.84142807386675		3.77045968047727
1.84548631755571		3.79455277194275
1.84954456124467		3.818719215471
1.85360280493364		3.84295900370778
1.8576610486226		3.86727212967964
1.86171929231156		3.89165858676286
1.86577753600052		3.9161183686972
1.86983577968949		3.9406514695638
1.87389402337845		3.9652578837818
1.87795226706741		3.9899376060965
1.88201051075637		4.01469063158105
1.88606875444534		4.03951695561897
1.8901269981343		4.06441657390697
1.89418524182326		4.0893894824373
1.89824348551222		4.11443567750101
1.90230172920119		4.13955515566558
1.90635997289015		4.16474791379132
1.91041821657911		4.19001394900145
1.91447646026807		4.21535325869253
1.91853470395704		4.24076584051543
1.922592947646		4.26625169238104
1.92665119133496		4.29181081244184
1.93070943502392		4.31744319909734
1.93476767871289		4.34314885097876
1.93882592240185		4.36892776694664
1.94288416609081		4.39477994609144
1.94694240977977		4.42070538771322
1.95100065346874		4.44670409133217
1.9550588971577		4.47277605667401
1.95911714084666		4.49892128366419
1.96317538453562		4.52513977242878
1.96723362822459		4.5514315232814
1.97129187191355		4.57779653672555
1.97535011560251		4.60423481344811
1.97940835929148		4.63074635430679
1.98346660298044		4.65733116033938
1.9875248466694		4.68398923274707
1.99158309035836		4.71072057289622
1.99564133404733		4.73752518230842
1.99969957773629		4.76440306266443
2.00375782142525		4.79135421579417
2.00781606511421		4.81837864367086
2.01187430880317		4.8454763484152
2.01593255249214		4.87264733227856
2.0199907961811		4.89989159765409
2.02404903987006		4.9272091470611
2.02810728355903		4.95459998314672
2.03216552724799		4.98206410868036
2.03622377093695		5.00960152655114
2.04028201462591		5.03721223976655
2.04434025831488		5.06489625144298
2.04839850200384		5.09265356480866
2.0524567456928		5.12048418319565
2.05651498938176		5.14838811004108
2.06057323307073		5.17636534887935
2.06463147675969		5.20441590334425
2.06868972044865		5.23253977715996
2.07274796413761		5.26073697414359
2.07680620782658		5.28900749820014
2.08086445151554		5.31735135331812
2.0849226952045		5.34576854356955
2.08898093889346		5.37425907310581
2.09303918258243		5.40282294615446
2.09709742627139		5.43146016701858
2.10115566996035		5.46017074007307
2.10521391364931		5.48895466976263
2.10927215733828		5.51781196059831
2.11333040102724		5.54674261715633
2.1173886447162		5.57574664407563
2.12144688840516		5.60482404605699
2.12550513209413		5.63397482785673
2.12956337578309		5.66319899428821
2.13362161947205		5.69249655022163
2.13767986316101		5.72186750057564
2.14173810684998		5.75131185031982
2.14579635053894		5.78082960447325
2.1498545942279		5.81042076810093
2.15391283791686		5.84008534631172
2.15797108160583		5.86982334425753
2.16202932529479		5.89963476713191
2.16608756898375		5.9295196201663
2.17014581267271		5.95947790863156
2.17420405636168		5.98950963783338
2.17826230005064		6.0196148131131
2.1823205437396		6.04979343984287
2.18637878742856		6.08004552342992
2.19043703111753		6.11037106930701
2.19449527480649		6.14077008293931
2.19855351849545		6.17124256981761
2.20261176218441		6.20178853545826
2.20667000587338		6.23240798540306
2.21072824956234		6.26310092521635
2.2147864932513		6.29386736048514
2.21884473694026		6.32470729681736
2.22290298062923		6.35562073983956
2.22696122431819		6.38660769519785
2.23101946800715		6.41766816855519
2.23507771169611		6.44880216559107
2.23913595538508		6.48000969200053
2.24319419907404		6.5112907534916
2.247252442763		6.5426453557864
2.25131068645196		6.57407350461972
2.25536893014093		6.60557520573643
2.25942717382989		6.63715046489253
2.26348541751885		6.66879928785289
2.26754366120781		6.7005216803915
2.27160190489678		6.73231764828954
2.27566014858574		6.76418719733548
2.2797183922747		6.79613033332371
2.28377663596366		6.82814706205337
2.28783487965263		6.86023738932836
2.29189312334159		6.8924013209566
2.29595136703055		6.92463886274918
2.30000961071951		6.9569500205186
2.30406785440848		6.98933480008023
2.30812609809744		7.02179320724936
2.3121843417864		7.05432524784172
2.31624258547536		7.08693092767422
2.32030082916433		7.11961025256073
2.32435907285329		7.15236322831476
2.32841731654225		7.18518986074774
2.33247556023122		7.2180901556688
2.33653380392018		7.25106411888246
2.34059204760914		7.28411175619187
2.3446502912981		7.31723307339441
2.34870853498707		7.35042807628223
2.35276677867603		7.38369677064482
2.35682502236499		7.41703916226353
2.36088326605395		7.45045525691483
2.36494150974292		7.48394506036885
2.36899975343188		7.51750857838768
2.37305799712084		7.55114581672807
2.3771162408098		7.58485678113732
2.38117448449877		7.61864147735568
2.38523272818773		7.65249991111423
2.38929097187669		7.68643208813603
2.39334921556565		7.72043801413428
2.39740745925462		7.75451769481292
2.40146570294358		7.78867113586687
2.40552394663254		7.82289834297974
2.4095821903215		7.85719932182541
2.41364043401047		7.89157407806747
2.41769867769943		7.92602261735785
2.42175692138839		7.96054494533692
2.42581516507735		7.99514106763481
2.42987340876632		8.02981098986893
2.43393165245528		8.06455471764549
2.43798989614424		8.09937225655743
2.4420481398332		8.13426361218603
2.44610638352217		8.1692287900998
2.45016462721113		8.20426779585445
2.45422287090009		8.23938063499294
2.45828111458905		8.27456731304369
2.46233935827802		8.30982783552358
2.46639760196698		8.34516220793456
2.47045584565594		8.38057043576497
2.4745140893449		8.41605252448996
2.47857233303387		8.45160847956994
2.48263057672283		8.48723830645142
2.48668882041179		8.52294201056639
2.49074706410075		8.55871959733247
2.49480530778972		8.5945710721525
2.49886355147868		8.63049644041499
2.50292179516764		8.66649570749275
2.5069800388566		8.70256887874465
2.51103828254557		8.73871595951386
2.51509652623453		8.77493695512882
2.51915476992349		8.81123187090203
2.52321301361245		8.84760071213145
2.52727125730142		8.88404348409899
2.53132950099038		8.92056019207128
2.53538774467934		8.95715084129962
2.5394459883683		8.99381543701954
2.54350423205727		9.03055398445041
2.54756247574623		9.06736648879615
2.55162071943519		9.10425295524519
2.55567896312415		9.14121338896945
2.55973720681312		9.17824779512577
2.56379545050208		9.21535617885361
2.56785369419104		9.25253854527814
2.57191193788		9.28979489950723
2.57597018156897		9.327125246633
2.58002842525793		9.36452959173174
2.58408666894689		9.40200793986344
2.58814491263585		9.43956029607189
2.59220315632482		9.4771866653844
2.59626140001378		9.51488705281248
2.60031964370274		9.5526614633518
2.6043778873917		9.59050990198059
2.60843613108067		9.62843237366226
2.61249437476963		9.66642888334299
2.61655261845859		9.70449943595316
2.62061086214756		9.74264403640681
2.62466910583652		9.78086268960179
2.62872734952548		9.81915540041964
2.63278559321444		9.85752217372562
2.63684383690341		9.89596301436912
2.64090208059237		9.93447792718291
2.64496032428133		9.973066916984
2.64901856797029		10.0117299885724
2.65307681165926		10.0504671467333
2.65713505534822		10.0892783962346
2.66119329903718		10.1281637418282
2.66525154272614		10.1671231882507
2.66930978641511		10.2061567402218
2.67336803010407		10.2452644024459
2.67742627379303		10.2844461796103
2.68148451748199		10.3237020763876
2.68554276117096		10.3630320974335
2.68960100485992		10.4024362473884
2.69365924854888		10.4419145308764
2.69771749223784		10.4814669525057
2.70177573592681		10.521093516869
2.70583397961577		10.5607942285433
2.70989222330473		10.6005690920896
2.71395046699369		10.640418112053
2.71800871068266		10.6803412929635
2.72206695437162		10.7203386393351
2.72612519806058		10.7604101556664
2.73018344174954		10.8005558464404
2.73424168543851		10.8407757161245
2.73829992912747		10.8810697691712
2.74235817281643		10.9214380100168
2.74641641650539		10.9618804430829
2.75047466019436		11.0023970727755
2.75453290388332		11.0429879034854
2.75859114757228		11.0836529395885
2.76264939126124		11.1243921854453
2.76670763495021		11.1652056454011
2.77076587863917		11.2060933237865
2.77482412232813		11.2470552249168
2.77888236601709		11.2880913530926
2.78294060970606		11.3292017125995
2.78699885339502		11.3703863077083
2.79105709708398		11.4116451426753
2.79511534077294		11.4529782217415
2.79917358446191		11.4943855491339
2.80323182815087		11.5358671290644
2.80729007183983		11.5774229657307
2.81134831552879		11.6190530633159
2.81540655921776		11.6607574259887
2.81946480290672		11.7025360579033
2.82352304659568		11.7443889631999
2.82758129028464		11.786316146004
2.83163953397361		11.8283176104274
2.83569777766257		11.8703933605675
2.83975602135153		11.9125434005074
2.84381426504049		11.9547677343168
2.84787250872946		11.997066366051
2.85193075241842		12.0394392997514
2.85598899610738		12.0818865394459
2.86004723979634		12.1244080891481
2.86410548348531		12.1670039528585
2.86816372717427		12.2096741345634
2.87222197086323		12.252418638236
2.87628021455219		12.2952374678355
2.88033845824116		12.3381306273079
2.88439670193012		12.3810981205858
2.88845494561908		12.4241399515883
2.89251318930804		12.4672561242214
2.89657143299701		12.5104466423777
2.90062967668597		12.5537115099367
2.90468792037493		12.5970507307648
2.90874616406389		12.6404643087154
2.91280440775286		12.6839522476289
2.91686265144182		12.7275145513326
2.92092089513078		12.7711512236413
2.92497913881975		12.8148622683565
2.92903738250871		12.8586476892672
2.93309562619767		12.9025074901502
2.93715386988663		12.9464416747687
2.94121211357559		12.990450246874
2.94527035726456		13.0345332102048
2.94932860095352		13.0786905684873
2.95338684464248		13.1229223254353
2.95744508833145		13.1672284847501
2.96150333202041		13.2116090501213
2.96556157570937		13.2560640252256
2.96961981939833		13.3005934137281
2.9736780630873		13.3451972192813
2.97773630677626		13.3898754455261
2.98179455046522		13.4346280960912
2.98585279415418		13.4794551745937
2.98991103784315		13.5243566846382
2.99396928153211		13.5693326298184
2.99802752522107		13.6143830137152
3.00208576891003		13.6595078398988
3.006144012599		13.7047071119271
3.01020225628796		13.7499808333468
3.01426049997692		13.7953290076929
3.01831874366588		13.8407516384892
3.02237698735485		13.8862487292478
3.02643523104381		13.9318202834694
3.03049347473277		13.9774663046438
3.03455171842173		14.0231867962493
3.0386099621107		14.0689817617531
3.04266820579966		14.1148512046112
3.04672644948862		14.1607951282686
3.05078469317758		14.2068135361594
3.05484293686655		14.2529064317065
3.05890118055551		14.2990738183221
3.06295942424447		14.3453156994074
3.06701766793343		14.391632078353
3.0710759116224		14.4380229585385
3.07513415531136		14.484488343333
3.07919239900032		14.531028236095
3.08325064268928		14.5776426401722
3.08730888637825		14.624331558902
3.09136713006721		14.6710949956114
3.09542537375617		14.7179329536164
3.09948361744513		14.7648454362234
3.1035418611341		14.8118324467279
3.10760010482306		14.8588939884155
3.11165834851202		14.9060300645612
3.11571659220098		14.9532406784302
3.11977483588995		15.0005258332774
3.12383307957891		15.0478855323476
3.12789132326787		15.0953197788758
3.13194956695683		15.1428285760867
3.1360078106458		15.1904119271951
3.14006605433476		15.2380698354064
3.14412429802372		15.2858023039157
3.14818254171268		15.3336093359084
3.15224078540165		15.3814909345603
3.15629902909061		15.4294471030373
3.16035727277957		15.4774778444961
3.16441551646853		15.5255831620832
3.1684737601575		15.5737630589363
3.17253200384646		15.6220175381828
3.17659024753542		15.6703466029412
3.18064849122438		15.7187502563206
3.18470673491335		15.7672285014203
3.18876497860231		15.8157813413308
3.19282322229127		15.8644087791331
3.19688146598023		15.9131108178989
3.2009397096692		15.9618874606908
3.20499795335816		16.0107387105624
3.20905619704712		16.0596645705581
3.21311444073608		16.1086650437132
3.21717268442505		16.157740133054
3.22123092811401		16.2068898415981
3.22528917180297		16.2561141723538
3.22934741549193		16.3054131283208
3.2334056591809		16.3547867124898
3.23746390286986		16.4042349278428
3.24152214655882		16.4537577773533
3.24558039024778		16.5033552639854
3.24963863393675		16.5530273906953
3.25369687762571		16.6027741604303
3.25775512131467		16.6525955761289
3.26181336500363		16.7024916407213
3.2658716086926		16.7524623571291
3.26992985238156		16.8025077282656
3.27398809607052		16.8526277570356
3.27804633975949		16.9028224463352
3.28210458344845		16.9530917990527
3.28616282713741		17.0034358180677
3.29022107082637		17.0538545062516
3.29427931451534		17.1043478664678
3.2983375582043		17.1549159015713
3.30239580189326		17.2055586144089
3.30645404558222		17.2562760078195
3.31051228927119		17.3070680846339
3.31457053296015		17.3579348476745
3.31862877664911		17.4088762997561
3.32268702033807		17.4598924436856
3.32674526402704		17.5109832822614
3.330803507716		17.5621488182747
3.33486175140496		17.6133890545083
3.33891999509392		17.6647039937376
3.34297823878289		17.7160936387298
3.34703648247185		17.7675579922447
3.35109472616081		17.8190970570343
3.35515296984977		17.8707108358427
3.35921121353874		17.9223993314068
3.3632694572277		17.9741625464552
3.36732770091666		18.0260004837096
3.37138594460562		18.0779131458839
3.37544418829459		18.1299005356843
3.37950243198355		18.18196265581
3.38356067567251		18.234099508952
3.38761891936147		18.2863110977946
3.39167716305044		18.3385974250144
3.3957354067394		18.3909584932807
3.39979365042836		18.4433943052556
3.40385189411732		18.4959048635936
3.40791013780629		18.5484901709423
3.41196838149525		18.6011502299418
3.41602662518421		18.6538850432253
3.42008486887317		18.7066946134184
3.42414311256214		18.7595789431401
3.4282013562511		18.8125380350021
3.43225959994006		18.8655718916087
3.43631784362902		18.9186805155577
3.44037608731799		18.9718639094395
3.44443433100695		19.0251220758376
3.44849257469591		19.0784550173288
3.45255081838487		19.1318627364828
3.45660906207384		19.1853452358622
3.4606673057628		19.2389025180231
3.46472554945176		19.2925345855145
3.46878379314072		19.3462414408788
3.47284203682969		19.4000230866516
3.47690028051865		19.4538795253614
3.48095852420761		19.5078107595306
3.48501676789657		19.5618167916744
3.48907501158554		19.6158976243015
3.4931332552745		19.670053259914
3.49719149896346		19.7242837010073
3.50124974265242		19.7785889500704
3.50530798634139		19.8329690095857
3.50936623003035		19.8874238820287
3.51342447371931		19.9419535698691
3.51748271740827		19.9965580755693
3.52154096109724		20.0512374015859
3.5255992047862		20.1059915503689
3.52965744847516		20.1608205243617
3.53371569216412		20.2157243260015
3.53777393585309		20.2707029577192
3.54183217954205		20.3257564219393
3.54589042323101		20.3808847210798
3.54994866691997		20.436087857553
3.55400691060894		20.4913658337643
3.5580651542979		20.5467186521132
3.56212339798686		20.6021463149931
3.56618164167582		20.657648824791
3.57023988536479		20.7132261838878
3.57429812905375		20.7688783946584
3.57835637274271		20.8246054594715
3.58241461643168		20.8804073806896
3.58647286012064		20.9362841606695
3.5905311038096		20.9922358017615
3.59458934749856		21.0482623063104
3.59864759118753		21.1043636766546
3.60270583487649		21.1605399151266
3.60676407856545		21.2167910240532
3.61082232225441		21.273117005755
3.61488056594338		21.3295178625468
3.61893880963234		21.3859935967377
3.6229970533213		21.4425442106307
3.62705529701026		21.4991697065232
3.63111354069923		21.5558700867064
3.63517178438819		21.6126453534663
3.63923002807715		21.6694955090826
3.64328827176611		21.7264205558294
3.64734651545508		21.7834204959754
3.65140475914404		21.8404953317831
3.655463002833		21.8976450655096
3.65952124652196		21.9548696994065
3.66357949021093		22.0121692357193
3.66763773389989		22.0695436766882
3.67169597758885		22.1269930245479
3.67575422127781		22.1845172815272
3.67981246496678		22.2421164498496
3.68387070865574		22.2997905317329
3.6879289523447		22.3575395293895
3.69198719603366		22.4153634450262
3.69604543972263		22.4732622808444
3.70010368341159		22.5312360390401
3.70416192710055		22.5892847218036
3.70822017078951		22.6474083313201
3.71227841447848		22.7056068697691
3.71633665816744		22.763880339325
3.7203949018564		22.8222287421565
3.72445314554536		22.8806520804275
3.72851138923433		22.939150356296
3.73256963292329		22.9977235719149
3.73662787661225		23.0563717294319
3.74068612030121		23.1150948309895
3.74474436399018		23.1738928787245
3.74880260767914		23.232765874769
3.7528608513681		23.2917138212495
3.75691909505706		23.3507367202877
3.76097733874603		23.4098345739997
3.76503558243499		23.4690073844966
3.76909382612395		23.5282551538844
3.77315206981291		23.5875778842639
3.77721031350188		23.6469755777309
3.78126855719084		23.706448236376
3.7853268008798		23.7659958622848
3.78938504456876		23.8256184575377
3.79344328825773		23.8853160242102
3.79750153194669		23.9450885643728
3.80155977563565		24.0049360800907
3.80561801932461		24.0648585734245
3.80967626301358		24.1248560464296
3.81373450670254		24.1849285011565
3.8177927503915		24.2450759396507
3.82185099408046		24.3052983639529
3.82590923776943		24.3655957760986
3.82996748145839		24.4259681781188
3.83402572514735		24.4864155720394
3.83808396883631		24.5469379598813
3.84214221252528		24.607535343661
3.84620045621424		24.6682077253896
3.8502586999032		24.7289551070738
3.85431694359216		24.7897774907153
3.85837518728113		24.8506748783111
3.86243343097009		24.9116472718535
3.86649167465905		24.9726946733298
3.87054991834801		25.0338170847228
3.87460816203698		25.0950145080105
3.87866640572594		25.156286945166
3.8827246494149		25.2176343981581
3.88678289310386		25.2790568689505
3.89084113679283		25.3405543595026
3.89489938048179		25.402126871769
3.89895762417075		25.4637744076994
3.90301586785972		25.5254969692394
3.90707411154868		25.5872945583295
3.91113235523764		25.6491671769059
3.9151905989266		25.7111148269001
3.91924884261557		25.7731375102391
3.92330708630453		25.8352352288454
3.92736532999349		25.8974079846368
3.93142357368245		25.9596557795267
3.93548181737142		26.0219786154238
3.93954006106038		26.0843764942327
3.94359830474934		26.1468494178531
3.9476565484383		26.2093973881804
3.95171479212727		26.2720204071056
3.95577303581623		26.3347184765153
3.95983127950519		26.3974915982914
3.96388952319415		26.4603397743117
3.96794776688312		26.5232630064494
3.97200601057208		26.5862612965733
3.97606425426104		26.649334646548
3.98012249795		26.7124830582337
3.98418074163897		26.775706533486
3.98823898532793		26.8390050741566
3.99229722901689		26.9023786820924
3.99635547270585		26.9658273591363
4.00041371639482		27.0293511071268
4.00447196008378		27.0929499278981
4.00853020377274		27.1566238232803
4.0125884474617		27.220372795099
4.01664669115067		27.2841968451757
4.02070493483963		27.3480959753275
4.02476317852859		27.4120701873675
4.02882142221755		27.4761194831045
4.03287966590652		27.5402438643431
4.03693790959548		27.6044433328836
4.04099615328444		27.6687178905223
4.0450543969734		27.7330675390512
4.04911264066237		27.7974922802582
4.05317088435133		27.8619921159272
4.05722912804029		27.9265670478377
4.06128737172925		27.9912170777654
4.06534561541822		28.0559422074816
4.06940385910718		28.1207424387537
4.07346210279614		28.1856177733449
4.0775203464851		28.2505682130144
4.08157859017407		28.3155937595174
4.08563683386303		28.380694414605
4.08969507755199		28.4458701800241
4.09375332124095		28.5111210575179
4.09781156492992		28.5764470488254
4.10186980861888		28.6418481556816
4.10592805230784		28.7073243798175
4.1099862959968		28.7728757229602
4.11404453968577		28.8385021868328
4.11810278337473		28.9042037731544
4.12216102706369		28.9699804836402
4.12621927075265		29.0358323200015
4.13027751444162		29.1017592839455
4.13433575813058		29.1677613771759
4.13839400181954		29.233838601392
4.1424522455085		29.2999909582895
4.14651048919747		29.3662184495601
4.15056873288643		29.4325210768917
4.15462697657539		29.4988988419685
4.15868522026435		29.5653517464705
4.16274346395332		29.6318797920741
4.16680170764228		29.6984829804517
4.17085995133124		29.7651613132722
4.1749181950202		29.8319147922004
4.17897643870917		29.8987434188975
4.18303468239813		29.9656471950206
4.18709292608709		30.0326261222234
4.19115116977605		30.0996802021557
4.19520941346502		30.1668094364635
4.19926765715398		30.2340138267889
4.20332590084294		30.3012933747708
4.2073841445319		30.3686480820436
4.21144238822087		30.4360779502388
4.21550063190983		30.5035829809834
4.21955887559879		30.5711631759015
4.22361711928775		30.6388185366129
4.22767536297672		30.706549064734
4.23173360666568		30.7743547618774
4.23579185035464		30.8422356296522
4.23985009404361		30.9101916696638
4.24390833773257		30.9782228835139
4.24796658142153		31.0463292728007
4.25202482511049		31.1145108391186
4.25608306879946		31.1827675840585
4.26014131248842		31.2510995092077
4.26419955617738		31.3195066161499
4.26825779986634		31.3879889064653
4.27231604355531		31.4565463817305
4.27637428724427		31.5251790435182
4.28043253093323		31.5938868933982
4.28449077462219		31.6626699329362
4.28854901831116		31.7315281636947
4.29260726200012		31.8004615872324
4.29666550568908		31.8694702051048
4.30072374937804		31.9385540188635
4.30478199306701		32.0077130300571
4.30884023675597		32.0769472402302
4.31289848044493		32.1462566509244
4.31695672413389		32.2156412636774
4.32101496782286		32.2851010800237
4.32507321151182		32.3546361014944
4.32913145520078		32.4242463296169
4.33318969888974		32.4939317659153
4.33724794257871		32.5636924119105
4.34130618626767		32.6335282691195
4.34536442995663		32.7034393390564
4.34942267364559		32.7734256232314
4.35348091733456		32.8434871231518
4.35753916102352		32.9136238403212
4.36159740471248		32.98383577624
4.36565564840144		33.054122932405
4.36971389209041		33.12448531031
4.37377213577937		33.1949229114451
4.37783037946833		33.2654357372972
4.38188862315729		33.33602378935
4.38594686684626		33.4066870690837
4.39000511053522		33.4774255779754
4.39406335422418		33.5482393174985
4.39812159791314		33.6191282891235
4.40217984160211		33.6900924943174
4.40623808529107		33.761131934544
4.41029632898003		33.8322466112638
4.41435457266899		33.9034365259342
4.41841281635796		33.9747016800089
4.42247106004692		34.0460420749389
4.42652930373588		34.1174577121715
4.43058754742484		34.1889485931512
4.43464579111381		34.2605147193188
4.43870403480277		34.3321560921124
4.44276227849173		34.4038727129664
4.44682052218069		34.4756645833123
4.45087876586966		34.5475317045784
4.45493700955862		34.6194740781897
4.45899525324758		34.691491705568
4.46305349693654		34.7635845881322
4.46711174062551		34.8357527272978
4.47116998431447		34.9079961244771
4.47522822800343		34.9803147810794
4.47928647169239		35.0527086985109
4.48334471538136		35.1251778781744
4.48740295907032		35.19772232147
4.49146120275928		35.2703420297943
4.49551944644824		35.3430370045411
4.49957769013721		35.4158072471008
4.50363593382617		35.4886527588609
4.50769417751513		35.5615735412058
4.51175242120409		35.6345695955169
4.51581066489306		35.7076409231723
4.51986890858202		35.7807875255473
4.52392715227098		35.854009404014
4.52798539595994		35.9273065599413
4.53204363964891		36.0006789946956
4.53610188333787		36.0741267096396
4.54016012702683		36.1476497061334
4.54421837071579		36.221247985534
4.54827661440476		36.2949215491954
4.55233485809372		36.3686703984684
4.55639310178268		36.4424945347012
4.56045134547165		36.5163939592386
4.56450958916061		36.5903686734227
4.56856783284957		36.6644186785926
4.57262607653853		36.7385439760842
4.5766843202275		36.8127445672308
4.58074256391646		36.8870204533624
4.58480080760542		36.9613716358063
4.58885905129438		37.0357981158867
4.59291729498335		37.1102998949252
4.59697553867231		37.18487697424
4.60103378236127		37.2595293551467
4.60509202605023		37.3342570389578
4.6091502697392		37.4090600269832
4.61320851342816		37.4839383205296
4.61726675711712		37.558891920901
4.62132500080608		37.6339208293983
4.62538324449505		37.7090250473199
4.62944148818401		37.7842045759609
4.63349973187297		37.8594594166139
4.63755797556193		37.9347895705684
4.6416162192509		38.0101950391112
4.64567446293986		38.0856758235262
4.64973270662882		38.1612319250945
4.65379095031778		38.2368633450943
4.65784919400675		38.3125700848011
4.66190743769571		38.3883521454874
4.66596568138467		38.4642095284233
4.67002392507363		38.5401422348755
4.6740821687626		38.6161502661084
4.67814041245156		38.6922336233834
4.68219865614052		38.7683923079592
4.68625689982948		38.8446263210917
4.69031514351845		38.920935664034
4.69437338720741		38.9973203380364
4.69843163089637		39.0737803443467
4.70248987458533		39.1503156842095
4.7065481182743		39.2269263588672
4.71060636196326		39.3036123695591
4.71466460565222		39.3803737175218
4.71872284934118		39.4572104039894
4.72278109303015		39.5341224301929
4.72683933671911		39.6111097973612
4.73089758040807		39.6881725067197
4.73495582409703		39.7653105594919
4.739014067786		39.8425239568981
4.74307231147496		39.919812700156
4.74713055516392		39.9971767904808
4.75118879885288		40.0746162290849
4.75524704254185		40.152131017178
4.75930528623081		40.2297211559674
4.76336352991977		40.3073866466573
4.76742177360873		40.3851274904496
4.7714800172977		40.4629436885435
4.77553826098666		40.5408352421356
4.77959650467562		40.6188021524197
4.78365474836458		40.6968444205872
4.78771299205355		40.7749620478267
4.79177123574251		40.8531550353243
4.79582947943147		40.9314233842635
4.79988772312043		41.0097670958252
4.8039459668094		41.0881861711877
4.80800421049836		41.1666806115267
4.81206245418732		41.2452504180152
4.81612069787628		41.3238955918239
4.82017894156525		41.4026161341208
4.82423718525421		41.4814120460713
4.82829542894317		41.5602833288384
4.83235367263213		41.6392299835823
4.8364119163211		41.7182520114608
4.84047016001006		41.7973494136293
4.84452840369902		41.8765221912404
4.84858664738799		41.9557703454444
4.85264489107695		42.035093877389
4.85670313476591		42.1144927882193
4.86076137845487		42.1939670790781
4.86481962214383		42.2735167511055
4.8688778658328		42.3531418054392
4.87293610952176		42.4328422432145
4.87699435321072		42.512618065564
4.88105259689968		42.5924692736179
4.88511084058865		42.6723958685042
4.88916908427761		42.752397851348
4.89322732796657		42.8324752232722
4.89728557165554		42.9126279853973
4.9013438153445		42.9928561388411
4.90540205903346		43.0731596847191
4.90946030272242		43.1535386241446
4.91351854641139		43.233992958228
4.91757679010035		43.3145226880775
4.92163503378931		43.3951278147992
4.92569327747827		43.4758083394961
4.92975152116724		43.5565642632695
4.9338097648562		43.6373955872177
4.93786800854516		43.7183023124371
4.94192625223412		43.7992844400213
4.94598449592309		43.8803419710619
4.95004273961205		43.9614749066477
4.95410098330101		44.0426832478655
4.95815922698997		44.1239669957994
4.96221747067894		44.2053261515316
4.9662757143679		44.2867607161414
4.97033395805686		44.3682706907061
4.97439220174582		44.4498560763004
4.97845044543479		44.5315168739971
4.98250868912375		44.6132530848661
4.98656693281271		44.6950647099753
4.99062517650167		44.7769517503904
4.99468342019064		44.8589142071744
4.9987416638796		44.9409520813882
5.00279990756856		45.0230653740904
5.00685815125752		45.1052540863373
5.01091639494649		45.1875182191827
5.01497463863545		45.2698577736786
5.01903288232441		45.3522727508741
5.02309112601337		45.4347631518164
5.02714936970234		45.5173289775502
5.0312076133913		45.5999702291182
5.03526585708026		45.6826869075607
5.03932410076922		45.7654790139156
5.04338234445819		45.8483465492187
5.04744058814715		45.9312895145036
5.05149883183611		46.0143079108013
5.05555707552507		46.0974017391411
5.05961531921404		46.1805710005497
5.063673562903		46.2638156960516
5.06773180659196		46.3471358266691
5.07179005028092		46.4305313934224
5.07584829396989		46.5140023973294
