0.247529412864693		3.67298407618608e-05
0.250458001597145		3.85368838168028e-05
0.253386590329598		4.03982118731216e-05
0.256315179062051		4.23145810521588e-05
0.259243767794503		4.42867722445657e-05
0.262172356526956		4.63155928104755e-05
0.265100945259409		4.84018782628829e-05
0.268029533991861		5.05464939372035e-05
0.270958122724314		5.27503366501134e-05
0.273886711456767		5.50143363508333e-05
0.276815300189219		5.73394577680641e-05
0.279743888921672		5.9726702055822e-05
0.282672477654125		6.21771084414751e-05
0.285601066386577		6.46917558792814e-05
0.28852965511903		6.72717647127298e-05
0.291458243851482		6.99182983490323e-05
0.294386832583935		7.26325649491032e-05
0.297315421316388		7.5415819136306e-05
0.30024401004884		7.82693637273613e-05
0.303172598781293		8.11945514887056e-05
0.306101187513746		8.41927869216369e-05
0.309029776246198		8.72655280795211e-05
0.311958364978651		9.04142884204614e-05
0.314886953711104		9.36406386987379e-05
0.317815542443556		9.69462088981711e-05
0.320744131176009		0.000100332690211101
0.323672719908461		0.000103801837065876
0.326601308640914		0.000107355469206585
0.329529897373367		0.000110995473828199
0.332458486105819		0.000114723807770573
0.335387074838272		0.000118542499774653
0.338315663570725		0.000122453652804479
0.341244252303177		0.000126459446438325
0.34417284103563		0.000130562139332542
0.347101429768083		0.000134764071761735
0.350030018500535		0.000139067668238655
0.352958607232988		0.000143475440217853
0.355887195965441		0.000147989988886391
0.358815784697893		0.000152614008045666
0.361744373430346		0.00015735028708821
0.364672962162798		0.000162201714073069
0.367601550895251		0.000167171278904355
0.370530139627704		0.000172262076616367
0.373458728360156		0.000177477310769973
0.376387317092609		0.000182820296964208
0.379315905825062		0.000188294466467821
0.382244494557514		0.000193903369974683
0.385173083289967		0.000199650681488445
0.38810167202242		0.000205540202339908
0.391030260754872		0.000211575865343501
0.393958849487325		0.000217761739096607
0.396887438219778		0.000224102032427082
0.39981602695223		0.000230601098994219
0.402744615684683		0.000237263442049535
0.405673204417135		0.000244093719360386
0.408601793149588		0.000251096748304692
0.411530381882041		0.000258277511141609
0.414458970614493		0.000265641160462778
0.417387559346946		0.000273193024833739
0.420316148079399		0.000280938614627297
0.423244736811851		0.000288883628059004
0.426173325544304		0.000297033957430808
0.429101914276757		0.000305395695586438
0.432030503009209		0.000313975142592601
0.434959091741662		0.000322778812644337
0.437887680474114		0.000331813441209828
0.440816269206567		0.000341085992420022
0.44374485793902		0.000350603666706114
0.446673446671472		0.000360373908701216
0.449602035403925		0.00037040441541024
0.452530624136378		0.00038070314465571
0.45545921286883		0.000391278323812227
0.458387801601283		0.000402138458832185
0.461316390333736		0.000413292343584543
0.464244979066188		0.000424749069497824
0.467173567798641		0.000436518035540963
0.470102156531094		0.000448608958527855
0.473030745263546		0.00046103188377287
0.475959333995999		0.000473797196108636
0.478887922728451		0.000486915631261656
0.481816511460904		0.000500398287616343
0.484745100193357		0.000514256638370997
0.487673688925809		0.000528502544090825
0.490602277658262		0.000543148265691688
0.493530866390715		0.000558206477837626
0.496459455123167		0.000573690282803168
0.49938804385562		0.000589613224767635
0.502316632588073		0.000605989304612732
0.505245221320525		0.000622832995178659
0.508173810052978		0.000640159257046318
0.511102398785431		0.000657983554817436
0.514030987517883		0.000676321873954319
0.516959576250336		0.000695190738133702
0.519888164982788		0.000714607227223865
0.522816753715241		0.000734588995789274
0.525745342447694		0.00075515429224919
0.528673931180146		0.000776321978618656
0.531602519912599		0.000798111550942286
0.534531108645052		0.000820543160324735
0.537459697377504		0.000843637634736067
0.540388286109957		0.000867416501428954
0.54331687484241		0.000891902010134187
0.546245463574862		0.000917117157035873
0.549174052307315		0.000943085709455783
0.552102641039767		0.000969832231354651
0.55503122977222		0.000997382109726368
0.557959818504673		0.00102576158175884
0.560888407237125		0.0010549977628185
0.563816995969578		0.00108511867566105
0.566745584702031		0.00111615328006378
0.569674173434483		0.00114813150385013
0.572602762166936		0.001181084274782
0.575531350899389		0.00121504355335817
0.578459939631841		0.00125004236681375
0.581388528364294		0.00128611484423591
0.584317117096746		0.001323296252562
0.587245705829199		0.00136162303414961
0.590174294561652		0.00140113284517299
0.593102883294104		0.00144186459536223
0.596031472026557		0.00148385848933334
0.59896006075901		0.00152715606856157
0.601888649491462		0.00157180025554411
0.604817238223915		0.00161783539873225
0.607745826956368		0.00166530731922373
0.61067441568882		0.0017142633586918
0.613603004421273		0.00176475242955965
0.616531593153726		0.00181682506568589
0.619460181886178		0.00187053347569724
0.622388770618631		0.00192593159727813
0.625317359351084		0.00198307515440014
0.628245948083536		0.00204202171415454
0.631174536815989		0.00210283074811845
0.634103125548442		0.00216556369411873
0.637031714280894		0.00223028401970911
0.639960303013347		0.00229705728906341
0.642888891745799		0.00236595123082559
0.645817480478252		0.00243703580868977
0.648746069210705		0.00251038329520413
0.651674657943157		0.00258606834420512
0.65460324667561		0.00266416807221605
0.657531835408062		0.00274476213555242
0.660460424140515		0.00282793281451598
0.663389012872968		0.00291376509832379
0.666317601605421		0.00300234677437703
0.669246190337873		0.0030937685194852
0.672174779070326		0.00318812399059385
0.675103367802778		0.00328550992611185
0.678031956535231		0.00338602624886596
0.680960545267684		0.00348977616032404
0.683889134000136		0.00359686625920697
0.686817722732589		0.00370740664518846
0.689746311465042		0.00382151103444506
0.692674900197494		0.00393929688471523
0.695603488929947		0.00406088550247333
0.6985320776624		0.00418640219273864
0.701460666394852		0.00431597636936664
0.704389255127305		0.0044497416940584
0.707317843859757		0.00458783624613465
0.71024643259221		0.00473040261118095
0.713175021324663		0.00487758808894598
0.716103610057116		0.0050295448083014
0.719032198789568		0.005186429930311
0.721960787522021		0.00534840574097232
0.724889376254473		0.00551563993624773
0.727817964986926		0.00568830570381626
0.730746553719379		0.00586658193257193
0.733675142451831		0.00605065343600239
0.736603731184284		0.00624071119158894
0.739532319916737		0.0064369523615508
0.742460908649189		0.00663958079430133
0.745389497381642		0.00684880697131774
0.748318086114095		0.00706484843782929
0.751246674846547		0.00728792985436789
0.754175263579		0.00751828357754268
0.757103852311452		0.00775614947383541
0.760032441043905		0.00800177549748694
0.762961029776358		0.00825541796032863
0.76588961850881		0.00851734132809839
0.768818207241263		0.00878781953898549
0.771746795973716		0.00906713516315128
0.774675384706168		0.00935558036217043
0.777603973438621		0.00965345732253325
0.780532562171074		0.00996107793677329
0.783461150903526		0.0102787643967502
0.786389739635979		0.0106068502659263
0.789318328368432		0.010945679101159
0.792246917100884		0.0112956075683438
0.795175505833337		0.0116570020605121
0.798104094565789		0.0120302438877383
0.801032683298242		0.0124157232884658
0.803961272030695		0.0128138488926695
0.806889860763147		0.0132250375293004
0.8098184494956		0.0136497244017234
0.812747038228053		0.0140883624453416
0.815675626960505		0.0145414120747944
0.818604215692958		0.0150093552401068
0.821532804425411		0.0154926991532716
0.824461393157863		0.0159919663422912
0.827389981890316		0.016507685547239
0.830318570622768		0.0170404341703883
0.833247159355221		0.0175907864834757
0.836175748087674		0.0181593286540272
0.83796737044354		0.0185163810692604
0.839758992799405		0.0188806021839384
0.841550615155271		0.0192521253078206
0.843342237511137		0.0196310724405992
0.845133859867003		0.0200176012770816
0.846925482222869		0.0204117922406118
0.848717104578735		0.0208137775923178
0.8505087269346		0.021223627870394
0.852300349290466		0.0216414114954495
0.854091971646332		0.0220671950094379
0.855883594002198		0.0225010051245572
0.857675216358064		0.0229428558361357
0.85946683871393		0.0233927361956179
0.861258461069796		0.0238505314468254
0.863050083425661		0.0243162798626427
0.864841705781527		0.0247897707470075
0.866633328137393		0.0252709363084081
0.868424950493259		0.0257595922720968
0.870216572849125		0.0262555960642447
0.872008195204991		0.0267586992128422
0.873799817560856		0.0272687387964641
0.875591439916722		0.0277854603249224
0.877383062272588		0.0283085589570417
0.879174684628454		0.0288378354285087
0.88096630698432		0.0293729666472939
0.882757929340186		0.029913661359376
0.884549551696052		0.030459647706178
0.886341174051917		0.0310106169009217
0.888132796407783		0.0315661677440505
0.889924418763649		0.032126070014356
0.891716041119515		0.0326900541446103
0.893507663475381		0.0332576844369715
0.895299285831247		0.0338286650539643
0.897090908187112		0.0344026723999431
0.898882530542978		0.0349794180975418
0.900674152898844		0.0355586672184701
0.90246577525471		0.0361401228697781
0.904257397610576		0.0367233657859927
0.906049019966442		0.0373082061139222
0.907840642322308		0.0378946237212156
0.909632264678173		0.0384821280415845
0.911423887034039		0.0390705899233005
0.913215509389905		0.0396599779631721
0.915007131745771		0.0402500742990302
0.916798754101637		0.0408407166688414
0.918590376457503		0.041431907962811
0.920381998813368		0.0420235084691479
0.922173621169234		0.0426155863620677
0.9239652435251		0.0432079583065184
0.925756865880966		0.0438006534869821
0.927548488236832		0.0443940274330195
0.929340110592698		0.0449878850153519
0.931131732948564		0.045582164636631
0.932923355304429		0.0461773522243088
0.934714977660295		0.0467731222831728
0.936506600016161		0.04736993695657
0.938298222372027		0.0479678287105228
0.940089844727893		0.0485670059201339
0.941881467083759		0.0491675059396762
0.943673089439624		0.0497697026079084
0.94546471179549		0.0503736547983125
0.947256334151356		0.0509796092111592
0.949047956507222		0.0515878675175219
0.950839578863088		0.0521983290026914
0.952631201218954		0.0528114761586692
0.954422823574819		0.0534273695249007
0.956214445930685		0.0540463389515035
0.958006068286551		0.0546683850376735
0.959797690642417		0.0552939281362995
0.961589312998283		0.0559228810413293
0.963380935354149		0.0565556115340299
0.965172557710015		0.0571921933929312
0.96696418006588		0.0578327748242193
0.968755802421746		0.0584773579182208
0.970547424777612		0.059126325889785
0.972339047133478		0.0597793594460381
0.974130669489344		0.060436740808352
0.97592229184521		0.061098567757103
0.977713914201075		0.0617647586040916
0.979505536556941		0.0624351870121742
0.981297158912807		0.0631100395059064
0.983088781268673		0.0637891040918264
0.984880403624539		0.0644725162335011
0.986672025980405		0.0651600825946388
0.988463648336271		0.0658517574872017
0.990255270692136		0.0665474251884911
0.992046893048002		0.0672471761044253
0.993838515403868		0.0679507416270409
0.995630137759734		0.0686582211056843
0.9974217601156		0.069369360282029
0.999213382471466		0.0700842324318184
1.00100500482733		0.0708027543636372
1.0027966271832		0.0715248535568459
1.00458824953906		0.0722505036363442
1.00637987189493		0.0729796346968519
1.00817149425079		0.0737122508215069
1.00996311660666		0.0744483176084423
1.01175473896253		0.0751877907722119
1.01354636131839		0.0759306857955472
1.01760460500735		0.0776259267036893
1.02166284869632		0.0793384823845868
1.02572109238528		0.081068383057195
1.02977933607424		0.082815622744399
1.0338375797632		0.0845802949995683
1.03789582345217		0.0863624652905047
1.04195406714113		0.088162231766641
1.04601231083009		0.0899796703943481
1.05007055451906		0.0918148871987559
1.05412879820802		0.0936679675649368
1.05818704189698		0.095538984211392
1.06224528558594		0.0974280189683781
1.06630352927491		0.0993351517366924
1.07036177296387		0.101260456421124
1.07442001665283		0.103204017789653
1.07847826034179		0.105165912079113
1.08253650403076		0.107146215128735
1.08659474771972		0.109145009347466
1.09065299140868		0.111162380306032
1.09471123509764		0.113198405946291
1.09876947878661		0.115253173291333
1.10282772247557		0.117326764584264
1.10688596616453		0.119419269490684
1.11094420985349		0.12153077486659
1.11500245354246		0.123661364400795
1.11906069723142		0.125811129747947
1.12311894092038		0.127980154529013
1.12717718460934		0.130168524860964
1.13123542829831		0.132376328772415
1.13529367198727		0.134603649892997
1.13935191567623		0.136850570657172
1.14341015936519		0.139117174897881
1.14746840305416		0.141403541089674
1.15152664674312		0.1437097487218
1.15558489043208		0.146035875269536
1.15964313412104		0.148381994097137
1.16370137781001		0.150748179053223
1.16775962149897		0.153134500558224
1.17181786518793		0.155541026769635
1.17587610887689		0.157967824150522
1.17993435256586		0.160414956518072
1.18399259625482		0.162882486086346
1.18805083994378		0.165370472156309
1.19210908363274		0.167878971741993
1.19616732732171		0.170408041134219
1.20022557101067		0.172957732074979
1.20428381469963		0.175528096053836
1.20834205838859		0.178119182400122
1.21240030207756		0.180731037543953
1.21645854576652		0.183363705845199
1.22051678945548		0.186017231048779
1.22457503314444		0.188691653239599
1.22863327683341		0.191387012016087
1.23269152052237		0.194103344551984
1.23674976421133		0.19684068605885
1.24080800790029		0.199599070689757
1.24486625158926		0.202378530334331
1.24892449527822		0.205179095110462
1.25298273896718		0.20800079432133
1.25704098265614		0.210843654964623
1.26109922634511		0.2137077028957
1.26515747003407		0.216592962311419
1.26921571372303		0.219499456113392
1.27327395741199		0.222427205720599
1.27733220110096		0.225376231241632
1.28139044478992		0.22834655144185
1.28544868847888		0.231338183783664
1.28950693216784		0.234351144478298
1.29356517585681		0.237385448515349
1.29762341954577		0.240441109859969
1.30168166323473		0.243518141135031
1.30573990692369		0.246616553771973
1.30979815061266		0.249736358400183
1.31385639430162		0.252877564473157
1.31791463799058		0.256040180320195
1.32197288167954		0.259224213442564
1.32603112536851		0.262429670285214
1.33008936905747		0.265656556556059
1.33414761274643		0.268904876725807
1.33820585643539		0.272174634747877
1.34226410012436		0.275465833613724
1.34632234381332		0.278778475499149
1.35038058750228		0.282112561873329
1.35443883119124		0.285468093445119
1.35849707488021		0.288845070156617
1.36255531856917		0.292243491383796
1.36661356225813		0.295663355749475
1.3706718059471		0.299104661352305
1.37473004963606		0.302567405643932
1.37878829332502		0.306051585514427
1.38284653701398		0.309557197355029
1.38690478070295		0.313084237018572
1.39096302439191		0.316632699864554
1.39502126808087		0.32020258085182
1.39907951176983		0.323793874453263
1.4031377554588		0.327406574741367
1.40719599914776		0.331040675469061
1.41125424283672		0.334696169954002
1.41531248652568		0.338373051250933
1.41937073021465		0.342071312031717
1.42342897390361		0.34579094474953
1.42748721759257		0.349531941571338
1.43154546128153		0.353294294384601
1.4356037049705		0.357077994900023
1.43966194865946		0.360883034587591
1.44372019234842		0.364709404771053
1.44777843603738		0.368557096557575
1.45183667972635		0.372426100948263
1.45589492341531		0.376316408799791
1.45995316710427		0.380228010837154
1.46401141079323		0.384160897714166
1.4680696544822		0.38811505999947
1.47212789817116		0.392090488162048
1.47618614186012		0.396087172657158
1.48024438554908		0.400105103870766
1.48430262923805		0.404144272188125
1.48836087292701		0.408204667967374
1.49241911661597		0.412286281568091
1.49647736030493		0.416389103355035
1.5005356039939		0.420513123718647
1.50459384768286		0.424658333078542
1.50865209137182		0.428824721911133
1.51271033506078		0.433012280712561
1.51676857874975		0.43722100008017
1.52082682243871		0.441450870638181
1.52488506612767		0.445701883122989
1.52894330981663		0.449974028330547
1.5330015535056		0.454267297168831
1.53705979719456		0.458581680629722
1.54111804088352		0.462917169812692
1.54517628457248		0.467273755941324
1.54923452826145		0.471651430330144
1.55329277195041		0.476050184446592
1.55735101563937		0.48047000986124
1.56140925932833		0.484910898281703
1.5654675030173		0.489372841559047
1.56952574670626		0.493855831670992
1.57358399039522		0.498359860751278
1.57764223408418		0.502884921067218
1.58170047777315		0.507431005047065
1.58575872146211		0.511998105253572
1.58981696515107		0.516586214422164
1.59387520884003		0.521195325438832
1.597933452529		0.525825431339575
1.60199169621796		0.530476525325761
1.60604993990692		0.535148600769166
1.61010818359588		0.539841651181357
1.61416642728485		0.544555670259543
1.61822467097381		0.549290651854793
1.62228291466277		0.554046589984305
1.62634115835173		0.55882347883274
1.6303994020407		0.563621312749365
1.63445764572966		0.568440086246988
1.63851588941862		0.573279794006008
1.64257413310758		0.578140430876471
1.64663237679655		0.583021991868019
1.65069062048551		0.587924472159248
1.65474886417447		0.592847867090353
1.65880710786343		0.597792172167378
1.6628653515524		0.602757383059895
1.66692359524136		0.60774349559535
1.67098183893032		0.612750505771676
1.67504008261929		0.617778409737369
1.67909832630825		0.622827203805754
1.68315656999721		0.627896884444954
1.68721481368617		0.632987448280294
1.69127305737513		0.638098892096232
1.6953313010641		0.643231212826455
1.69938954475306		0.648384407559513
1.70344778844202		0.653558473531979
1.70750603213099		0.658753408134763
1.71156427581995		0.663969208901566
1.71562251950891		0.669205873512669
1.71968076319787		0.674463399796091
1.72373900688684		0.679741785719855
1.7277972505758		0.685041029390826
1.73185549426476		0.690361129059373
1.73591373795372		0.69570208310972
1.73997198164269		0.701063890061051
1.74403022533165		0.706446548568435
1.74808846902061		0.711850057415507
1.75214671270957		0.717274415516653
1.75620495639854		0.722719621916625
1.7602632000875		0.728185675779514
1.76432144377646		0.733672576399785
1.76837968746542		0.739180323188622
1.77243793115439		0.744708915679989
1.77649617484335		0.750258353525721
1.78055441853231		0.755828636490559
1.78461266222127		0.761419764457537
1.78867090591024		0.767031737417882
1.7927291495992		0.772664555473761
1.79678739328816		0.778318218838322
1.80084563697712		0.783992727825089
1.80490388066609		0.789688082858356
1.80896212435505		0.795404284459273
1.81302036804401		0.801141333252365
1.81707861173297		0.806899229960428
1.82113685542194		0.812677975402304
1.8251950991109		0.818477570490572
1.82925334279986		0.824298016231079
1.83331158648882		0.830139313722801
1.83736983017779		0.836001464151211
1.84142807386675		0.841884468789681
1.84548631755571		0.847788328997332
1.84954456124467		0.853713046218605
1.85360280493364		0.859658621976742
1.8576610486226		0.865625057878542
1.86171929231156		0.871612355605874
1.86577753600052		0.877620516920403
1.86983577968949		0.883649543657709
1.87389402337845		0.889699437726922
1.87795226706741		0.895770201107839
1.88201051075637		0.901861835852009
1.88606875444534		0.907974344078153
1.8901269981343		0.914107727973561
1.89418524182326		0.920261989789411
1.89824348551222		0.926437131842292
1.90230172920119		0.932633156508057
1.90635997289015		0.938850066227232
1.91041821657911		0.945087863496608
1.91447646026807		0.951346550872825
1.91853470395704		0.957626130967194
1.922592947646		0.963926606447839
1.92665119133496		0.970247980034662
1.93070943502392		0.976590254501404
1.93476767871289		0.982953432671483
1.93882592240185		0.989337517417705
1.94288416609081		0.995742511662848
1.94694240977977		1.00216841837396
1.95100065346874		1.00861524056591
1.9550588971577		1.01508298129737
1.95911714084666		1.02157164366947
1.96317538453562		1.02808123082636
1.96723362822459		1.0346117459517
1.97129187191355		1.04116319226963
1.97535011560251		1.04773557304318
1.97940835929148		1.0543288915708
1.98346660298044		1.06094315118945
1.9875248466694		1.06757835526989
1.99158309035836		1.07423450721749
1.99564133404733		1.0809116104695
1.99969957773629		1.08760966849657
2.00375782142525		1.09432868479995
2.00781606511421		1.10106866290999
2.01187430880317		1.10782960638766
2.01593255249214		1.11461151881973
2.0199907961811		1.12141440382235
2.02404903987006		1.12823826503657
2.02810728355903		1.13508310612908
2.03216552724799		1.14194893079071
2.03622377093695		1.14883574273592
2.04028201462591		1.15574354570257
2.04434025831488		1.16267234344927
2.04839850200384		1.16962213975645
2.0524567456928		1.17659293842414
2.05651498938176		1.18358474327252
2.06057323307073		1.19059755813974
2.06463147675969		1.19763138688275
2.06868972044865		1.20468623337471
2.07274796413761		1.21176210150595
2.07680620782658		1.21885899518259
2.08086445151554		1.22597691832538
2.0849226952045		1.23311587486983
2.08898093889346		1.24027586876512
2.09303918258243		1.24745690397325
2.09709742627139		1.25465898446901
2.10115566996035		1.26188211423896
2.10521391364931		1.26912629728097
2.10927215733828		1.27639153760327
2.11333040102724		1.28367783922426
2.1173886447162		1.29098520617184
2.12144688840516		1.29831364248328
2.12550513209413		1.30566315220342
2.12956337578309		1.31303373938522
2.13362161947205		1.32042540808983
2.13767986316101		1.32783816238411
2.14173810684998		1.33527200634151
2.14579635053894		1.34272694404172
2.1498545942279		1.35020297956969
2.15391283791686		1.35770011701508
2.15797108160583		1.3652183604721
2.16202932529479		1.37275771403918
2.16608756898375		1.3803181818179
2.17014581267271		1.38789976791357
2.17420405636168		1.39550247643386
2.17826230005064		1.40312631148918
2.1823205437396		1.41077127719124
2.18637878742856		1.41843737765444
2.19043703111753		1.42612461699305
2.19449527480649		1.43383299932333
2.19855351849545		1.44156252876158
2.20261176218441		1.44931320942416
2.20667000587338		1.45708504542751
2.21072824956234		1.46487804088736
2.2147864932513		1.47269219991878
2.21884473694026		1.48052752663578
2.22290298062923		1.48838402515056
2.22696122431819		1.49626169957396
2.23101946800715		1.50416055401462
2.23507771169611		1.51208059257896
2.23913595538508		1.52002181937093
2.24319419907404		1.52798423849127
2.247252442763		1.5359678540379
2.25131068645196		1.54397267010554
2.25536893014093		1.55199869078496
2.25942717382989		1.56004592016336
2.26348541751885		1.56811436232369
2.26754366120781		1.57620402134479
2.27160190489678		1.58431490130087
2.27566014858574		1.59244700626153
2.2797183922747		1.60060034029142
2.28377663596366		1.6087749074499
2.28783487965263		1.61697071179108
2.29189312334159		1.62518775736366
2.29595136703055		1.63342604821069
2.30000961071951		1.64168558836904
2.30406785440848		1.64996638186993
2.30812609809744		1.65826843273802
2.3121843417864		1.66659174499163
2.31624258547536		1.674936322643
2.32030082916433		1.68330216969699
2.32435907285329		1.691689290152
2.32841731654225		1.70009768799941
2.33247556023122		1.70852736722357
2.33653380392018		1.71697833180114
2.34059204760914		1.72545058570207
2.3446502912981		1.73394413288832
2.34870853498707		1.74245897731402
2.35276677867603		1.75099512292633
2.35682502236499		1.75955257366372
2.36088326605395		1.76813133345707
2.36494150974292		1.77673140622919
2.36899975343188		1.78535279589435
2.37305799712084		1.79399550635913
2.3771162408098		1.8026595415212
2.38117448449877		1.81134490527005
2.38523272818773		1.82005160148638
2.38929097187669		1.82877963404246
2.39334921556565		1.83752900680163
2.39740745925462		1.84629972361846
2.40146570294358		1.85509178833888
2.40552394663254		1.86390520479946
2.4095821903215		1.87273997682797
2.41364043401047		1.88159610824319
2.41769867769943		1.89047360285452
2.42175692138839		1.89937246446202
2.42581516507735		1.90829269685686
2.42987340876632		1.91723430382058
2.43393165245528		1.92619728912556
2.43798989614424		1.93518165653439
2.4420481398332		1.94418740980041
2.44610638352217		1.95321455266739
2.45016462721113		1.96226308886954
2.45422287090009		1.9713330221315
2.45828111458905		1.98042435616788
2.46233935827802		1.98953709468415
2.46639760196698		1.99867124137562
2.47045584565594		2.0078267999279
2.4745140893449		2.017003774017
2.47857233303387		2.0262021673089
2.48263057672283		2.03542198345982
2.48668882041179		2.04466322611605
2.49074706410075		2.05392589891401
2.49480530778972		2.06321000548012
2.49886355147868		2.07251554943102
2.50292179516764		2.08184253437308
2.5069800388566		2.09119096390301
2.51103828254557		2.10056084160734
2.51509652623453		2.10995217106271
2.51915476992349		2.11936495583552
2.52321301361245		2.1287991994824
2.52727125730142		2.13825490554972
2.53132950099038		2.14773207757388
2.53538774467934		2.1572307190813
2.5394459883683		2.16675083358831
2.54350423205727		2.17629242460098
2.54756247574623		2.18585549561548
2.55162071943519		2.19544005011795
2.55567896312415		2.20504609158432
2.55973720681312		2.21467362348065
2.56379545050208		2.22432264926255
2.56785369419104		2.23399317237607
2.57191193788		2.24368519625679
2.57597018156897		2.25339872433038
2.58002842525793		2.2631337600125
2.58408666894689		2.27289030670876
2.58814491263585		2.28266836781469
2.59220315632482		2.29246794671571
2.59626140001378		2.30228904678734
2.60031964370274		2.31213167139522
2.6043778873917		2.3219958238946
2.60843613108067		2.33188150763121
2.61249437476963		2.34178872594046
2.61655261845859		2.351717482148
2.62061086214756		2.36166777956945
2.62466910583652		2.37163962151056
2.62872734952548		2.38163301126711
2.63278559321444		2.391647952125
2.63684383690341		2.40168444736034
2.64090208059237		2.41174250023928
2.64496032428133		2.42182211401824
2.64901856797029		2.43192329194357
2.65307681165926		2.44204603725223
2.65713505534822		2.45219035317107
2.66119329903718		2.4623562429172
2.66525154272614		2.47254370969824
2.66930978641511		2.4827527567118
2.67336803010407		2.49298338714609
2.67742627379303		2.50323560417928
2.68148451748199		2.51350941098033
2.68554276117096		2.52380481070819
2.68960100485992		2.5341218065125
2.69365924854888		2.54446040153318
2.69771749223784		2.55482059890055
2.70177573592681		2.56520240173554
2.70583397961577		2.57560581314958
2.70989222330473		2.58603083624453
2.71395046699369		2.59647747411283
2.71800871068266		2.60694572983754
2.72206695437162		2.61743560649234
2.72612519806058		2.62794710714153
2.73018344174954		2.63848023484004
2.73424168543851		2.64903499263349
2.73829992912747		2.65961138355837
2.74235817281643		2.67020941064165
2.74641641650539		2.68082907690128
2.75047466019436		2.69147038534596
2.75453290388332		2.70213333897522
2.75859114757228		2.71281794077946
2.76264939126124		2.72352419374001
2.76670763495021		2.73425210082903
2.77076587863917		2.74500166500975
2.77482412232813		2.75577288923624
2.77888236601709		2.76656577645372
2.78294060970606		2.77738032959838
2.78699885339502		2.78821655159752
2.79105709708398		2.79907444536954
2.79511534077294		2.8099540138239
2.79917358446191		2.82085525986131
2.80323182815087		2.83177818637367
2.80729007183983		2.84272279624406
2.81134831552879		2.8536890923469
2.81540655921776		2.86467707754783
2.81946480290672		2.87568675470377
2.82352304659568		2.88671812666316
2.82758129028464		2.8977711962656
2.83163953397361		2.90884596634232
2.83569777766257		2.91994243971583
2.83975602135153		2.93106061920019
2.84381426504049		2.94220050760098
2.84787250872946		2.95336210771532
2.85193075241842		2.96454542233186
2.85598899610738		2.97575045423092
2.86004723979634		2.98697720618432
2.86410548348531		2.99822568095579
2.86816372717427		3.0094958813005
2.87222197086323		3.02078780996552
2.87628021455219		3.03210146968958
2.88033845824116		3.0434368632033
2.88439670193012		3.05479399322905
2.88845494561908		3.06617286248107
2.89251318930804		3.07757347366557
2.89657143299701		3.08899582948052
2.90062967668597		3.100439932616
2.90468792037493		3.11190578575395
2.90874616406389		3.12339339156846
2.91280440775286		3.13490275272556
2.91686265144182		3.14643387188339
2.92092089513078		3.15798675169221
2.92497913881975		3.16956139479437
2.92903738250871		3.18115780382441
2.93309562619767		3.19277598140923
2.93715386988663		3.20441593016767
2.94121211357559		3.21607765271107
2.94527035726456		3.22776115164296
2.94932860095352		3.23946642955925
2.95338684464248		3.25119348904819
2.95744508833145		3.26294233269033
2.96150333202041		3.27471296305885
2.96556157570937		3.28650538271917
2.96961981939833		3.29831959422931
2.9736780630873		3.31015560013973
2.97773630677626		3.32201340299348
2.98179455046522		3.33389300532612
2.98585279415418		3.34579440966598
2.98991103784315		3.3577176185338
2.99396928153211		3.36966263444317
2.99802752522107		3.38162945990016
3.00208576891003		3.39361809740379
3.006144012599		3.40562854944567
3.01020225628796		3.4176608185103
3.01426049997692		3.4297149070749
3.01831874366588		3.44179081760965
3.02237698735485		3.45388855257744
3.02643523104381		3.46600811443415
3.03049347473277		3.47814950562862
3.03455171842173		3.49031272860258
3.0386099621107		3.50249778579079
3.04266820579966		3.514704679621
3.04672644948862		3.52693341251401
3.05078469317758		3.53918398688369
3.05484293686655		3.55145640513704
3.05890118055551		3.56375066967417
3.06295942424447		3.57606678288831
3.06701766793343		3.58840474716592
3.0710759116224		3.60076456488665
3.07513415531136		3.61314623842343
3.07919239900032		3.62554977014242
3.08325064268928		3.63797516240306
3.08730888637825		3.65042241755821
3.09136713006721		3.662891537954
3.09542537375617		3.67538252592991
3.09948361744513		3.68789538381895
3.1035418611341		3.70043011394738
3.10760010482306		3.71298671863515
3.11165834851202		3.72556520019549
3.11571659220098		3.73816556093526
3.11977483588995		3.75078780315485
3.12383307957891		3.76343192914816
3.12789132326787		3.77609794120277
3.13194956695683		3.78878584159979
3.1360078106458		3.80149563261402
3.14006605433476		3.81422731651397
3.14412429802372		3.82698089556179
3.14818254171268		3.8397563720134
3.15224078540165		3.85255374811839
3.15629902909061		3.86537302612017
3.16035727277957		3.87821420825605
3.16441551646853		3.89107729675698
3.1684737601575		3.90396229384796
3.17253200384646		3.91686920174765
3.17659024753542		3.92979802266878
3.18064849122438		3.94274875881796
3.18470673491335		3.9557214123957
3.18876497860231		3.96871598559656
3.19282322229127		3.98173248060906
3.19688146598023		3.99477089961573
3.2009397096692		4.00783124479316
3.20499795335816		4.02091351831203
3.20905619704712		4.03401772233712
3.21311444073608		4.04714385902726
3.21717268442505		4.06029193053553
3.22123092811401		4.07346193900912
3.22528917180297		4.08665388658937
3.22934741549193		4.09986777541191
3.2334056591809		4.11310360760654
3.23746390286986		4.12636138529736
3.24152214655882		4.13964111060281
3.24558039024778		4.15294278563546
3.24963863393675		4.16626641250241
3.25369687762571		4.179611993305
3.25775512131467		4.19297953013892
3.26181336500363		4.20636902509436
3.2658716086926		4.2197804802558
3.26992985238156		4.23321389770229
3.27398809607052		4.24666927950727
3.27804633975949		4.26014662773862
3.28210458344845		4.27364594445885
3.28616282713741		4.28716723172489
3.29022107082637		4.30071049158825
3.29427931451534		4.31427572609504
3.2983375582043		4.3278629372859
3.30239580189326		4.34147212719616
3.30645404558222		4.35510329785573
3.31051228927119		4.36875645128922
3.31457053296015		4.38243158951583
3.31862877664911		4.39612871454955
3.32268702033807		4.40984782839906
3.32674526402704		4.42358893306773
3.330803507716		4.43735203055377
3.33486175140496		4.45113712285009
3.33891999509392		4.46494421194446
3.34297823878289		4.47877329981943
3.34703648247185		4.49262438845239
3.35109472616081		4.50649747981562
3.35515296984977		4.52039257587626
3.35921121353874		4.53430967859636
3.3632694572277		4.54824878993281
3.36732770091666		4.56220991183755
3.37138594460562		4.57619304625743
3.37544418829459		4.59019819513428
3.37950243198355		4.60422536040494
3.38356067567251		4.61827454400113
3.38761891936147		4.63234574784986
3.39167716305044		4.64643897387292
3.3957354067394		4.66055422398738
3.39979365042836		4.6746915001053
3.40385189411732		4.68885080413385
3.40791013780629		4.70303213797532
3.41196838149525		4.7172355035272
3.41602662518421		4.73146090268209
3.42008486887317		4.74570833732776
3.42414311256214		4.75997780934722
3.4282013562511		4.77426932061871
3.43225959994006		4.78858287301562
3.43631784362902		4.80291846840669
3.44037608731799		4.81727610865584
3.44443433100695		4.83165579562233
3.44849257469591		4.84605753116076
3.45255081838487		4.86048131712096
3.45660906207384		4.87492715534816
3.4606673057628		4.88939504768294
3.46472554945176		4.90388499596119
3.46878379314072		4.91839700201433
3.47284203682969		4.93293106766906
3.47690028051865		4.94748719474748
3.48095852420761		4.9620653850673
3.48501676789657		4.97666564044154
3.48907501158554		4.9912879626787
3.4931332552745		5.00593235358281
3.49719149896346		5.02059881495342
3.50124974265242		5.03528734858558
3.50530798634139		5.04999795626988
3.50936623003035		5.06473063979245
3.51342447371931		5.07948540093504
3.51748271740827		5.09426224147489
3.52154096109724		5.10906116318491
3.5255992047862		5.12388216783366
3.52965744847516		5.13872525718528
3.53371569216412		5.15359043299954
3.53777393585309		5.16847769703193
3.54183217954205		5.18338705103359
3.54589042323101		5.19831849675133
3.54994866691997		5.21327203592774
3.55400691060894		5.22824767030107
3.5580651542979		5.24324540160534
3.56212339798686		5.25826523157031
3.56618164167582		5.27330716192153
3.57023988536479		5.28837119438029
3.57429812905375		5.30345733066374
3.57835637274271		5.31856557248482
3.58241461643168		5.33369592155228
3.58647286012064		5.34884837957075
3.5905311038096		5.36402294824062
3.59458934749856		5.37921962925834
3.59864759118753		5.39443842431604
3.60270583487649		5.40967933510187
3.60676407856545		5.42494236329989
3.61082232225441		5.44022751059003
3.61488056594338		5.45553477864819
3.61893880963234		5.47086416914627
3.6229970533213		5.48621568375205
3.62705529701026		5.50158932412941
3.63111354069923		5.51698509193808
3.63517178438819		5.53240298883397
3.63923002807715		5.54784301646887
3.64328827176611		5.56330517649066
3.64734651545508		5.57878947054331
3.65140475914404		5.59429590026681
3.655463002833		5.60982446729721
3.65952124652196		5.62537517326671
3.66357949021093		5.64094801980356
3.66763773389989		5.65654300853216
3.67169597758885		5.67216014107301
3.67575422127781		5.68779941904279
3.67981246496678		5.70346084405431
3.68387070865574		5.71914441771654
3.6879289523447		5.73485014163465
3.69198719603366		5.75057801741001
3.69604543972263		5.76632804664016
3.70010368341159		5.7821002309189
3.70416192710055		5.79789457183623
3.70822017078951		5.81371107097843
3.71227841447848		5.82954972992798
3.71633665816744		5.84541055026369
3.7203949018564		5.86129353356055
3.72445314554536		5.87719868139
3.72851138923433		5.89312599531968
3.73256963292329		5.90907547691349
3.73662787661225		5.92504712773178
3.74068612030121		5.9410409493312
3.74474436399018		5.95705694326469
3.74880260767914		5.97309511108165
3.7528608513681		5.98915545432779
3.75691909505706		6.00523797454525
3.76097733874603		6.02134267327249
3.76503558243499		6.03746955204447
3.76909382612395		6.05361861239252
3.77315206981291		6.06978985584441
3.77721031350188		6.08598328392437
3.78126855719084		6.1021988981531
3.7853268008798		6.11843670004772
3.78938504456876		6.13469669112182
3.79344328825773		6.15097887288555
3.79750153194669		6.16728324684549
3.80155977563565		6.18360981450478
3.80561801932461		6.19995857736304
3.80967626301358		6.21632953691645
3.81373450670254		6.23272269465774
3.8177927503915		6.24913805207616
3.82185099408046		6.26557561065755
3.82590923776943		6.28203537188433
3.82996748145839		6.29851733723548
3.83402572514735		6.31502150818661
3.83808396883631		6.33154788620991
3.84214221252528		6.34809647277421
3.84620045621424		6.36466726934496
3.8502586999032		6.38126027738421
3.85431694359216		6.39787549835075
3.85837518728113		6.41451293369992
3.86243343097009		6.43117258488383
3.86649167465905		6.44785445335119
3.87054991834801		6.46455854054744
3.87460816203698		6.48128484791475
3.87866640572594		6.49803337689191
3.8827246494149		6.51480412891451
3.88678289310386		6.53159710541483
3.89084113679283		6.54841230782193
3.89489938048179		6.56524973756156
3.89895762417075		6.58210939605629
3.90301586785972		6.5989912847254
3.90707411154868		6.61589540498502
3.91113235523764		6.63282175824799
3.9151905989266		6.649770345924
3.91924884261557		6.66674116941953
3.92330708630453		6.68373423013791
3.92736532999349		6.70074952947924
3.93142357368245		6.71778706884049
3.93548181737142		6.73484684961547
3.93954006106038		6.75192887319484
3.94359830474934		6.76903314096615
3.9476565484383		6.7861596543138
3.95171479212727		6.80330841461906
3.95577303581623		6.82047942326012
3.95983127950519		6.83767268161206
3.96388952319415		6.85488819104687
3.96794776688312		6.87212595293345
3.97200601057208		6.88938596863763
3.97606425426104		6.90666823952222
3.98012249795		6.9239727669469
3.98418074163897		6.94129955226839
3.98823898532793		6.95864859684031
3.99229722901689		6.97601990201326
3.99635547270585		6.99341346913485
4.00041371639482		7.01082929954967
4.00447196008378		7.02826739459929
4.00853020377274		7.04572775562231
4.0125884474617		7.06321038395435
4.01664669115067		7.08071528092804
4.02070493483963		7.09824244787302
4.02476317852859		7.11579188611604
4.02882142221755		7.13336359698085
4.03287966590652		7.15095758178825
4.03693790959548		7.16857384185617
4.04099615328444		7.18621237849952
4.0450543969734		7.20387319303038
4.04911264066237		7.22155628675788
4.05317088435133		7.23926166098826
4.05722912804029		7.25698931702488
4.06128737172925		7.27473925616819
4.06534561541822		7.2925114797158
4.06940385910718		7.31030598896244
4.07346210279614		7.32812278519994
4.0775203464851		7.34596186971734
4.08157859017407		7.36382324380083
4.08563683386303		7.38170690873374
4.08969507755199		7.39961286579658
4.09375332124095		7.41754111626703
4.09781156492992		7.43549166142
4.10186980861888		7.45346450252757
4.10592805230784		7.471459640859
4.1099862959968		7.48947707768082
4.11404453968577		7.50751681425674
4.11810278337473		7.5255788518477
4.12216102706369		7.54366319171188
4.12621927075265		7.56176983510474
4.13027751444162		7.57989878327892
4.13433575813058		7.59805003748439
4.13839400181954		7.61622359896835
4.1424522455085		7.63441946897526
4.14651048919747		7.6526376487469
4.15056873288643		7.67087813952231
4.15462697657539		7.68914094253784
4.15868522026435		7.70742605902714
4.16274346395332		7.72573349022117
4.16680170764228		7.74406323734818
4.17085995133124		7.76241530163383
4.1749181950202		7.78078968430104
4.17897643870917		7.79918638657007
4.18303468239813		7.81760540965857
4.18709292608709		7.83604675478151
4.19115116977605		7.85451042315122
4.19520941346502		7.87299641597747
4.19926765715398		7.89150473446726
4.20332590084294		7.91003537982515
4.2073841445319		7.92858835325294
4.21144238822087		7.94716365594993
4.21550063190983		7.96576128911277
4.21955887559879		7.98438125393555
4.22361711928775		8.00302355160975
4.22767536297672		8.02168818332431
4.23173360666568		8.04037515026555
4.23579185035464		8.05908445361731
4.23985009404361		8.07781609456079
4.24390833773257		8.0965700742747
4.24796658142153		8.11534639393521
4.25202482511049		8.1341450547159
4.25608306879946		8.15296605778788
4.26014131248842		8.17180940431972
4.26419955617738		8.19067509547749
4.26825779986634		8.20956313242473
4.27231604355531		8.22847351632251
4.27637428724427		8.24740624832934
4.28043253093323		8.26636132960135
4.28449077462219		8.28533876129209
4.28854901831116		8.3043385445527
4.29260726200012		8.32336068053182
4.29666550568908		8.34240517037564
4.30072374937804		8.36147201522791
4.30478199306701		8.38056121622989
4.30884023675597		8.39967277452044
4.31289848044493		8.418806691236
4.31695672413389		8.43796296751051
4.32101496782286		8.45714160447553
4.32507321151182		8.47634260326024
4.32913145520078		8.49556596499134
4.33318969888974		8.5148116907932
4.33724794257871		8.53407978178773
4.34130618626767		8.55337023909447
4.34536442995663		8.57268306383058
4.34942267364559		8.59201825711085
4.35348091733456		8.61137582004768
4.35753916102352		8.63075575375113
4.36159740471248		8.65015805932888
4.36565564840144		8.66958273788622
4.36971389209041		8.68902979052618
4.37377213577937		8.70849921834937
4.37783037946833		8.72799102245409
4.38188862315729		8.74750520393634
4.38594686684626		8.76704176388975
4.39000511053522		8.78660070340567
4.39406335422418		8.80618202357308
4.39812159791314		8.82578572547876
4.40217984160211		8.84541181020706
4.40623808529107		8.86506027884014
4.41029632898003		8.88473113245781
4.41435457266899		8.90442437213763
4.41841281635796		8.92413999895488
4.42247106004692		8.94387801398255
4.42652930373588		8.96363841829138
4.43058754742484		8.98342121294985
4.43464579111381		9.0032263990242
4.43870403480277		9.0230539775784
4.44276227849173		9.04290394967418
4.44682052218069		9.06277631637103
4.45087876586966		9.08267107872623
4.45493700955862		9.10258823779483
4.45899525324758		9.12252779462963
4.46305349693654		9.14248975028126
4.46711174062551		9.16247410579813
4.47116998431447		9.18248086222643
4.47522822800343		9.20251002061015
4.47928647169239		9.22256158199112
4.48334471538136		9.24263554740894
4.48740295907032		9.26273191790109
4.49146120275928		9.28285069450281
4.49551944644824		9.30299187824721
4.49957769013721		9.32315547016522
4.50363593382617		9.34334147128563
4.50769417751513		9.36354988263505
4.51175242120409		9.38378070523798
4.51581066489306		9.40403394011672
4.51986890858202		9.42430958829148
4.52392715227098		9.44460765078033
4.52798539595994		9.46492812859919
4.53204363964891		9.4852710227619
4.53610188333787		9.50563633428015
4.54016012702683		9.52602406416351
4.54421837071579		9.54643421341949
4.54827661440476		9.56686678305346
4.55233485809372		9.5873217740687
4.55639310178268		9.60779918746644
4.56045134547165		9.62829902424576
4.56450958916061		9.6488212854037
4.56856783284957		9.66936597193524
4.57262607653853		9.68993308483324
4.5766843202275		9.71052262508855
4.58074256391646		9.73113459368992
4.58480080760542		9.75176899162408
4.58885905129438		9.77242581987567
4.59291729498335		9.79310507942734
4.59697553867231		9.81380677125965
4.60103378236127		9.83453089635114
4.60509202605023		9.85527745567835
4.6091502697392		9.87604645021577
4.61320851342816		9.89683788093585
4.61726675711712		9.91765174880908
4.62132500080608		9.9384880548039
4.62538324449505		9.95934679988676
4.62944148818401		9.98022798502211
4.63349973187297		10.0011316111724
4.63755797556193		10.0220576792981
4.6416162192509		10.0430061903577
4.64567446293986		10.0639771453076
4.64973270662882		10.0849705451025
4.65379095031778		10.1059863906948
4.65784919400675		10.1270246830352
4.66190743769571		10.1480854230722
4.66596568138467		10.1691686117526
4.67002392507363		10.1902742500211
4.6740821687626		10.2114023388205
4.67814041245156		10.2325528790915
4.68219865614052		10.253725871773
4.68625689982948		10.2749213178022
4.69031514351845		10.2961392181139
4.69437338720741		10.3173795736412
4.69843163089637		10.3386423853155
4.70248987458533		10.3599276540659
4.7065481182743		10.3812353808199
4.71060636196326		10.4025655665029
4.71466460565222		10.4239182120384
4.71872284934118		10.4452933183482
4.72278109303015		10.4666908863519
4.72683933671911		10.4881109169677
4.73089758040807		10.5095534111113
4.73495582409703		10.531018369697
4.739014067786		10.552505793637
4.74307231147496		10.5740156838417
4.74713055516392		10.5955480412197
4.75118879885288		10.6171028666776
4.75524704254185		10.6386801611203
4.75930528623081		10.6602799254507
4.76336352991977		10.6819021605698
4.76742177360873		10.7035468673771
4.7714800172977		10.72521404677
4.77553826098666		10.746903699644
4.77959650467562		10.7686158268929
4.78365474836458		10.7903504294087
4.78771299205355		10.8121075080815
4.79177123574251		10.8338870637997
4.79582947943147		10.8556890974498
4.79988772312043		10.8775136099164
4.8039459668094		10.8993606020825
4.80800421049836		10.9212300748291
4.81206245418732		10.9431220290356
4.81612069787628		10.9650364655795
4.82017894156525		10.9869733853366
4.82423718525421		11.0089327891807
4.82829542894317		11.030914677984
4.83235367263213		11.0529190526171
4.8364119163211		11.0749459139484
4.84047016001006		11.0969952628449
4.84452840369902		11.1190671001716
4.84858664738799		11.141161426792
4.85264489107695		11.1632782435676
4.85670313476591		11.1854175513582
4.86076137845487		11.2075793510221
4.86481962214383		11.2297636434155
4.8688778658328		11.2519704293931
4.87293610952176		11.2741997098078
4.87699435321072		11.2964514855108
4.88105259689968		11.3187257573515
4.88511084058865		11.3410225261777
4.88916908427761		11.3633417928353
4.89322732796657		11.3856835581687
4.89728557165554		11.4080478230205
4.9013438153445		11.4304345882316
4.90540205903346		11.4528438546411
4.90946030272242		11.4752756230867
4.91351854641139		11.497729894404
4.91757679010035		11.5202066694272
4.92163503378931		11.5427059489888
4.92569327747827		11.5652277339195
4.92975152116724		11.5877720250485
4.9338097648562		11.610338823203
4.93786800854516		11.6329281292089
4.94192625223412		11.6555399438902
4.94598449592309		11.6781742680694
4.95004273961205		11.7008311025673
4.95410098330101		11.7235104482029
4.95815922698997		11.7462123057937
4.96221747067894		11.7689366761556
4.9662757143679		11.7916835601026
4.97033395805686		11.8144529584475
4.97439220174582		11.837244872001
4.97845044543479		11.8600593015725
4.98250868912375		11.8828962479696
4.98656693281271		11.9057557119983
4.99062517650167		11.9286376944632
4.99468342019064		11.9515421961669
4.9987416638796		11.9744692179106
5.00279990756856		11.9974187604941
5.00685815125752		12.0203908247151
5.01091639494649		12.0433854113702
5.01497463863545		12.0664025212541
5.01903288232441		12.08944215516
5.02309112601337		12.1125043138795
5.02714936970234		12.1355889982026
5.0312076133913		12.1586962089178
5.03526585708026		12.181825946812
5.03932410076922		12.2049782126704
5.04338234445819		12.2281530072768
5.04744058814715		12.2513503314133
5.05149883183611		12.2745701858604
5.05555707552507		12.2978125713974
5.05961531921404		12.3210774888015
5.063673562903		12.3443649388488
5.06773180659196		12.3676749223137
5.07179005028092		12.3910074399689
5.07584829396989		12.4143624925857
