0.247529412864693		1.79973541855072e-05
0.250458001597145		1.92759114381385e-05
0.253386590329598		2.06232512125247e-05
0.256315179062051		2.20420108820622e-05
0.259243767794503		2.35349028525065e-05
0.262172356526956		2.51047171845843e-05
0.265100945259409		2.67543243333807e-05
0.268029533991861		2.84866780076437e-05
0.270958122724314		3.03048181523496e-05
0.273886711456767		3.22118740580644e-05
0.276815300189219		3.4211067600827e-05
0.279743888921672		3.63057166164847e-05
0.282672477654125		3.84992384136319e-05
0.285601066386577		4.07951534295086e-05
0.28852965511903		4.31970890334267e-05
0.291458243851482		4.5708783482541e-05
0.294386832583935		4.83340900350063e-05
0.297315421316388		5.10769812257687e-05
0.30024401004884		5.3941553310546e-05
0.303172598781293		5.69320308837492e-05
0.306101187513746		6.00527716763807e-05
0.309029776246198		6.33082715401704e-05
0.311958364978651		6.67031696245624e-05
0.314886953711104		7.02422537533862e-05
0.317815542443556		7.39304660082249e-05
0.320744131176009		7.7772908526131e-05
0.323672719908461		8.17748495191194e-05
0.326601308640914		8.59417295237069e-05
0.329529897373367		9.02791678887151e-05
0.332458486105819		9.47929695100386e-05
0.335387074838272		9.94891318213304e-05
0.338315663570725		0.000104373852050059
0.341244252303177		0.000109453534748532
0.34417284103563		0.000114734799609987
0.347101429768083		0.000120224489580236
0.350030018500535		0.000125929679275499
0.352958607232988		0.000131857683717959
0.355887195965441		0.000138016067400285
0.358815784697893		0.000144412653691416
0.361744373430346		0.000151055534596042
0.364672962162798		0.000157953080880431
0.367601550895251		0.000165113952578451
0.370530139627704		0.000172547109891026
0.373458728360156		0.000180261824493741
0.376387317092609		0.000188267691267125
0.379315905825062		0.000196574640465232
0.382244494557514		0.000205192950337799
0.385173083289967		0.000214133260223077
0.38810167202242		0.000223406584127076
0.391030260754872		0.000233024324808124
0.393958849487325		0.000242998288383651
0.396887438219778		0.000253340699478067
0.39981602695223		0.000264064216930958
0.402744615684683		0.000275181950086483
0.405673204417135		0.000286707475681987
0.408601793149588		0.00029865485535953
0.411530381882041		0.000311038653821224
0.414458970614493		0.000323873957649449
0.417387559346946		0.000337176394818711
0.420316148079399		0.000350962154918353
0.423244736811851		0.000365248010114569
0.426173325544304		0.000380051336876532
0.429101914276757		0.00039539013848919
0.432030503009209		0.000411283068387367
0.434959091741662		0.000427749454329119
0.437887680474114		0.000444809323445563
0.440816269206567		0.000462483428194178
0.44374485793902		0.000480793273240167
0.446673446671472		0.000499761143306492
0.449602035403925		0.00051941013201976
0.452530624136378		0.000539764171783803
0.45545921286883		0.000560848064719543
0.458387801601283		0.000582687514698105
0.461316390333736		0.000605309160518342
0.464244979066188		0.000628740610242791
0.467173567798641		0.000653010476759572
0.470102156531094		0.000678148414578561
0.473030745263546		0.000704185157922868
0.475959333995999		0.000731152560157811
0.478887922728451		0.000759083634579135
0.481816511460904		0.000788012596628851
0.484745100193357		0.000817974907572554
0.487673688925809		0.000849007319674256
0.490602277658262		0.000881147922944404
0.493530866390715		0.000914436193468539
0.496459455123167		0.000948913043418047
0.49938804385562		0.000984620872729034
0.502316632588073		0.00102160362258174
0.505245221320525		0.00105990683065014
0.508173810052978		0.00109957768825145
0.511102398785431		0.001140665099389
0.514030987517883		0.00118321974181303
0.516959576250336		0.00122729413006709
0.519888164982788		0.0012729426807181
0.522816753715241		0.00132022177966305
0.525745342447694		0.0013691898517391
0.528673931180146		0.00141990743256587
0.531602519912599		0.00147243724282721
0.534531108645052		0.0015268442648814
0.537459697377504		0.00158319582201739
0.540388286109957		0.00164156166013974
0.54331687484241		0.00170201403218397
0.546245463574862		0.00176462778530806
0.549174052307315		0.00182948045078557
0.552102641039767		0.00189665233681429
0.55503122977222		0.00196622662440986
0.557959818504673		0.00203828946621764
0.560888407237125		0.00211293008837331
0.563816995969578		0.00219024089614113
0.566745584702031		0.00227031758200646
0.569674173434483		0.00235325923791214
0.572602762166936		0.00243916847079743
0.575531350899389		0.0025281515215386
0.578459939631841		0.00262031838784848
0.581388528364294		0.00271578295103836
0.584317117096746		0.00281466310626431
0.587245705829199		0.00291708089753378
0.590174294561652		0.00302316265618533
0.593102883294104		0.00313303914380436
0.596031472026557		0.00324684570008569
0.59896006075901		0.00336472239394448
0.601888649491462		0.00348681418076371
0.604817238223915		0.00361327106320698
0.607745826956368		0.00374424825746882
0.61067441568882		0.00387990636402839
0.613603004421273		0.0040204115448669
0.616531593153726		0.00416593570388884
0.619460181886178		0.00431665667465831
0.622388770618631		0.00447275841225954
0.625317359351084		0.0046344311931657
0.628245948083536		0.0048018718166379
0.631174536815989		0.00497528381733701
0.634103125548442		0.0051548776811081
0.637031714280894		0.00534087106650094
0.639960303013347		0.00553348903548385
0.642888891745799		0.00573296428848082
0.645817480478252		0.00593953740729852
0.648746069210705		0.00615345710702581
0.651674657943157		0.00637498048750873
0.65460324667561		0.00660437330561192
0.657531835408062		0.00684191024109557
0.660460424140515		0.00708787517950242
0.663389012872968		0.0073425614990053
0.666317601605421		0.00760627236871973
0.669246190337873		0.0078793210535298
0.672174779070326		0.00816203122013143
0.675103367802778		0.00845473726787127
0.678031956535231		0.00875778466555052
0.680960545267684		0.00907153027165711
0.683889134000136		0.00939634270922396
0.686817722732589		0.00973260271087798
0.689746311465042		0.0100807034915264
0.692674900197494		0.0104410511440309
0.695603488929947		0.010814064997664
0.6985320776624		0.0112001780722082
0.701460666394852		0.0115998374470795
0.704389255127305		0.0120135046952959
0.707317843859757		0.0124416563882839
0.71024643259221		0.0128847844210431
0.713175021324663		0.0133433966054147
0.716103610057116		0.0138180170567669
0.719032198789568		0.0143091867803869
0.721960787522021		0.0148174640090803
0.724889376254473		0.0153434249786502
0.727817964986926		0.0158876642422042
0.730746553719379		0.0164507952751156
0.733675142451831		0.0170334511135689
0.736603731184284		0.0176362850317797
0.739532319916737		0.0182599707123889
0.742460908649189		0.0189052035300263
0.745389497381642		0.0195727005490552
0.748318086114095		0.0202632016441135
0.751246674846547		0.0209774697360124
0.754175263579		0.0217162922665979
0.757103852311452		0.0224804808717128
0.760032441043905		0.0232708728460474
0.762961029776358		0.02408833188509
0.76588961850881		0.0249337476969754
0.768818207241263		0.0258080392254922
0.771746795973716		0.0267121527415778
0.774675384706168		0.0276470642054177
0.777603973438621		0.0286137803811844
0.780532562171074		0.0296133381397769
0.783461150903526		0.0306468059342754
0.786389739635979		0.0317152864316543
0.789318328368432		0.0328199132311426
0.792246917100884		0.0339618584120587
0.795175505833337		0.0351423243800412
0.798104094565789		0.0363625564360015
0.801032683298242		0.0376238282492601
0.803961272030695		0.0389274648200407
0.806889860763147		0.0402748176721722
0.8098184494956		0.0416672895627164
0.812747038228053		0.0431063329081099
0.815675626960505		0.0445934246460691
0.818604215692958		0.0461301004619317
0.821532804425411		0.0477179638724384
0.824461393157863		0.0493586617603706
0.827389981890316		0.0510538618104098
0.830318570622768		0.0528053565228908
0.833247159355221		0.0546149358629067
0.836175748087674		0.0564844237792231
0.83796737044354		0.0576584799042114
0.839758992799405		0.0588560791681237
0.841550615155271		0.0600776392400903
0.843342237511137		0.0613235504160785
0.845133859867003		0.0625942913504403
0.846925482222869		0.0638901507891636
0.848717104578735		0.0652115455279085
0.8505087269346		0.066558740646571
0.852300349290466		0.0679319963206112
0.854091971646332		0.0693315684236976
0.855883594002198		0.0707576150130699
0.857675216358064		0.0722102631667624
0.85946683871393		0.0736895788916523
0.861258461069796		0.0751953728326483
0.863050083425661		0.0767278332822272
0.864841705781527		0.0782865356078427
0.866633328137393		0.0798714080185604
0.868424950493259		0.0814820924692582
0.870216572849125		0.083118334492267
0.872008195204991		0.0847796196396957
0.873799817560856		0.0864656451385745
0.875591439916722		0.0881758836217322
0.877383062272588		0.0899096847150045
0.879174684628454		0.0916666589711798
0.88096630698432		0.0934461129163493
0.882757929340186		0.0952474323029287
0.884549551696052		0.0970700513466944
0.886341174051917		0.0989133139437393
0.888132796407783		0.100776336946363
0.889924418763649		0.102658658390673
0.891716041119515		0.104559719563599
0.893507663475381		0.106478552645582
0.895299285831247		0.108414533798626
0.897090908187112		0.110366970286479
0.898882530542978		0.112335255328323
0.900674152898844		0.114318912869942
0.90246577525471		0.116317313085361
0.904257397610576		0.118329523038058
0.906049019966442		0.120355173502198
0.907840642322308		0.122394312424731
0.909632264678173		0.124445825619036
0.911423887034039		0.126509488250411
0.913215509389905		0.128585315242513
0.915007131745771		0.130672859293704
0.916798754101637		0.132771808272651
0.918590376457503		0.13488225664834
0.920381998813368		0.13700394452426
0.922173621169234		0.139137125144413
0.9239652435251		0.141281427250693
0.925756865880966		0.14343700464195
0.927548488236832		0.145604821041799
0.929340110592698		0.147784472893417
0.931131732948564		0.149975886423152
0.932923355304429		0.152180350384961
0.934714977660295		0.154397133982376
0.936506600016161		0.156627468563055
0.938298222372027		0.158871515866912
0.940089844727893		0.161129877447204
0.941881467083759		0.163402728413315
0.943673089439624		0.165691087314412
0.94546471179549		0.167995186180037
0.947256334151356		0.170315729343615
0.949047956507222		0.172653562042256
0.950839578863088		0.175008519806765
0.952631201218954		0.177381907088249
0.954422823574819		0.179773969178638
0.956214445930685		0.182185632645852
0.958006068286551		0.184616995259632
0.959797690642417		0.187069218072387
0.961589312998283		0.189542180416341
0.963380935354149		0.192036915903675
0.965172557710015		0.194553715589218
0.96696418006588		0.197093061116978
0.968755802421746		0.199655063926669
0.970547424777612		0.202240808072127
0.972339047133478		0.20484958826515
0.974130669489344		0.207482233837139
0.97592229184521		0.210139105669362
0.977713914201075		0.212820106066441
0.979505536556941		0.215525021998392
0.981297158912807		0.218254443177297
0.983088781268673		0.221007936526588
0.984880403624539		0.223785961726356
0.986672025980405		0.22658813233786
0.988463648336271		0.229414441073102
0.990255270692136		0.232264699242604
0.992046893048002		0.235139250623836
0.993838515403868		0.238037509771016
0.995630137759734		0.240959843069312
0.9974217601156		0.24390569951499
0.999213382471466		0.246875377291865
1.00100500482733		0.249868768143606
1.0027966271832		0.252885790799143
1.00458824953906		0.255926483791913
1.00637987189493		0.258990771694548
1.00817149425079		0.262078772115769
1.00996311660666		0.265190502035896
1.01175473896253		0.268325952244568
1.01354636131839		0.271485270260802
1.01760460500735		0.278729913209313
1.02166284869632		0.286098174292543
1.02572109238528		0.293591383415119
1.02977933607424		0.301210780738775
1.0338375797632		0.308957877423824
1.03789582345217		0.316834118134841
1.04195406714113		0.324841043113614
1.04601231083009		0.332980141838654
1.05007055451906		0.341252993306582
1.05412879820802		0.34966112996782
1.05818704189698		0.358206058597349
1.06224528558594		0.366889319202253
1.06630352927491		0.3757124552569
1.07036177296387		0.384677002508491
1.07442001665283		0.393784535181697
1.07847826034179		0.403036612928709
1.08253650403076		0.412434803035118
1.08659474771972		0.421980699812147
1.09065299140868		0.431675915425371
1.09471123509764		0.441522049882582
1.09876947878661		0.451520737637527
1.10282772247557		0.461673608999539
1.10688596616453		0.471982324432451
1.11094420985349		0.482448545923546
1.11500245354246		0.493073935871454
1.11906069723142		0.503860188742207
1.12311894092038		0.514808985665208
1.12717718460934		0.52592202433452
1.13123542829831		0.537201017471594
1.13529367198727		0.548647674696928
1.13935191567623		0.560263711642898
1.14341015936519		0.572050857471758
1.14746840305416		0.584010835234517
1.15152664674312		0.596145380309885
1.15558489043208		0.608456231571446
1.15964313412104		0.620945125125522
1.16370137781001		0.633613807729709
1.16775962149897		0.646464025217873
1.17181786518793		0.659497525820698
1.17587610887689		0.672716061769629
1.17993435256586		0.686121386375118
1.18399259625482		0.699715257047109
1.18805083994378		0.71349943127422
1.19210908363274		0.727475668387358
1.19616732732171		0.741645734208556
1.20022557101067		0.756011389361984
1.20428381469963		0.770574402197314
1.20834205838859		0.785336542931097
1.21240030207756		0.800299581270821
1.21645854576652		0.815465288836791
1.22051678945548		0.830835443574789
1.22457503314444		0.846411820262299
1.22863327683341		0.862196200228996
1.23269152052237		0.878190365270489
1.23674976421133		0.894396098981592
1.24080800790029		0.910815189507458
1.24486625158926		0.927449425684236
1.24892449527822		0.944300598485444
1.25298273896718		0.961370503978809
1.25704098265614		0.978660938528046
1.26109922634511		0.996173702400986
1.26515747003407		1.01391059805385
1.26921571372303		1.0318734312177
1.27327395741199		1.05006401022633
1.27733220110096		1.06848414649889
1.28139044478992		1.08713565436517
1.28544868847888		1.10602035112744
1.28950693216784		1.12514005716181
1.29356517585681		1.14449659594971
1.29762341954577		1.16409179466355
1.30168166323473		1.18392748306073
1.30573990692369		1.20400549391263
1.30979815061266		1.22432766423721
1.31385639430162		1.24489583400661
1.31791463799058		1.26571184625664
1.32197288167954		1.28677754802116
1.32603112536851		1.30809478951639
1.33008936905747		1.32966542516302
1.33414761274643		1.35149131184705
1.33820585643539		1.37357431130288
1.34226410012436		1.39591628856427
1.34632234381332		1.41851911241169
1.35038058750228		1.44138465570067
1.35443883119124		1.46451479513594
1.35849707488021		1.48791141120531
1.36255531856917		1.51157638883174
1.36661356225813		1.53551161668848
1.3706718059471		1.55971898795504
1.37473004963606		1.58420039985511
1.37878829332502		1.60895775391845
1.38284653701398		1.63399295616827
1.38690478070295		1.65930791695062
1.39096302439191		1.68490455106147
1.39502126808087		1.71078477804621
1.39907951176983		1.73695052186951
1.4031377554588		1.76340371119152
1.40719599914776		1.79014627963282
1.41125424283672		1.81718016533603
1.41531248652568		1.84450731156141
1.41937073021465		1.87212966623351
1.42342897390361		1.90004918251372
1.42748721759257		1.92826781853802
1.43154546128153		1.95678753742192
1.4356037049705		1.9856103076186
1.43966194865946		2.01473810266974
1.44372019234842		2.04417290153753
1.44777843603738		2.0739166883321
1.45183667972635		2.10397145270667
1.45589492341531		2.13433918970491
1.45995316710427		2.16502189979687
1.46401141079323		2.19602158909506
1.4680696544822		2.22734026929424
1.47212789817116		2.2589799576083
1.47618614186012		2.29094267708674
1.48024438554908		2.32323045639922
1.48430262923805		2.35584533008965
1.48836087292701		2.38878933847181
1.49241911661597		2.42206452773394
1.49647736030493		2.45567294995
1.5005356039939		2.4896166631557
1.50459384768286		2.52389773136041
1.50865209137182		2.55851822465285
1.51271033506078		2.59348021905689
1.51676857874975		2.62878579684793
1.52082682243871		2.66443704626447
1.52488506612767		2.70043606184196
1.52894330981663		2.73678494420897
1.5330015535056		2.77348580029527
1.53705979719456		2.81054074322401
1.54111804088352		2.84795189240811
1.54517628457248		2.88572137361975
1.54923452826145		2.92385131886231
1.55329277195041		2.96234386662183
1.55735101563937		3.00120116167309
1.56140925932833		3.04042535522012
1.5654675030173		3.08001860492787
1.56952574670626		3.11998307486005
1.57358399039522		3.16032093560402
1.57764223408418		3.20103436418609
1.58170047777315		3.24212554418938
1.58575872146211		3.28359666565265
1.58981696515107		3.32544992523359
1.59387520884003		3.36768752612577
1.597933452529		3.4103116780633
1.60199169621796		3.45332459739187
1.60604993990692		3.49672850709787
1.61010818359588		3.5405256366887
1.61416642728485		3.58471822239189
1.61822467097381		3.62930850703089
1.62228291466277		3.6742987400845
1.62634115835173		3.71969117770102
1.6303994020407		3.76548808269476
1.63445764572966		3.81169172455004
1.63851588941862		3.85830437944702
1.64257413310758		3.90532833027937
1.64663237679655		3.95276586662014
1.65069062048551		4.00061928477059
1.65474886417447		4.04889088773748
1.65880710786343		4.09758298526035
1.6628653515524		4.14669789381041
1.66692359524136		4.19623793657496
1.67098183893032		4.24620544352121
1.67504008261929		4.2966027513185
1.67909832630825		4.34743220340938
1.68315656999721		4.39869614997474
1.68721481368617		4.45039694795318
1.69127305737513		4.5025369610586
1.6953313010641		4.5551185597452
1.69938954475306		4.6081441212413
1.70344778844202		4.66161602952766
1.70750603213099		4.71553667537452
1.71156427581995		4.76990845629862
1.71562251950891		4.82473377658878
1.71968076319787		4.88001504731983
1.72373900688684		4.93575468632628
1.7277972505758		4.99195511820543
1.73185549426476		5.04861877434706
1.73591373795372		5.10574809289788
1.73997198164269		5.16334551877481
1.74403022533165		5.22141350367743
1.74808846902061		5.27995450606261
1.75214671270957		5.33897099116251
1.75620495639854		5.39846543099098
1.7602632000875		5.45844030430025
1.76432144377646		5.51889809664006
1.76837968746542		5.57984130030186
1.77243793115439		5.64127241435466
1.77649617484335		5.70319394462979
1.78055441853231		5.76560840370493
1.78461266222127		5.82851831093694
1.78867090591024		5.89192619242147
1.7927291495992		5.95583458101313
1.79678739328816		6.02024601633291
1.80084563697712		6.08516304472462
1.80490388066609		6.15058821931154
1.80896212435505		6.21652409993661
1.81302036804401		6.28297325320047
1.81707861173297		6.3499382524436
1.82113685542194		6.41742167774217
1.8251950991109		6.48542611590324
1.82925334279986		6.55395416046887
1.83331158648882		6.62300841172184
1.83736983017779		6.69259147665941
1.84142807386675		6.76270596900624
1.84548631755571		6.83335450920988
1.84954456124467		6.90453972444459
1.85360280493364		6.97626424858502
1.8576610486226		7.04853072223535
1.86171929231156		7.12134179269295
1.86577753600052		7.19470011397733
1.86983577968949		7.26860834680634
1.87389402337845		7.34306915859969
1.87795226706741		7.41808522346969
1.88201051075637		7.49365922223197
1.88606875444534		7.5697938423874
1.8901269981343		7.64649177813424
1.89418524182326		7.72375573034929
1.89824348551222		7.80158840660048
1.90230172920119		7.87999252112024
1.90635997289015		7.95897079483781
1.91041821657911		8.03852595534076
1.91447646026807		8.1186607368979
1.91853470395704		8.19937788043695
1.922592947646		8.28068013355998
1.92665119133496		8.36257025052159
1.93070943502392		8.44505099224372
1.93476767871289		8.52812512629811
1.93882592240185		8.61179542690875
1.94288416609081		8.69606467495892
1.94694240977977		8.78093565796507
1.95100065346874		8.86641117009927
1.9550588971577		8.95249401217183
1.95911714084666		9.03918699162755
1.96317538453562		9.12649292255262
1.96723362822459		9.21441462565903
1.97129187191355		9.30295492829346
1.97535011560251		9.39211666443204
1.97940835929148		9.48190267466486
1.98346660298044		9.57231580621601
1.9875248466694		9.66335891292115
1.99158309035836		9.75503485523509
1.99564133404733		9.84734650021992
1.99969957773629		9.94029672155615
2.00375782142525		10.0338883995305
2.00781606511421		10.1281244210302
2.01187430880317		10.2230076795547
2.01593255249214		10.3185410751911
2.0199907961811		10.4147275146371
2.02404903987006		10.5115699111782
2.02810728355903		10.6090711846953
2.03216552724799		10.7072342616577
2.03622377093695		10.8060620751236
2.04028201462591		10.9055575647404
2.04434025831488		11.0057236767329
2.04839850200384		11.1065633639108
2.0524567456928		11.208079585659
2.05651498938176		11.3102753079424
2.06057323307073		11.4131535032961
2.06463147675969		11.5167171508314
2.06868972044865		11.620969236224
2.07274796413761		11.7259127517208
2.07680620782658		11.8315506961339
2.08086445151554		11.9378860748359
2.0849226952045		12.0449218997628
2.08898093889346		12.1526611894086
2.09303918258243		12.261106968823
2.09709742627139		12.3702622696123
2.10115566996035		12.4801301299353
2.10521391364931		12.5907135945024
2.10927215733828		12.7020157145711
2.11333040102724		12.8140395479467
2.1173886447162		12.9267881589797
2.12144688840516		13.0402646185667
2.12550513209413		13.1544720041407
2.12956337578309		13.2694133996762
2.13362161947205		13.3850918956904
2.13767986316101		13.5015105892302
2.14173810684998		13.6186725838782
2.14579635053894		13.7365809897522
2.1498545942279		13.8552389235002
2.15391283791686		13.9746495082983
2.15797108160583		14.094815873851
2.16202932529479		14.21574115639
2.16608756898375		14.3374284986689
2.17014581267271		14.4598810499675
2.17420405636168		14.5831019660848
2.17826230005064		14.7070944093419
2.1823205437396		14.8318615485742
2.18637878742856		14.9574065591409
2.19043703111753		15.0837326229083
2.19449527480649		15.2108429282639
2.19855351849545		15.338740670105
2.20261176218441		15.4674290498394
2.20667000587338		15.5969112753869
2.21072824956234		15.7271905611742
2.2147864932513		15.8582701281366
2.21884473694026		15.9901532037157
2.22290298062923		16.1228430218558
2.22696122431819		16.2563428230068
2.23101946800715		16.3906558541199
2.23507771169611		16.5257853686478
2.23913595538508		16.6617346265437
2.24319419907404		16.7985068942572
2.247252442763		16.9361054447372
2.25131068645196		17.0745335574301
2.25536893014093		17.213794518275
2.25942717382989		17.3538916197072
2.26348541751885		17.4948281606537
2.26754366120781		17.6366074465351
2.27160190489678		17.7792327892617
2.27566014858574		17.922707507235
2.2797183922747		18.0670349253451
2.28377663596366		18.2122183749691
2.28783487965263		18.3582611939717
2.29189312334159		18.5051667267044
2.29595136703055		18.6529383240038
2.30000961071951		18.8015793431892
2.30406785440848		18.9510931480656
2.30812609809744		19.1014831089181
2.3121843417864		19.2527526025138
2.31624258547536		19.4049050121035
2.32030082916433		19.5579437274132
2.32435907285329		19.7118721446504
2.32841731654225		19.8666936665006
2.33247556023122		20.0224117021277
2.33653380392018		20.1790296671686
2.34059204760914		20.3365509837413
2.3446502912981		20.4949790804353
2.34870853498707		20.6543173923133
2.35276677867603		20.8145693609168
2.35682502236499		20.9757384342549
2.36088326605395		21.1378280668113
2.36494150974292		21.3008417195413
2.36899975343188		21.4647828598689
2.37305799712084		21.6296549616922
2.3771162408098		21.795461505375
2.38117448449877		21.9622059777523
2.38523272818773		22.1298918721257
2.38929097187669		22.2985226882659
2.39334921556565		22.4681019324092
2.39740745925462		22.6386331172588
2.40146570294358		22.8101197619852
2.40552394663254		22.9825653922216
2.4095821903215		23.1559735400673
2.41364043401047		23.3303477440867
2.41769867769943		23.5056915493062
2.42175692138839		23.6820085072144
2.42581516507735		23.8593021757655
2.42987340876632		24.0375761193733
2.43393165245528		24.2168339089149
2.43798989614424		24.3970791217263
2.4420481398332		24.5783153416054
2.44610638352217		24.7605461588104
2.45016462721113		24.9437751700589
2.45422287090009		25.1280059785285
2.45828111458905		25.3132421938525
2.46233935827802		25.4994874321269
2.46639760196698		25.6867453159025
2.47045584565594		25.8750194741879
2.4745140893449		26.0643135424504
2.47857233303387		26.2546311626126
2.48263057672283		26.4459759830539
2.48668882041179		26.6383516586093
2.49074706410075		26.8317618505698
2.49480530778972		27.0262102266808
2.49886355147868		27.2217004611438
2.50292179516764		27.4182362346126
2.5069800388566		27.6158212341975
2.51103828254557		27.8144591534612
2.51509652623453		28.0141536924206
2.51915476992349		28.2149085575445
2.52321301361245		28.4167274617562
2.52727125730142		28.6196141244298
2.53132950099038		28.8235722713925
2.53538774467934		29.028605634924
2.5394459883683		29.2347179537549
2.54350423205727		29.4419129730665
2.54756247574623		29.6501944444917
2.55162071943519		29.8595661261151
2.55567896312415		30.0700317824702
2.55973720681312		30.281595184543
2.56379545050208		30.4942601097657
2.56785369419104		30.7080303420251
2.57191193788		30.9229096716537
2.57597018156897		31.1389018954347
2.58002842525793		31.3560108166007
2.58408666894689		31.5742402448331
2.58814491263585		31.7935939962613
2.59220315632482		32.0140758934628
2.59626140001378		32.235689765464
2.60031964370274		32.4584394477404
2.6043778873917		32.682328782212
2.60843613108067		32.9073616172502
2.61249437476963		33.1335418076712
2.61655261845859		33.3608732147394
2.62061086214756		33.5893597061661
2.62466910583652		33.8190051561096
2.62872734952548		34.0498134451745
2.63278559321444		34.2817884604119
2.63684383690341		34.5149340953203
2.64090208059237		34.749254249843
2.64496032428133		34.9847528303707
2.64901856797029		35.2214337497377
2.65307681165926		35.4593009272276
2.65713505534822		35.6983582885665
2.66119329903718		35.9386097659266
2.66525154272614		36.1800592979271
2.66930978641511		36.42271082963
2.67336803010407		36.666568312545
2.67742627379303		36.9116357046236
2.68148451748199		37.1579169702653
2.68554276117096		37.4054160803118
2.68960100485992		37.6541370120512
2.69365924854888		37.9040837492151
2.69771749223784		38.1552602819791
2.70177573592681		38.4076706069639
2.70583397961577		38.6613187272347
2.70989222330473		38.9162086522995
2.71395046699369		39.1723443981109
2.71800871068266		39.4297299870655
2.72206695437162		39.6883694480036
2.72612519806058		39.9482668162093
2.73018344174954		40.2094261334099
2.73424168543851		40.4718514477764
2.73829992912747		40.7355468139241
2.74235817281643		41.0005162929098
2.74641641650539		41.2667639522352
2.75047466019436		41.5342938658445
2.75453290388332		41.8031101141254
2.75859114757228		42.0732167839084
2.76264939126124		42.3446179684677
2.76670763495021		42.6173177675192
2.77076587863917		42.8913202872229
2.77482412232813		43.1666296401806
2.77888236601709		43.4432499454378
2.78294060970606		43.7211853284821
2.78699885339502		44.0004399212443
2.79105709708398		44.2810178620976
2.79511534077294		44.562923295857
2.79917358446191		44.8461603737811
2.80323182815087		45.1307332535708
2.80729007183983		45.4166460993689
2.81134831552879		45.7039030817612
2.81540655921776		45.9925083777757
2.81946480290672		46.2824661708818
2.82352304659568		46.5737806509933
2.82758129028464		46.8664560144637
2.83163953397361		47.1604964640909
2.83569777766257		47.4559062091135
2.83975602135153		47.7526894652128
2.84381426504049		48.0508504545124
2.84787250872946		48.350393405578
2.85193075241842		48.651322553417
2.85598899610738		48.9536421394794
2.86004723979634		49.2573564116561
2.86410548348531		49.5624696242819
2.86816372717427		49.8689860381318
2.87222197086323		50.1769099204239
2.87628021455219		50.4862455448173
2.88033845824116		50.7969971914141
2.88439670193012		51.1091691467576
2.88845494561908		51.4227657038332
2.89251318930804		51.7377911620685
2.89657143299701		52.0542498273323
2.90062967668597		52.372146011936
2.90468792037493		52.6914840346323
2.90874616406389		53.0122682206164
2.91280440775286		53.334502901525
2.91686265144182		53.6581924154365
2.92092089513078		53.9833411068716
2.92497913881975		54.309953326792
2.92903738250871		54.6380334326017
2.93309562619767		54.9675857881478
2.93715386988663		55.2986147637167
2.94121211357559		55.6311247360387
2.94527035726456		55.965120088285
2.94932860095352		56.3006052100689
2.95338684464248		56.6375844974458
2.95744508833145		56.9760623529119
2.96150333202041		57.316043185407
2.96556157570937		57.6575314103111
2.96961981939833		58.0005314494472
2.9736780630873		58.3450477310791
2.97773630677626		58.6910846899134
2.98179455046522		59.0386467670977
2.98585279415418		59.3877384102231
2.98991103784315		59.7383640733206
2.99396928153211		60.0905282168648
2.99802752522107		60.4442353077702
3.00208576891003		60.7994898193953
3.006144012599		61.1562962315394
3.01020225628796		61.5146590304441
3.01426049997692		61.8745827087926
3.01831874366588		62.2360717657111
3.02237698735485		62.5991307067662
3.02643523104381		62.9637640439674
3.03049347473277		63.3299762957663
3.03455171842173		63.6977719870563
3.0386099621107		64.0671556491728
3.04266820579966		64.4381318198934
3.04672644948862		64.8107050434375
3.05078469317758		65.1848798704669
3.05484293686655		65.5606608580853
3.05890118055551		65.9380525698387
3.06295942424447		66.3170595757148
3.06701766793343		66.6976864521439
3.0710759116224		67.0799377819981
3.07513415531136		67.4638181545923
3.07919239900032		67.8493321656827
3.08325064268928		68.2364844174683
3.08730888637825		68.6252795185905
3.09136713006721		69.0157220841328
3.09542537375617		69.4078167356202
3.09948361744513		69.8015681010216
3.1035418611341		70.1969808147459
3.10760010482306		70.5940595176474
3.11165834851202		70.9928088570196
3.11571659220098		71.3932334866007
3.11977483588995		71.7953380665701
3.12383307957891		72.1991272635499
3.12789132326787		72.6046057506051
3.13194956695683		73.011778207242
3.1360078106458		73.4206493194104
3.14006605433476		73.8312237795027
3.14412429802372		74.2435062863531
3.14818254171268		74.657501545239
3.15224078540165		75.0732142678793
3.15629902909061		75.4906491724364
3.16035727277957		75.9098109835159
3.16441551646853		76.3307044321643
3.1684737601575		76.7533342558728
3.17253200384646		77.1777051985729
3.17659024753542		77.6038220106407
3.18064849122438		78.0316894488947
3.18470673491335		78.4613122765953
3.18876497860231		78.8926952634464
3.19282322229127		79.3258431855947
3.19688146598023		79.7607608256292
3.2009397096692		80.1974529725819
3.20499795335816		80.6359244219281
3.20905619704712		81.0761799755857
3.21311444073608		81.518224441915
3.21717268442505		81.96206263572
3.22123092811401		82.4076993782475
3.22528917180297		82.8551394971867
3.22934741549193		83.3043878266703
3.2334056591809		83.7554492072738
3.23746390286986		84.2083284860158
3.24152214655882		84.6630305163587
3.24558039024778		85.1195601582059
3.24963863393675		85.5779222779063
3.25369687762571		86.0381217482509
3.25775512131467		86.5001634484731
3.26181336500363		86.964052264251
3.2658716086926		87.4297930877044
3.26992985238156		87.8973908173975
3.27398809607052		88.3668503583373
3.27804633975949		88.8381766219735
3.28210458344845		89.3113745262001
3.28616282713741		89.7864489953539
3.29022107082637		90.2634049602145
3.29427931451534		90.7422473580061
3.2983375582043		91.2229811323948
3.30239580189326		91.7056112334913
3.30645404558222		92.1901426178493
3.31051228927119		92.6765802484662
3.31457053296015		93.1649290947815
3.31862877664911		93.6551941326803
3.32268702033807		94.1473803444897
3.32674526402704		94.6414927189807
3.330803507716		95.1375362513682
3.33486175140496		95.6355159433101
3.33891999509392		96.1354368029082
3.34297823878289		96.637303844708
3.34703648247185		97.1411220896984
3.35109472616081		97.6468965653122
3.35515296984977		98.1546323054255
3.35921121353874		98.6643343503589
3.3632694572277		99.176007746875
3.36732770091666		99.6896575481822
3.37138594460562		100.205288813931
3.37544418829459		100.722906610218
3.37950243198355		101.24251600958
3.38356067567251		101.764122091001
3.38761891936147		102.287729939906
3.39167716305044		102.813344648166
3.3957354067394		103.340971314096
3.39979365042836		103.870615042453
3.40385189411732		104.40228094444
3.40791013780629		104.935974137701
3.41196838149525		105.471699746327
3.41602662518421		106.009462900852
3.42008486887317		106.549268738254
3.42414311256214		107.091122401953
3.4282013562511		107.635029041818
3.43225959994006		108.180993814155
3.43631784362902		108.729021881721
3.44037608731799		109.279118413712
3.44443433100695		109.831288585771
3.44849257469591		110.385537579985
3.45255081838487		110.941870584882
3.45660906207384		111.500292795439
3.4606673057628		112.060809413073
3.46472554945176		112.623425645647
3.46878379314072		113.188146707468
3.47284203682969		113.754977819288
3.47690028051865		114.323924208301
3.48095852420761		114.894991108148
3.48501676789657		115.468183758913
3.48907501158554		116.043507407123
3.4931332552745		116.620967305752
3.49719149896346		117.200568714215
3.50124974265242		117.782316898374
3.50530798634139		118.366217130535
3.50936623003035		118.952274689448
3.51342447371931		119.540494860307
3.51748271740827		120.130882934749
3.52154096109724		120.723444210859
3.5255992047862		121.318183993163
3.52965744847516		121.915107592635
3.53371569216412		122.514220326688
3.53777393585309		123.115527519186
3.54183217954205		123.719034500432
3.54589042323101		124.324746607177
3.54994866691997		124.932669182614
3.55400691060894		125.542807576383
3.5580651542979		126.155167144566
3.56212339798686		126.769753249692
3.56618164167582		127.386571260732
3.57023988536479		128.005626553104
3.57429812905375		128.626924508668
3.57835637274271		129.250470515732
3.58241461643168		129.876269969045
3.58647286012064		130.504328269804
3.5905311038096		131.134650825646
3.59458934749856		131.767243050659
3.59864759118753		132.40211036537
3.60270583487649		133.039258196752
3.60676407856545		133.678691978226
3.61082232225441		134.320417149653
3.61488056594338		134.964439157342
3.61893880963234		135.610763454045
3.6229970533213		136.25939549896
3.62705529701026		136.910340757728
3.63111354069923		137.563604702436
3.63517178438819		138.219192811616
3.63923002807715		138.877110570244
3.64328827176611		139.53736346974
3.64734651545508		140.199957007971
3.65140475914404		140.864896689247
3.655463002833		141.532188024323
3.65952124652196		142.2018365304
3.66357949021093		142.873847731121
3.66763773389989		143.548227156578
3.67169597758885		144.224980343305
3.67575422127781		144.90411283428
3.67981246496678		145.585630178928
3.68387070865574		146.269537933119
3.6879289523447		146.955841659165
3.69198719603366		147.644546925827
3.69604543972263		148.335659308306
3.70010368341159		149.029184388253
3.70416192710055		149.72512775376
3.70822017078951		150.423494999366
3.71227841447848		151.124291726054
3.71633665816744		151.827523541252
3.7203949018564		152.533196058833
3.72445314554536		153.241314899115
3.72851138923433		153.95188568886
3.73256963292329		154.664914061277
3.73662787661225		155.380405656018
3.74068612030121		156.098366119182
3.74474436399018		156.818801103309
3.74880260767914		157.541716267389
3.7528608513681		158.267117276853
3.75691909505706		158.99500980358
3.76097733874603		159.725399525891
3.76503558243499		160.458292128553
3.76909382612395		161.19369330278
3.77315206981291		161.931608746229
3.77721031350188		162.672044163001
3.78126855719084		163.415005263645
3.7853268008798		164.160497765152
3.78938504456876		164.908527390961
3.79344328825773		165.659099870952
3.79750153194669		166.412220941455
3.80155977563565		167.16789634524
3.80561801932461		167.926131831526
3.80967626301358		168.686933155974
3.81373450670254		169.450306080692
3.8177927503915		170.216256374233
3.82185099408046		170.984789811594
3.82590923776943		171.755912174217
3.82996748145839		172.529629249989
3.83402572514735		173.305946833244
3.83808396883631		174.084870724759
3.84214221252528		174.866406731756
3.84620045621424		175.650560667903
3.8502586999032		176.437338353313
3.85431694359216		177.226745614543
3.85837518728113		178.018788284596
3.86243343097009		178.81347220292
3.86649167465905		179.610803215407
3.87054991834801		180.410787174396
3.87460816203698		181.213429938669
3.87866640572594		182.018737373454
3.8827246494149		182.826715350424
3.88678289310386		183.637369747697
3.89084113679283		184.450706449836
3.89489938048179		185.26673134785
3.89895762417075		186.085450339191
3.90301586785972		186.906869327758
3.90707411154868		187.730994223894
3.91113235523764		188.557830944386
3.9151905989266		189.387385412469
3.91924884261557		190.219663557821
3.92330708630453		191.054671316565
3.92736532999349		191.89241463127
3.93142357368245		192.732899450949
3.93548181737142		193.576131731061
3.93954006106038		194.422117433508
3.94359830474934		195.270862526641
3.9476565484383		196.122372985252
3.95171479212727		196.97665479058
3.95577303581623		197.833713930309
3.95983127950519		198.693556398567
3.96388952319415		199.556188195929
3.96794776688312		200.421615329413
3.97200601057208		201.289843812482
3.97606425426104		202.160879665046
3.98012249795		203.034728913459
3.98418074163897		203.911397590519
3.98823898532793		204.790891735471
3.99229722901689		205.673217394003
3.99635547270585		206.558380618248
4.00041371639482		207.446387466787
4.00447196008378		208.337244004642
4.00853020377274		209.230956303283
4.0125884474617		210.127530440624
4.01664669115067		211.026972501023
4.02070493483963		211.929288575284
4.02476317852859		212.834484760656
4.02882142221755		213.742567160834
4.03287966590652		214.653541885955
4.03693790959548		215.567415052604
4.04099615328444		216.484192783809
4.0450543969734		217.403881209044
4.04911264066237		218.326486464228
4.05317088435133		219.252014691724
4.05722912804029		220.18047204034
4.06128737172925		221.111864665331
4.06534561541822		222.046198728395
4.06940385910718		222.983480397675
4.07346210279614		223.923715847759
4.0775203464851		224.866911259681
4.08157859017407		225.813072820918
4.08563683386303		226.762206725395
4.08969507755199		227.714319173478
4.09375332124095		228.669416371981
4.09781156492992		229.627504534162
4.10186980861888		230.588589879722
4.10592805230784		231.552678634811
4.1099862959968		232.51977703202
4.11404453968577		233.489891310386
4.11810278337473		234.463027715392
4.12216102706369		235.439192498964
4.12621927075265		236.418391919475
4.13027751444162		237.400632241742
4.13433575813058		238.385919737025
4.13839400181954		239.374260683032
4.1424522455085		240.365661363913
4.14651048919747		241.360128070265
4.15056873288643		242.357667099129
4.15462697657539		243.35828475399
4.15868522026435		244.361987344779
4.16274346395332		245.368781187871
4.16680170764228		246.378672606086
4.17085995133124		247.391667928689
4.1749181950202		248.40777349139
4.17897643870917		249.426995636344
4.18303468239813		250.449340712148
4.18709292608709		251.474815073848
4.19115116977605		252.503425082932
4.19520941346502		253.535177107334
4.19926765715398		254.57007752143
4.20332590084294		255.608132706046
4.2073841445319		256.649349048447
4.21144238822087		257.693732942346
4.21550063190983		258.741290787901
4.21955887559879		259.792028991713
4.22361711928775		260.845953966828
4.22767536297672		261.903072132737
4.23173360666568		262.963389915376
4.23579185035464		264.026913747126
4.23985009404361		265.093650066811
4.24390833773257		266.1636053197
4.24796658142153		267.236785957509
4.25202482511049		268.313198438396
4.25608306879946		269.392849226964
4.26014131248842		270.475744794262
4.26419955617738		271.561891617783
4.26825779986634		272.651296181463
4.27231604355531		273.743964975685
4.27637428724427		274.839904497274
4.28043253093323		275.939121249503
4.28449077462219		277.041621742085
4.28854901831116		278.147412491183
4.29260726200012		279.256500019399
4.29666550568908		280.368890855783
4.30072374937804		281.484591535829
4.30478199306701		282.603608601476
4.30884023675597		283.725948601104
4.31289848044493		284.851618089543
4.31695672413389		285.980623628062
4.32101496782286		287.112971784379
4.32507321151182		288.248669132653
4.32913145520078		289.38772225349
4.33318969888974		290.530137733939
4.33724794257871		291.675922167495
4.34130618626767		292.825082154094
4.34536442995663		293.977624300119
4.34942267364559		295.133555218398
4.35348091733456		296.292881528202
4.35753916102352		297.455609855248
4.36159740471248		298.621746831694
4.36565564840144		299.791299096145
4.36971389209041		300.96427329365
4.37377213577937		302.140676075702
4.37783037946833		303.320514100239
4.38188862315729		304.503794031642
4.38594686684626		305.690522540738
4.39000511053522		306.880706304797
4.39406335422418		308.074352007533
4.39812159791314		309.271466339106
4.40217984160211		310.472055996117
4.40623808529107		311.676127681616
4.41029632898003		312.883688105092
4.41435457266899		314.094743982483
4.41841281635796		315.309302036168
4.42247106004692		316.527368994972
4.42652930373588		317.748951594162
4.43058754742484		318.974056575452
4.43464579111381		320.202690686998
4.43870403480277		321.434860683401
4.44276227849173		322.670573325706
4.44682052218069		323.909835381403
4.45087876586966		325.152653624424
4.45493700955862		326.399034835147
4.45899525324758		327.648985800393
4.46305349693654		328.902513313428
4.46711174062551		330.159624173963
4.47116998431447		331.42032518815
4.47522822800343		332.684623168587
4.47928647169239		333.952524934316
4.48334471538136		335.224037310823
4.48740295907032		336.499167130037
4.49146120275928		337.777921230332
4.49551944644824		339.060306456527
4.49957769013721		340.346329659884
4.50363593382617		341.635997698106
4.50769417751513		342.929317435346
4.51175242120409		344.226295742196
4.51581066489306		345.526939495694
4.51986890858202		346.831255579321
4.52392715227098		348.139250883002
4.52798539595994		349.450932303107
4.53204363964891		350.76630674245
4.53610188333787		352.085381110287
4.54016012702683		353.408162322319
4.54421837071579		354.734657300691
4.54827661440476		356.064872973991
4.55233485809372		357.398816277252
4.55639310178268		358.736494151951
4.56045134547165		360.077913546006
4.56450958916061		361.423081413781
4.56856783284957		362.772004716085
4.57262607653853		364.124690420169
4.5766843202275		365.481145499727
4.58074256391646		366.841376934898
4.58480080760542		368.205391712266
4.58885905129438		369.573196824854
4.59291729498335		370.944799272135
4.59697553867231		372.320206060021
4.60103378236127		373.699424200871
4.60509202605023		375.082460713483
4.6091502697392		376.469322623103
4.61320851342816		377.860016961419
4.61726675711712		379.254550766564
4.62132500080608		380.652931083111
4.62538324449505		382.05516496208
4.62944148818401		383.461259460934
4.63349973187297		384.871221643578
4.63755797556193		386.285058580363
4.6416162192509		387.702777348081
4.64567446293986		389.124385029969
4.64973270662882		390.549888715708
4.65379095031778		391.97929550142
4.65784919400675		393.412612489674
4.66190743769571		394.849846789478
4.66596568138467		396.29100551629
4.67002392507363		397.736095792003
4.6740821687626		399.185124744962
4.67814041245156		400.638099509949
4.68219865614052		402.095027228192
4.68625689982948		403.555915047364
4.69031514351845		405.020770121576
4.69437338720741		406.489599611389
4.69843163089637		407.962410683804
4.70248987458533		409.439210512264
4.7065481182743		410.920006276658
4.71060636196326		412.404805163317
4.71466460565222		413.893614365015
4.71872284934118		415.386441080971
4.72278109303015		416.883292516845
4.72683933671911		418.384175884742
4.73089758040807		419.889098403209
4.73495582409703		421.398067297238
4.739014067786		422.911089798261
4.74307231147496		424.428173144156
4.74713055516392		425.949324579244
4.75118879885288		427.474551354289
4.75524704254185		429.003860726496
4.75930528623081		430.537259959517
4.76336352991977		432.074756323443
4.76742177360873		433.616357094811
4.7714800172977		435.1620695566
4.77553826098666		436.711900998234
4.77959650467562		438.265858715575
4.78365474836458		439.823950010935
4.78771299205355		441.386182193063
4.79177123574251		442.952562577155
4.79582947943147		444.523098484848
4.79988772312043		446.097797244222
4.8039459668094		447.676666189803
4.80800421049836		449.259712662554
4.81206245418732		450.846944009888
4.81612069787628		452.438367585654
4.82017894156525		454.03399075015
4.82423718525421		455.633820870114
4.82829542894317		457.237865318727
4.83235367263213		458.846131475612
4.8364119163211		460.458626726838
4.84047016001006		462.075358464914
4.84452840369902		463.696334088793
4.84858664738799		465.32156100387
4.85264489107695		466.951046621984
4.85670313476591		468.584798361416
4.86076137845487		470.22282364689
4.86481962214383		471.865129909573
4.8688778658328		473.511724587076
4.87293610952176		475.162615123448
4.87699435321072		476.817808969187
4.88105259689968		478.47731358123
4.88511084058865		480.141136422959
4.88916908427761		481.809284964194
4.89322732796657		483.481766681204
4.89728557165554		485.158589056695
4.9013438153445		486.839759579821
4.90540205903346		488.525285746175
4.90946030272242		490.215175057792
4.91351854641139		491.909435023154
4.91757679010035		493.60807315718
4.92163503378931		495.311096981237
4.92569327747827		497.01851402313
4.92975152116724		498.73033181711
4.9338097648562		500.446557903867
4.93786800854516		502.167199830538
4.94192625223412		503.892265150699
4.94598449592309		505.621761424369
4.95004273961205		507.355696218011
4.95410098330101		509.094077104531
4.95815922698997		510.836911663273
4.96221747067894		512.584207480029
4.9662757143679		514.33597214703
4.97033395805686		516.092213262951
4.97439220174582		517.852938432907
4.97845044543479		519.618155268459
4.98250868912375		521.387871387608
4.98656693281271		523.162094414799
4.99062517650167		524.940831980916
4.99468342019064		526.72409172329
4.9987416638796		528.51188128569
5.00279990756856		530.304208318332
5.00685815125752		532.101080477868
5.01091639494649		533.902505427397
5.01497463863545		535.708490836461
5.01903288232441		537.519044381041
5.02309112601337		539.334173743561
5.02714936970234		541.153886612889
5.0312076133913		542.978190684334
5.03526585708026		544.807093659645
5.03932410076922		546.640603247019
5.04338234445819		548.478727161089
5.04744058814715		550.321473122935
5.05149883183611		552.168848860073
5.05555707552507		554.020862106469
5.05961531921404		555.877520602525
5.063673562903		557.738832095088
5.06773180659196		559.604804337445
5.07179005028092		561.475445089329
5.07584829396989		563.350762116909
