0.247529412864693		0.0101228482730117
0.250458001597145		0.0109972187419218
0.253386590329598		0.0119335180881094
0.256315179062051		0.0129352367816228
0.259243767794503		0.0140060179138789
0.262172356526956		0.0151496624763457
0.265100945259409		0.0163701348071779
0.268029533991861		0.017671568211574
0.270958122724314		0.0190582707618049
0.273886711456767		0.0205347312830518
0.276815300189219		0.0221056255313781
0.279743888921672		0.023775822570353
0.282672477654125		0.0255503913530488
0.285601066386577		0.0274346075163316
0.28852965511903		0.0294339603945699
0.291458243851482		0.031554160260105
0.294386832583935		0.0338011457980403
0.297315421316388		0.0361810918231122
0.30024401004884		0.0387004172466566
0.303172598781293		0.0413657933018884
0.306101187513746		0.0441841520359546
0.309029776246198		0.0471626950774418
0.311958364978651		0.0503089026882891
0.314886953711104		0.0536305431092769
0.317815542443556		0.0571356822084627
0.320744131176009		0.0608326934423259
0.323672719908461		0.0647302681394177
0.326601308640914		0.0688374261167852
0.329529897373367		0.0731635266395421
0.332458486105819		0.0777182797342797
0.335387074838272		0.0825117578672328
0.338315663570725		0.0875544079984496
0.341244252303177		0.092857064023375
0.34417284103563		0.0984309596135839
0.347101429768083		0.104287741468669
0.350030018500535		0.110439482991439
0.352958607232988		0.116898698399072
0.355887195965441		0.123678357282816
0.358815784697893		0.13079189962936
0.361744373430346		0.138253251317143
0.364672962162798		0.146076840100994
0.367601550895251		0.154277612099098
0.370530139627704		0.162871048796033
0.373458728360156		0.171873184576314
0.376387317092609		0.181300624802791
0.379315905825062		0.191170564454792
0.382244494557514		0.201500807340641
0.385173083289967		0.212309785900085
0.38810167202242		0.223616581611376
0.391030260754872		0.235440946019283
0.393958849487325		0.247803322399176
0.396887438219778		0.260724868073191
0.39981602695223		0.274227477394522
0.402744615684683		0.288333805416599
0.405673204417135		0.303067292262121
0.408601793149588		0.318452188209802
0.411530381882041		0.334513579514851
0.414458970614493		0.351277414979041
0.417387559346946		0.368770533289036
0.420316148079399		0.387020691137087
0.423244736811851		0.406056592142977
0.426173325544304		0.425907916593698
0.429101914276757		0.446605352015466
0.432030503009209		0.468180624599281
0.434959091741662		0.490666531490921
0.437887680474114		0.514096973966966
0.440816269206567		0.53850699151191
0.44374485793902		0.563932796809176
0.446673446671472		0.590411811667812
0.449602035403925		0.617982703897852
0.452530624136378		0.646685425149297
0.45545921286883		0.676561249732956
0.458387801601283		0.707652814433373
0.461316390333736		0.740004159338074
0.464244979066188		0.773660769683335
0.467173567798641		0.808669618748977
0.470102156531094		0.845079211796581
0.473030745263546		0.882939631077363
0.475959333995999		0.92230258192315
0.478887922728451		0.963221439919401
0.481816511460904		1.0057512991877
0.484745100193357		1.04994902178184
0.487673688925809		1.09587328820137
0.490602277658262		1.14358464905081
0.493530866390715		1.19314557782675
0.496459455123167		1.24462052487495
0.49938804385562		1.29807597248207
0.502316632588073		1.35358049116141
0.505245221320525		1.41120479708288
0.508173810052978		1.47102181070125
0.511102398785431		1.53310671654478
0.514030987517883		1.59753702421142
0.516959576250336		1.66439263051295
0.519888164982788		1.73375588286004
0.522816753715241		1.80571164377373
0.525745342447694		1.88034735663162
0.528673931180146		1.95775311255362
0.531602519912599		2.03802171851855
0.534531108645052		2.12124876658396
0.537459697377504		2.2075327043713
0.540388286109957		2.29697490661118
0.54331687484241		2.38967974789496
0.546245463574862		2.48575467660246
0.549174052307315		2.58531028988912
0.552102641039767		2.68846040981173
0.55503122977222		2.7953221606393
0.557959818504673		2.90601604716018
0.560888407237125		3.02066603399889
0.563816995969578		3.13939962636755
0.566745584702031		3.26234795125379
0.569674173434483		3.38964584012871
0.572602762166936		3.52143191250434
0.575531350899389		3.65784866031717
0.578459939631841		3.79904253342888
0.581388528364294		3.94516402607948
0.584317117096746		4.09636776392929
0.587245705829199		4.25281259246926
0.590174294561652		4.41466166579967
0.593102883294104		4.58208253633306
0.596031472026557		4.75524724565938
0.59896006075901		4.93433241528077
0.601888649491462		5.11951933909065
0.604817238223915		5.31099407569472
0.607745826956368		5.50894754173851
0.61067441568882		5.71357560546514
0.613603004421273		5.92507918171385
0.616531593153726		6.14366432598127
0.619460181886178		6.36954233022444
0.622388770618631		6.60292981807069
0.625317359351084		6.84404884193506
0.628245948083536		7.09312697747988
0.631174536815989		7.35039742184824
0.634103125548442		7.61609909003339
0.637031714280894		7.89047671097664
0.639960303013347		8.1737809255497
0.642888891745799		8.46626838296117
0.645817480478252		8.76820183781695
0.648746069210705		9.07985024835794
0.651674657943157		9.4014888694499
0.65460324667561		9.73339935422804
0.657531835408062		10.07586984616
0.660460424140515		10.4291950768544
0.663389012872968		10.793676460765
0.666317601605421		11.169622191521
0.669246190337873		11.5573473364214
0.672174779070326		11.9571739255141
0.675103367802778		12.3694310502743
0.678031956535231		12.794454959356
0.680960545267684		13.2325891369718
0.683889134000136		13.6841844091107
0.686817722732589		14.1495990234333
0.689746311465042		14.6291987393201
0.692674900197494		15.1233569245585
0.695603488929947		15.6324546209698
0.6985320776624		16.1568806613978
0.701460666394852		16.6970317255595
0.704389255127305		17.2533124277223
0.707317843859757		17.8261354382612
0.71024643259221		18.415921487186
0.713175021324663		19.0230995209708
0.716103610057116		19.6481067248594
0.719032198789568		20.2913886549976
0.721960787522021		20.953399213173
0.724889376254473		21.634600869359
0.727817964986926		22.3354646021271
0.730746553719379		23.0564699999162
0.733675142451831		23.7981053691675
0.736603731184284		24.5608678512937
0.739532319916737		25.345263242078
0.742460908649189		26.1518064284676
0.745389497381642		26.9810210876413
0.748318086114095		27.8334400040783
0.751246674846547		28.7096048819284
0.754175263579		29.6100668227336
0.757103852311452		30.5353858072475
0.760032441043905		31.4861311398722
0.762961029776358		32.4628814803105
0.76588961850881		33.4662242728696
0.768818207241263		34.4967570564186
0.771746795973716		35.555086068708
0.774675384706168		36.6418270749134
0.777603973438621		37.7576055126851
0.780532562171074		38.9030557123861
0.783461150903526		40.0788212167635
0.786389739635979		41.2855556338211
0.789318328368432		42.52392056436
0.792246917100884		43.7945888210452
0.795175505833337		45.0982399956331
0.798104094565789		46.4355660023763
0.801032683298242		47.8072636769082
0.803961272030695		49.214045055983
0.806889860763147		50.6566252556769
0.8098184494956		52.1357333913288
0.812747038228053		53.6521110833155
0.815675626960505		55.2065006249361
0.818604215692958		56.7996597951807
0.821532804425411		58.4323648524417
0.824461393157863		60.1053989631773
0.827389981890316		61.8195421550877
0.830318570622768		63.5756147476901
0.833247159355221		65.3744223906148
0.836175748087674		67.2167715859764
0.83796737044354		68.3656896730898
0.839758992799405		69.5313886187227
0.841550615155271		70.7140459220726
0.843342237511137		71.9138266162821
0.845133859867003		73.13092919273
0.846925482222869		74.365475859273
0.848717104578735		75.6176384297993
0.8505087269346		76.8875290569419
0.852300349290466		78.1752584622635
0.854091971646332		79.4809362847313
0.855883594002198		80.8046360918003
0.857675216358064		82.1464217300559
0.85946683871393		83.5063366806413
0.861258461069796		84.8843337121322
0.863050083425661		86.2805088316677
0.864841705781527		87.6947382929974
0.866633328137393		89.1270331496712
0.868424950493259		90.5773070719222
0.870216572849125		92.0455177122073
0.872008195204991		93.531537921739
0.873799817560856		95.0353229095642
0.875591439916722		96.5567568652141
0.877383062272588		98.0956904765668
0.879174684628454		99.6520725796042
0.88096630698432		101.225756205634
0.882757929340186		102.816630315082
0.884549551696052		104.424608265606
0.886341174051917		106.049581169118
0.888132796407783		107.691373908983
0.889924418763649		109.349958031726
0.891716041119515		111.025279423694
0.893507663475381		112.717159016746
0.895299285831247		114.42553662454
0.897090908187112		116.150336267654
0.898882530542978		117.891515216474
0.900674152898844		119.64907677138
0.90246577525471		121.422980422284
0.904257397610576		123.213097008338
0.906049019966442		125.019476973907
0.907840642322308		126.842300270972
0.909632264678173		128.681393881035
0.911423887034039		130.536860051843
0.913215509389905		132.408873827381
0.915007131745771		134.297471716128
0.916798754101637		136.202732567951
0.918590376457503		138.124856599392
0.920381998813368		140.063938763112
0.922173621169234		142.020225079855
0.9239652435251		143.993777863163
0.925756865880966		145.984813207125
0.927548488236832		147.993779858796
0.929340110592698		150.020728522709
0.931131732948564		152.065806172425
0.932923355304429		154.129548589688
0.934714977660295		156.211912097809
0.936506600016161		158.313411675892
0.938298222372027		160.43425570145
0.940089844727893		162.574775831138
0.941881467083759		164.735182374432
0.943673089439624		166.915920822166
0.94546471179549		169.117214712139
0.947256334151356		171.339418360229
0.949047956507222		173.582923251827
0.950839578863088		175.84784071902
0.952631201218954		178.134686864405
0.954422823574819		180.4436844745
0.956214445930685		182.775242483974
0.958006068286551		185.129542451126
0.959797690642417		187.507055187912
0.961589312998283		189.907902395562
0.963380935354149		192.332518672874
0.965172557710015		194.781137026065
0.96696418006588		197.254041990553
0.968755802421746		199.751418996158
0.970547424777612		202.273713815745
0.972339047133478		204.820894606444
0.974130669489344		207.393339903403
0.97592229184521		209.991303331491
0.977713914201075		212.614917936371
0.979505536556941		215.264288106434
0.981297158912807		217.939730801683
0.983088781268673		220.641295131944
0.984880403624539		223.369265761753
0.986672025980405		226.123707263417
0.988463648336271		228.90478506754
0.990255270692136		231.712619021079
0.992046893048002		234.54746836572
0.993838515403868		237.409353389916
0.995630137759734		240.298541875926
0.9974217601156		243.215066804298
0.999213382471466		246.159181066255
1.00100500482733		249.131034428098
1.0027966271832		252.130785109405
1.00458824953906		255.158623263627
1.00637987189493		258.214711382843
1.00817149425079		261.299262239465
1.00996311660666		264.412464251641
1.01175473896253		267.554500505706
1.01354636131839		270.725594766153
1.01760460500735		278.016990215506
1.02166284869632		285.46093596962
1.02572109238528		293.059998125783
1.02977933607424		300.816748886273
1.0338375797632		308.733855944412
1.03789582345217		316.813998910786
1.04195406714113		325.05990950713
1.04601231083009		333.474335989961
1.05007055451906		342.060077671844
1.05412879820802		350.819952137634
1.05818704189698		359.756800838392
1.06224528558594		368.873503644641
1.06630352927491		378.172971973488
1.07036177296387		387.658146471648
1.07442001665283		397.332008330391
1.07847826034179		407.197566969681
1.08253650403076		417.257865660239
1.08659474771972		427.515986384551
1.09065299140868		437.975047937851
1.09471123509764		448.638199207446
1.09876947878661		459.508630389681
1.10282772247557		470.589564262486
1.10688596616453		481.8842644704
1.11094420985349		493.396029158453
1.11500245354246		505.128191043879
1.11906069723142		517.084125019646
1.12311894092038		529.267237986914
1.12717718460934		541.680976059087
1.13123542829831		554.328824495296
1.13529367198727		567.214303858867
1.13935191567623		580.340972421244
1.14341015936519		593.712428177341
1.14746840305416		607.33230468763
1.15152664674312		621.204275581771
1.15558489043208		635.332052858462
1.15964313412104		649.719385785799
1.16370137781001		664.370064243429
1.16775962149897		679.287916418925
1.17181786518793		694.476809870318
1.17587610887689		709.940652196294
1.17993435256586		725.683390690491
1.18399259625482		741.709013328363
1.18805083994378		758.02154817738
1.19210908363274		774.625064102837
1.19616732732171		791.523672112069
1.20022557101067		808.721523060328
1.20428381469963		826.2228108384
1.20834205838859		844.03177137554
1.21240030207756		862.152682422981
1.21645854576652		880.589864402229
1.22051678945548		899.347681689859
1.22457503314444		918.430540826202
1.22863327683341		937.842892975058
1.23269152052237		957.589232887691
1.23674976421133		977.67409950838
1.24080800790029		998.102076890585
1.24486625158926		1018.87779365721
1.24892449527822		1040.00592363092
1.25298273896718		1061.49118679496
1.25704098265614		1083.33834855031
1.26109922634511		1105.5522208208
1.26515747003407		1128.13766198902
1.26921571372303		1151.09957744786
1.27327395741199		1174.44291976684
1.27733220110096		1198.17268911216
1.28139044478992		1222.29393352328
1.28544868847888		1246.81174924198
1.28950693216784		1271.73128105061
1.29356517585681		1297.05772259567
1.29762341954577		1322.79631683307
1.30168166323473		1348.95235610471
1.30573990692369		1375.531182551
1.30979815061266		1402.53818869922
1.31385639430162		1429.9788175017
1.31791463799058		1457.85856268068
1.32197288167954		1486.18296925376
1.32603112536851		1514.95763367845
1.33008936905747		1544.18820439813
1.33414761274643		1573.88038178718
1.33820585643539		1604.03991899492
1.34226410012436		1634.6726219338
1.34632234381332		1665.78434970325
1.35038058750228		1697.38101498851
1.35443883119124		1729.46858433954
1.35849707488021		1762.05307848563
1.36255531856917		1795.1405728072
1.36661356225813		1828.73719751739
1.3706718059471		1862.84913815832
1.37473004963606		1897.48263583295
1.37878829332502		1932.6439875955
1.38284653701398		1968.33954682659
1.38690478070295		2004.57572353132
1.39096302439191		2041.35898470312
1.39502126808087		2078.69585472611
1.39907951176983		2116.59291564122
1.4031377554588		2155.05680754533
1.40719599914776		2194.09422898908
1.41125424283672		2233.71193722212
1.41531248652568		2273.91674866499
1.41937073021465		2314.71553915302
1.42342897390361		2356.11524440516
1.42748721759257		2398.12286031164
1.43154546128153		2440.74544328079
1.4356037049705		2483.99011066421
1.43966194865946		2527.86404105012
1.44372019234842		2572.37447468484
1.44777843603738		2617.52871376303
1.45183667972635		2663.33412286502
1.45589492341531		2709.79812927538
1.45995316710427		2756.92822334367
1.46401141079323		2804.73195888578
1.4680696544822		2853.21695352577
1.47212789817116		2902.39088903797
1.47618614186012		2952.26151177361
1.48024438554908		3002.83663297156
1.48430262923805		3054.12412917336
1.48836087292701		3106.13194256045
1.49241911661597		3158.86808133844
1.49647736030493		3212.3406201019
1.5005356039939		3266.55770021442
1.50459384768286		3321.52753017561
1.50865209137182		3377.25838601
1.51271033506078		3433.75861160153
1.51676857874975		3491.03661913113
1.52082682243871		3549.10088938153
1.52488506612767		3607.95997218076
1.52894330981663		3667.62248672778
1.5330015535056		3728.09712201035
1.53705979719456		3789.39263715397
1.54111804088352		3851.51786181716
1.54517628457248		3914.48169658185
1.54923452826145		3978.29311330093
1.55329277195041		4042.96115553122
1.55735101563937		4108.49493886847
1.56140925932833		4174.90365135784
1.5654675030173		4242.19655388114
1.56952574670626		4310.38298052434
1.57358399039522		4379.47233898776
1.57764223408418		4449.47411095053
1.58170047777315		4520.39785248146
1.58575872146211		4592.25319440186
1.58981696515107		4665.04984270872
1.59387520884003		4738.79757894373
1.597933452529		4813.50626058289
1.60199169621796		4889.18582144233
1.60604993990692		4965.84627207555
1.61010818359588		5043.49770013827
1.61416642728485		5122.15027082625
1.61822467097381		5201.81422724112
1.62228291466277		5282.4998907988
1.62634115835173		5364.21766162868
1.6303994020407		5446.9780189699
1.63445764572966		5530.7915215703
1.63851588941862		5615.6688080915
1.64257413310758		5701.62059751302
1.64663237679655		5788.65768952577
1.65069062048551		5876.79096494542
1.65474886417447		5966.03138611052
1.65880710786343		6056.38999729303
1.6628653515524		6147.87792510351
1.66692359524136		6240.50637889388
1.67098183893032		6334.28665117953
1.67504008261929		6429.23011802996
1.67909832630825		6525.34823949459
1.68315656999721		6622.65256000529
1.68721481368617		6721.15470879239
1.69127305737513		6820.86640030143
1.6953313010641		6921.79943459859
1.69938954475306		7023.96569779328
1.70344778844202		7127.37716244871
1.70750603213099		7232.04588800729
1.71156427581995		7337.98402119834
1.71562251950891		7445.2037964628
1.71968076319787		7553.71753637632
1.72373900688684		7663.53765206388
1.7277972505758		7774.67664362239
1.73185549426476		7887.1471005505
1.73591373795372		8000.96170216415
1.73997198164269		8116.1332180246
1.74403022533165		8232.67450836724
1.74808846902061		8350.59852452265
1.75214671270957		8469.91830934872
1.75620495639854		8590.64699766121
1.7602632000875		8712.79781665348
1.76432144377646		8836.3840863415
1.76837968746542		8961.41921998271
1.77243793115439		9087.91672451753
1.77649617484335		9215.89020099979
1.78055441853231		9345.35334502806
1.78461266222127		9476.31994718956
1.78867090591024		9608.80389348758
1.7927291495992		9742.81916578448
1.79678739328816		9878.37984224255
1.80084563697712		10015.5000977538
1.80490388066609		10154.1942043945
1.80896212435505		10294.4765318534
1.81302036804401		10436.3615478835
1.81707861173297		10579.8638187424
1.82113685542194		10724.9980096361
1.8251950991109		10871.7788851647
1.82925334279986		11020.2213097696
1.83331158648882		11170.3402481842
1.83736983017779		11322.1507658759
1.84142807386675		11475.6680295
1.84548631755571		11630.9073073495
1.84954456124467		11787.8839698086
1.85360280493364		11946.6134897993
1.8576610486226		12107.1114432431
1.86171929231156		12269.3935095067
1.86577753600052		12433.4754718663
1.86983577968949		12599.3732179582
1.87389402337845		12767.1027402385
1.87795226706741		12936.6801364399
1.88201051075637		13108.1216100345
1.88606875444534		13281.4434706911
1.8901269981343		13456.6621347399
1.89418524182326		13633.7941256315
1.89824348551222		13812.8560744044
1.90230172920119		13993.8647201435
1.90635997289015		14176.8369104543
1.91041821657911		14361.7896019213
1.91447646026807		14548.7398605811
1.91853470395704		14737.704862387
1.922592947646		14928.7018936826
1.92665119133496		15121.7483516678
1.93070943502392		15316.8617448753
1.93476767871289		15514.0596936387
1.93882592240185		15713.3599305681
1.94288416609081		15914.7803010269
1.94694240977977		16118.3387636018
1.95100065346874		16324.0533905855
1.9550588971577		16531.9423684507
1.95911714084666		16742.0239983288
1.96317538453562		16954.3166964914
1.96723362822459		17168.8389948284
1.97129187191355		17385.609541332
1.97535011560251		17604.6471005789
1.97940835929148		17825.9705542107
1.98346660298044		18049.5989014246
1.9875248466694		18275.5512594534
1.99158309035836		18503.8468640554
1.99564133404733		18734.5050699994
1.99969957773629		18967.5453515566
2.00375782142525		19202.9873029886
2.00781606511421		19440.8506390365
2.01187430880317		19681.1551954166
2.01593255249214		19923.9209293072
2.0199907961811		20169.1679198492
2.02404903987006		20416.9163686353
2.02810728355903		20667.1866002081
2.03216552724799		20919.999062556
2.03622377093695		21175.3743276115
2.04028201462591		21433.3330917506
2.04434025831488		21693.89617629
2.04839850200384		21957.0845279904
2.0524567456928		22222.9192195565
2.05651498938176		22491.4214501411
2.06057323307073		22762.6125458475
2.06463147675969		23036.5139602358
2.06868972044865		23313.1472748265
2.07274796413761		23592.5341996096
2.07680620782658		23874.6965735508
2.08086445151554		24159.6563651005
2.0849226952045		24447.4356727042
2.08898093889346		24738.0567253124
2.09303918258243		25031.5418828927
2.09709742627139		25327.9136369431
2.10115566996035		25627.1946110051
2.10521391364931		25929.4075611791
2.10927215733828		26234.5753766392
2.11333040102724		26542.7210801509
2.1173886447162		26853.8678285888
2.12144688840516		27168.0389134556
2.12550513209413		27485.2577614005
2.12956337578309		27805.5479347414
2.13362161947205		28128.933131988
2.13767986316101		28455.4371883609
2.14173810684998		28785.0840763181
2.14579635053894		29117.8979060801
2.1498545942279		29453.9029261545
2.15391283791686		29793.1235238631
2.15797108160583		30135.58422587
2.16202932529479		30481.3096987109
2.16608756898375		30830.3247493217
2.17014581267271		31182.6543255709
2.17420405636168		31538.3235167903
2.17826230005064		31897.3575543087
2.1823205437396		32259.7818119843
2.18637878742856		32625.6218067426
2.19043703111753		32994.9031991081
2.19449527480649		33367.6517937454
2.19855351849545		33743.8935399941
2.20261176218441		34123.6545324089
2.20667000587338		34506.9610112996
2.21072824956234		34893.8393632718
2.2147864932513		35284.3161217686
2.21884473694026		35678.4179676143
2.22290298062923		36076.1717295569
2.22696122431819		36477.6043848146
2.23101946800715		36882.7430596207
2.23507771169611		37291.6150297713
2.23913595538508		37704.2477211725
2.24319419907404		38120.6687103895
2.247252442763		38540.905725197
2.25131068645196		38964.9866451303
2.25536893014093		39392.9395020362
2.25942717382989		39824.792480627
2.26348541751885		40260.5739190339
2.26754366120781		40700.3123093625
2.27160190489678		41144.0362982481
2.27566014858574		41591.7746874137
2.2797183922747		42043.5564342266
2.28377663596366		42499.4106522585
2.28783487965263		42959.3666118449
2.29189312334159		43423.4537406467
2.29595136703055		43891.701624212
2.30000961071951		44364.1400065381
2.30406785440848		44840.7987906373
2.30812609809744		45321.7080391005
2.3121843417864		45806.8979746636
2.31624258547536		46296.3989807754
2.32030082916433		46790.2416021639
2.32435907285329		47288.4565454067
2.32841731654225		47791.0746795008
2.33247556023122		48298.1270364335
2.33653380392018		48809.6448117536
2.34059204760914		49325.6593651468
2.3446502912981		49846.2022210072
2.34870853498707		50371.3050690127
2.35276677867603		50900.9997647038
2.35682502236499		51435.3183300566
2.36088326605395		51974.2929540637
2.36494150974292		52517.9559933128
2.36899975343188		53066.3399725653
2.37305799712084		53619.47758534
2.3771162408098		54177.4016944924
2.38117448449877		54740.1453327998
2.38523272818773		55307.741703544
2.38929097187669		55880.2241810978
2.39334921556565		56457.6263115097
2.39740745925462		57039.9818130918
2.40146570294358		57627.3245770081
2.40552394663254		58219.6886678627
2.4095821903215		58817.1083242907
2.41364043401047		59419.6179595494
2.41769867769943		60027.2521621096
2.42175692138839		60640.0456962488
2.42581516507735		61258.0335026469
2.42987340876632		61881.2506989791
2.43393165245528		62509.7325805139
2.43798989614424		63143.5146207083
2.4420481398332		63782.6324718081
2.44610638352217		64427.1219654454
2.45016462721113		65077.0191132395
2.45422287090009		65732.3601073982
2.45828111458905		66393.1813213185
2.46233935827802		67059.5193101923
2.46639760196698		67731.4108116082
2.47045584565594		68408.8927461575
2.4745140893449		69092.0022180412
2.47857233303387		69780.7765156756
2.48263057672283		70475.2531123017
2.48668882041179		71175.4696665938
2.49074706410075		71881.4640232698
2.49480530778972		72593.2742137023
2.49886355147868		73310.9384565313
2.50292179516764		74034.495158276
2.5069800388566		74763.9829139509
2.51103828254557		75499.4405076796
2.51509652623453		76240.9069133113
2.51915476992349		76988.4212950383
2.52321301361245		77742.0230080139
2.52727125730142		78501.7515989716
2.53132950099038		79267.6468068455
2.53538774467934		80039.7485633914
2.5394459883683		80818.0969938092
2.54350423205727		81602.7324173655
2.54756247574623		82393.695348018
2.55162071943519		83191.0264950421
2.55567896312415		83994.7667636546
2.55973720681312		84804.9572556437
2.56379545050208		85621.6392699938
2.56785369419104		86444.8543035192
2.57191193788		87274.6440514897
2.57597018156897		88111.0504082653
2.58002842525793		88954.1154679267
2.58408666894689		89803.8815249091
2.58814491263585		90660.3910746362
2.59220315632482		91523.6868141553
2.59626140001378		92393.8116427742
2.60031964370274		93270.8086626984
2.6043778873917		94154.7211796676
2.60843613108067		95045.5927035981
2.61249437476963		95943.4669492202
2.61655261845859		96848.3878367207
2.62061086214756		97760.3994923855
2.62466910583652		98679.546249242
2.62872734952548		99605.8726477037
2.63278559321444		100539.423436216
2.63684383690341		101480.243571901
2.64090208059237		102428.378221207
2.64496032428133		103383.872760556
2.64901856797029		104346.77277699
2.65307681165926		105317.124068826
2.65713505534822		106294.972646305
2.66119329903718		107280.364732243
2.66525154272614		108273.346762687
2.66930978641511		109273.965387567
2.67336803010407		110282.267471354
2.67742627379303		111298.300093713
2.68148451748199		112322.110550162
2.68554276117096		113353.746352731
2.68960100485992		114393.255230619
2.69365924854888		115440.685130857
2.69771749223784		116496.084218969
2.70177573592681		117559.50087963
2.70583397961577		118630.983717337
2.70989222330473		119710.581557066
2.71395046699369		120798.343444941
2.71800871068266		121894.3186489
2.72206695437162		122998.556659363
2.72612519806058		124111.107189898
2.73018344174954		125232.020177891
2.73424168543851		126361.345785219
2.73829992912747		127499.134398918
2.74235817281643		128645.436631857
2.74641641650539		129800.303323411
2.75047466019436		130963.785540135
2.75453290388332		132135.934576441
2.75859114757228		133316.80195527
2.76264939126124		134506.439428776
2.76670763495021		135704.898978998
2.77076587863917		136912.232818545
2.77482412232813		138128.493391269
2.77888236601709		139353.733372956
2.78294060970606		140588.005671998
2.78699885339502		141831.363430087
2.79105709708398		143083.860022888
2.79511534077294		144345.549060735
2.79917358446191		145616.484389309
2.80323182815087		146896.720090333
2.80729007183983		148186.310482252
2.81134831552879		149485.310120931
2.81540655921776		150793.773800336
2.81946480290672		152111.756553236
2.82352304659568		153439.313651886
2.82758129028464		154776.500608725
2.83163953397361		156123.373177072
2.83569777766257		157479.987351815
2.83975602135153		158846.399370115
2.84381426504049		160222.665712097
2.84787250872946		161608.843101554
2.85193075241842		163004.98850664
2.85598899610738		164411.159140579
2.86004723979634		165827.412462356
2.86410548348531		167253.806177429
2.86816372717427		168690.398238425
2.87222197086323		170137.246845851
2.87628021455219		171594.410448792
2.88033845824116		173061.947745626
2.88439670193012		174539.917684721
2.88845494561908		176028.379465156
2.89251318930804		177527.392537419
2.89657143299701		179037.016604123
2.90062967668597		180557.311620717
2.90468792037493		182088.3377962
2.90874616406389		183630.155593827
2.91280440775286		185182.825731835
2.91686265144182		186746.409184147
2.92092089513078		188320.967181098
2.92497913881975		189906.561210145
2.92903738250871		191503.25301659
2.93309562619767		193111.104604297
2.93715386988663		194730.178236415
2.94121211357559		196360.536436097
2.94527035726456		198002.241987222
2.94932860095352		199655.357935122
2.95338684464248		201319.947587303
2.95744508833145		202996.074514172
2.96150333202041		204683.802549763
2.96556157570937		206383.195792464
2.96961981939833		208094.318605748
2.9736780630873		209817.235618897
2.97773630677626		211552.01172774
2.98179455046522		213298.712095377
2.98585279415418		215057.402152917
2.98991103784315		216828.147600209
2.99396928153211		218611.014406576
2.99802752522107		220406.068811553
3.00208576891003		222213.377325619
3.006144012599		224033.00673094
3.01020225628796		225865.024082102
3.01426049997692		227709.496706856
3.01831874366588		229566.492206855
3.02237698735485		231436.078458395
3.02643523104381		233318.323613159
3.03049347473277		235213.29609896
3.03455171842173		237121.064620488
3.0386099621107		239041.698160049
3.04266820579966		240975.265978319
3.04672644948862		242921.837615088
3.05078469317758		244881.482890005
3.05484293686655		246854.271903336
3.05890118055551		248840.275036707
3.06295942424447		250839.562953857
3.06701766793343		252852.206601395
3.0710759116224		254878.277209547
3.07513415531136		256917.846292915
3.07919239900032		258970.985651232
3.08325064268928		261037.767370116
3.08730888637825		263118.263821829
3.09136713006721		265212.54766604
3.09542537375617		267320.691850573
3.09948361744513		269442.769612182
3.1035418611341		271578.854477299
3.10760010482306		273729.020262809
3.11165834851202		275893.341076801
3.11571659220098		278071.891319344
3.11977483588995		280264.745683245
3.12383307957891		282471.979154818
3.12789132326787		284693.667014652
3.13194956695683		286929.884838379
3.1360078106458		289180.708497443
3.14006605433476		291446.214159871
3.14412429802372		293726.478291047
3.14818254171268		296021.577654479
3.15224078540165		298331.589312577
3.15629902909061		300656.590627426
3.16035727277957		302996.659261563
3.16441551646853		305351.873178751
3.1684737601575		307722.310644759
3.17253200384646		310108.050228138
3.17659024753542		312509.170801003
3.18064849122438		314925.751539814
3.18470673491335		317357.871926154
3.18876497860231		319805.611747514
3.19282322229127		322269.051098078
3.19688146598023		324748.270379503
3.2009397096692		327243.350301712
3.20499795335816		329754.37188367
3.20905619704712		332281.416454184
3.21311444073608		334824.565652679
3.21717268442505		337383.901429999
3.22123092811401		339959.506049189
3.22528917180297		342551.462086292
3.22934741549193		345159.852431137
3.2334056591809		347784.760288137
3.23746390286986		350426.269177082
3.24152214655882		353084.462933933
3.24558039024778		355759.42571162
3.24963863393675		358451.241980842
3.25369687762571		361159.996530858
3.25775512131467		363885.774470295
3.26181336500363		366628.661227947
3.2658716086926		369388.74255357
3.26992985238156		372166.104518694
3.27398809607052		374960.833517419
3.27804633975949		377773.016267223
3.28210458344845		380602.739809769
3.28616282713741		383450.091511709
3.29022107082637		386315.159065492
3.29427931451534		389198.030490174
3.2983375582043		392098.794132225
3.30239580189326		395017.538666344
3.30645404558222		397954.353096265
3.31051228927119		400909.326755575
3.31457053296015		403882.549308523
3.31862877664911		406874.11075084
3.32268702033807		409884.101410548
3.32674526402704		412912.611948783
3.330803507716		415959.733360605
3.33486175140496		419025.556975829
3.33891999509392		422110.174459829
3.34297823878289		425213.677814372
3.34703648247185		428336.159378432
3.35109472616081		431477.711829016
3.35515296984977		434638.428181985
3.35921121353874		437818.401792881
3.3632694572277		441017.726357752
3.36732770091666		444236.495913979
3.37138594460562		447474.804841102
3.37544418829459		450732.74786165
3.37950243198355		454010.420041972
3.38356067567251		457307.916793062
3.38761891936147		460625.3338714
3.39167716305044		463962.767379775
3.3957354067394		467320.313768126
3.39979365042836		470698.069834373
3.40385189411732		474096.132725252
3.40791013780629		477514.599937154
3.41196838149525		480953.569316963
3.41602662518421		484413.139062891
3.42008486887317		487893.407725321
3.42414311256214		491394.474207647
3.4282013562511		494916.437767117
3.43225959994006		498459.398015669
3.43631784362902		502023.454920787
3.44037608731799		505608.708806331
3.44443433100695		509215.260353396
3.44849257469591		512843.21060115
3.45255081838487		516492.660947685
3.45660906207384		520163.713150864
3.4606673057628		523856.469329174
3.46472554945176		527571.031962574
3.46878379314072		531307.503893345
3.47284203682969		535065.98832695
3.47690028051865		538846.588832875
3.48095852420761		542649.4093455
3.48501676789657		546474.554164939
3.48907501158554		550322.127957907
3.4931332552745		554192.235758574
3.49719149896346		558084.982969425
3.50124974265242		562000.475362117
3.50530798634139		565938.819078343
3.50936623003035		569900.12063069
3.51342447371931		573884.48690351
3.51748271740827		577892.025153769
3.52154096109724		581922.843011927
3.5255992047862		585977.048482795
3.52965744847516		590054.749946403
3.53371569216412		594156.056158871
3.53777393585309		598281.076253273
3.54183217954205		602429.919740509
3.54589042323101		606602.696510178
3.54994866691997		610799.516831444
3.55400691060894		615020.491353918
3.5580651542979		619265.731108519
3.56212339798686		623535.34750836
3.56618164167582		627829.452349617
3.57023988536479		632148.157812412
3.57429812905375		636491.576461683
3.57835637274271		640859.821248068
3.58241461643168		645253.005508783
3.58647286012064		649671.242968504
3.5905311038096		654114.647740249
3.59458934749856		658583.334326256
3.59864759118753		663077.417618874
3.60270583487649		667597.012901441
3.60676407856545		672142.235849175
3.61082232225441		676713.202530058
3.61488056594338		681310.029405727
3.61893880963234		685932.833332353
3.6229970533213		690581.731561546
3.62705529701026		695256.841741233
3.63111354069923		699958.281916557
3.63517178438819		704686.170530764
3.63923002807715		709440.626426104
3.64328827176611		714221.768844717
3.64734651545508		719029.717429539
3.65140475914404		723864.592225188
3.655463002833		728726.513678872
3.65952124652196		733615.602641277
3.66357949021093		738531.98036748
3.66763773389989		743475.768517836
3.67169597758885		748447.089158889
3.67575422127781		753446.064764272
3.67981246496678		758472.818215611
3.68387070865574		763527.472803427
3.6879289523447		768610.152228048
3.69198719603366		773720.980600509
3.69604543972263		778860.082443465
3.70010368341159		784027.582692098
3.70416192710055		789223.606695025
3.70822017078951		794448.28021521
3.71227841447848		799701.729430878
3.71633665816744		804984.080936425
3.7203949018564		810295.461743331
3.72445314554536		815635.999281081
3.72851138923433		821005.82139807
3.73256963292329		826405.056362533
3.73662787661225		831833.83286345
3.74068612030121		837292.280011477
3.74474436399018		842780.527339851
3.74880260767914		848298.704805329
3.7528608513681		853846.942789091
3.75691909505706		859425.372097682
3.76097733874603		865034.123963916
3.76503558243499		870673.330047817
3.76909382612395		876343.122437536
3.77315206981291		882043.633650284
3.77721031350188		887774.996633248
3.78126855719084		893537.344764538
3.7853268008798		899330.811854098
3.78938504456876		905155.532144653
3.79344328825773		911011.640312627
3.79750153194669		916899.27146909
3.80155977563565		922818.561160675
3.80561801932461		928769.645370529
3.80967626301358		934752.66051924
3.81373450670254		940767.743465773
3.8177927503915		946815.031508417
3.82185099408046		952894.662385707
3.82590923776943		959006.774277386
3.82996748145839		965151.505805325
3.83402572514735		971328.99603448
3.83808396883631		977539.384473824
3.84214221252528		983782.811077301
3.84620045621424		990059.416244758
3.8502586999032		996369.340822907
3.85431694359216		1002712.72610626
3.85837518728113		1009089.71383807
3.86243343097009		1015500.44621131
3.86649167465905		1021945.06586959
3.87054991834801		1028423.71590812
3.87460816203698		1034936.53987466
3.87866640572594		1041483.68177049
3.8827246494149		1048065.28605134
3.88678289310386		1054681.49762835
3.89084113679283		1061332.46186903
3.89489938048179		1068018.32459823
3.89895762417075		1074739.23209907
3.90301586785972		1081495.33111393
3.90707411154868		1088286.76884537
3.91113235523764		1095113.69295714
3.9151905989266		1101976.25157509
3.91924884261557		1108874.59328818
3.92330708630453		1115808.86714943
3.92736532999349		1122779.22267685
3.93142357368245		1129785.80985445
3.93548181737142		1136828.77913319
3.93954006106038		1143908.28143195
3.94359830474934		1151024.4681385
3.9476565484383		1158177.49111046
3.95171479212727		1165367.50267628
3.95577303581623		1172594.65563622
3.95983127950519		1179859.1032633
3.96388952319415		1187160.99930429
3.96794776688312		1194500.49798068
3.97200601057208		1201877.75398968
3.97606425426104		1209292.92250515
3.98012249795		1216746.1591786
3.98418074163897		1224237.6201402
3.98823898532793		1231767.46199971
3.99229722901689		1239335.84184747
3.99635547270585		1246942.91725543
4.00041371639482		1254588.84627808
4.00447196008378		1262273.78745343
4.00853020377274		1269997.89980406
4.0125884474617		1277761.34283802
4.01664669115067		1285564.27654988
4.02070493483963		1293406.86142171
4.02476317852859		1301289.25842402
4.02882142221755		1309211.62901683
4.03287966590652		1317174.13515057
4.03693790959548		1325176.93926716
4.04099615328444		1333220.20430093
4.0450543969734		1341304.09367967
4.04911264066237		1349428.77132559
4.05317088435133		1357594.40165633
4.05722912804029		1365801.14958594
4.06128737172925		1374049.18052591
4.06534561541822		1382338.66038614
4.06940385910718		1390669.75557596
4.07346210279614		1399042.6330051
4.0775203464851		1407457.46008474
4.08157859017407		1415914.40472848
4.08563683386303		1424413.63535333
4.08969507755199		1432955.32088075
4.09375332124095		1441539.63073765
4.09781156492992		1450166.73485738
4.10186980861888		1458836.80368073
4.10592805230784		1467550.00815699
4.1099862959968		1476306.5197449
4.11404453968577		1485106.51041368
4.11810278337473		1493950.15264407
4.12216102706369		1502837.6194293
4.12621927075265		1511769.08427615
4.13027751444162		1520744.72120592
4.13433575813058		1529764.70475546
4.13839400181954		1538829.20997822
4.1424522455085		1547938.41244522
4.14651048919747		1557092.48824609
4.15056873288643		1566291.61399009
4.15462697657539		1575535.96680716
4.15868522026435		1584825.72434886
4.16274346395332		1594161.06478949
4.16680170764228		1603542.16682705
4.17085995133124		1612969.20968429
4.1749181950202		1622442.37310973
4.17897643870917		1631961.83737869
4.18303468239813		1641527.78329431
4.18709292608709		1651140.39218859
4.19115116977605		1660799.8459234
4.19520941346502		1670506.32689157
4.19926765715398		1680260.01801781
4.20332590084294		1690061.10275988
4.2073841445319		1699909.7651095
4.21144238822087		1709806.18959348
4.21550063190983		1719750.56127469
4.21955887559879		1729743.06575313
4.22361711928775		1739783.88916696
4.22767536297672		1749873.21819355
4.23173360666568		1760011.2400505
4.23579185035464		1770198.1424967
4.23985009404361		1780434.11383334
4.24390833773257		1790719.342905
4.24796658142153		1801054.01910068
4.25202482511049		1811438.33235479
4.25608306879946		1821872.47314829
4.26014131248842		1832356.63250965
4.26419955617738		1842891.00201598
4.26825779986634		1853475.77379398
4.27231604355531		1864111.14052109
4.27637428724427		1874797.29542648
4.28043253093323		1885534.43229212
4.28449077462219		1896322.74545382
4.28854901831116		1907162.42980232
4.29260726200012		1918053.68078429
4.29666550568908		1928996.69440345
4.30072374937804		1939991.66722157
4.30478199306701		1951038.79635957
4.30884023675597		1962138.27949852
4.31289848044493		1973290.3148808
4.31695672413389		1984495.10131106
4.32101496782286		1995752.83815734
4.32507321151182		2007063.72535211
4.32913145520078		2018427.96339335
4.33318969888974		2029845.75334558
4.33724794257871		2041317.296841
4.34130618626767		2052842.79608047
4.34536442995663		2064422.45383463
4.34942267364559		2076056.47344495
4.35348091733456		2087745.05882482
4.35753916102352		2099488.4144606
4.36159740471248		2111286.7454127
4.36565564840144		2123140.25731664
4.36971389209041		2135049.15638417
4.37377213577937		2147013.64940427
4.37783037946833		2159033.9437443
4.38188862315729		2171110.24735104
4.38594686684626		2183242.76875176
4.39000511053522		2195431.71705531
4.39406335422418		2207677.30195323
4.39812159791314		2219979.73372078
4.40217984160211		2232339.22321804
4.40623808529107		2244755.98189103
4.41029632898003		2257230.22177272
4.41435457266899		2269762.15548419
4.41841281635796		2282351.99623567
4.42247106004692		2294999.95782766
4.42652930373588		2307706.25465197
4.43058754742484		2320471.10169286
4.43464579111381		2333294.71452809
4.43870403480277		2346177.30933006
4.44276227849173		2359119.10286683
4.44682052218069		2372120.31250329
4.45087876586966		2385181.1562022
4.45493700955862		2398301.85252531
4.45899525324758		2411482.62063445
4.46305349693654		2424723.68029263
4.46711174062551		2438025.25186514
4.47116998431447		2451387.55632061
4.47522822800343		2464810.8152322
4.47928647169239		2478295.2507786
4.48334471538136		2491841.08574521
4.48740295907032		2505448.54352517
4.49146120275928		2519117.84812055
4.49551944644824		2532849.22414339
4.49957769013721		2546642.89681682
4.50363593382617		2560499.09197618
4.50769417751513		2574418.03607013
4.51175242120409		2588399.95616174
4.51581066489306		2602445.07992962
4.51986890858202		2616553.635669
4.52392715227098		2630725.85229289
4.52798539595994		2644961.95933316
4.53204363964891		2659262.18694166
4.53610188333787		2673626.76589132
4.54016012702683		2688055.92757732
4.54421837071579		2702549.90401814
4.54827661440476		2717108.92785671
4.55233485809372		2731733.23236154
4.55639310178268		2746423.05142783
4.56045134547165		2761178.61957857
4.56450958916061		2776000.17196569
4.56856783284957		2790887.94437117
4.57262607653853		2805842.17320819
4.5766843202275		2820863.0955222
4.58074256391646		2835950.9489921
4.58480080760542		2851105.97193135
4.58885905129438		2866328.40328908
4.59291729498335		2881618.48265124
4.59697553867231		2896976.45024172
4.60103378236127		2912402.54692351
4.60509202605023		2927897.01419977
4.6091502697392		2943460.09421502
4.61320851342816		2959092.02975626
4.61726675711712		2974793.06425409
4.62132500080608		2990563.44178386
4.62538324449505		3006403.40706681
4.62944148818401		3022313.20547118
4.63349973187297		3038293.0830134
4.63755797556193		3054343.28635918
4.6416162192509		3070464.06282468
4.64567446293986		3086655.66037764
4.64973270662882		3102918.32763854
4.65379095031778		3119252.31388171
4.65784919400675		3135657.86903653
4.66190743769571		3152135.24368849
4.66596568138467		3168684.68908046
4.67002392507363		3185306.4571137
4.6740821687626		3202000.80034914
4.67814041245156		3218767.97200842
4.68219865614052		3235608.2259751
4.68625689982948		3252521.81679583
4.69031514351845		3269508.99968144
4.69437338720741		3286570.03050814
4.69843163089637		3303705.16581868
4.70248987458533		3320914.66282346
4.7065481182743		3338198.77940174
4.71060636196326		3355557.77410278
4.71466460565222		3372991.90614698
4.71872284934118		3390501.43542705
4.72278109303015		3408086.6225092
4.72683933671911		3425747.72863426
4.73089758040807		3443485.01571887
4.73495582409703		3461298.74635664
4.739014067786		3479189.18381928
4.74307231147496		3497156.59205786
4.74713055516392		3515201.23570385
4.75118879885288		3533323.38007039
4.75524704254185		3551523.29115341
4.75930528623081		3569801.23563284
4.76336352991977		3588157.48087369
4.76742177360873		3606592.29492735
4.7714800172977		3625105.94653268
4.77553826098666		3643698.70511719
4.77959650467562		3662370.84079823
4.78365474836458		3681122.62438419
4.78771299205355		3699954.32737563
4.79177123574251		3718866.22196648
4.79582947943147		3737858.58104523
4.79988772312043		3756931.6781961
4.8039459668094		3776085.78770023
4.80800421049836		3795321.18453682
4.81206245418732		3814638.14438437
4.81612069787628		3834036.94362185
4.82017894156525		3853517.85932987
4.82423718525421		3873081.16929185
4.82829542894317		3892727.15199527
4.83235367263213		3912456.08663279
4.8364119163211		3932268.25310348
4.84047016001006		3952163.93201398
4.84452840369902		3972143.40467975
4.84858664738799		3992206.95312616
4.85264489107695		4012354.8600898
4.85670313476591		4032587.40901959
4.86076137845487		4052904.88407802
4.86481962214383		4073307.57014231
4.8688778658328		4093795.75280566
4.87293610952176		4114369.71837838
4.87699435321072		4135029.75388915
4.88105259689968		4155776.14708619
4.88511084058865		4176609.18643847
4.88916908427761		4197529.16113689
4.89322732796657		4218536.36109553
4.89728557165554		4239631.0769528
4.9013438153445		4260813.6000727
4.90540205903346		4282084.22254599
4.90946030272242		4303443.2371914
4.91351854641139		4324890.93755683
4.91757679010035		4346427.61792061
4.92163503378931		4368053.57329264
4.92569327747827		4389769.09941565
4.92975152116724		4411574.49276641
4.9338097648562		4433470.05055689
4.93786800854516		4455456.07073557
4.94192625223412		4477532.85198855
4.94598449592309		4499700.69374086
4.95004273961205		4521959.8961576
4.95410098330101		4544310.76014521
4.95815922698997		4566753.58735265
4.96221747067894		4589288.6801727
4.9662757143679		4611916.34174305
4.97033395805686		4634636.87594764
4.97439220174582		4657450.58741783
4.97845044543479		4680357.78153362
4.98250868912375		4703358.76442491
4.98656693281271		4726453.8429727
4.99062517650167		4749643.32481031
4.99468342019064		4772927.51832464
4.9987416638796		4796306.73265735
5.00279990756856		4819781.27770616
5.00685815125752		4843351.464126
5.01091639494649		4867017.60333032
5.01497463863545		4890780.00749227
5.01903288232441		4914638.98954596
5.02309112601337		4938594.86318767
5.02714936970234		4962647.94287713
5.0312076133913		4986798.54383871
5.03526585708026		5011046.98206269
5.03932410076922		5035393.57430648
5.04338234445819		5059838.63809587
5.04744058814715		5084382.4917263
5.05149883183611		5109025.45426401
5.05555707552507		5133767.84554741
5.05961531921404		5158609.98618822
5.063673562903		5183552.19757278
5.06773180659196		5208594.80186326
5.07179005028092		5233738.12199893
5.07584829396989		5258982.48169737
