0.25		1		
0.255		0.9740094		
0.26		0.94930496		
0.265		0.92579471		
0.27		0.9033951		
0.275		0.88203002		
0.28		0.86163006		
0.285		0.84213176		
0.29		0.82347703		
0.295		0.80561257		
0.3		0.78848945		
0.305		0.77206262		
0.31		0.75629056		
0.315		0.74113497		
0.32		0.72656044		
0.325		0.71253419		
0.33		0.69902584		
0.335		0.6860072		
0.34		0.67345208		
0.345		0.66133611		
0.35		0.64963658		
0.355		0.63833231		
0.36		0.62740355		
0.365		0.61683182		
0.37		0.60659983		
0.375		0.5966914		
0.38		0.58709133		
0.385		0.57778539		
0.39		0.56876019		
0.395		0.56000316		
0.4		0.55150244		
0.405		0.54324688		
0.41		0.53522598		
0.415		0.5274298		
0.42		0.51984898		
0.425		0.51247467		
0.43		0.50529849		
0.435		0.49831251		
0.44		0.49150923		
0.445		0.48488153		
0.45		0.47842266		
0.455		0.47212623		
0.46		0.46598613		
0.465		0.45999659		
0.47		0.45415211		
0.475		0.44844746		
0.48		0.44287764		
0.485		0.43743792		
0.49		0.43212377		
0.495		0.42693086		
0.5		0.42185509		
0.505		0.4168925		
0.51		0.41203935		
0.515		0.40729204		
0.52		0.40264713		
0.525		0.39810133		
0.53		0.3936515		
0.535		0.38929461		
0.54		0.38502779		
0.545		0.38084825		
0.55		0.37675335		
0.555		0.37274053		
0.56		0.36880734		
0.565		0.36495144		
0.57		0.36117057		
0.575		0.35746255		
0.58		0.3538253		
0.585		0.35025681		
0.59		0.34675515		
0.595		0.34331846		
0.6		0.33994495		
0.605		0.3366329		
0.61		0.33338063		
0.615		0.33018656		
0.62		0.32704913		
0.625		0.32396686		
0.63		0.3209383		
0.635		0.31796207		
0.64		0.31503683		
0.645		0.31216127		
0.65		0.30933416		
0.655		0.30655428		
0.66		0.30382045		
0.665		0.30113156		
0.67		0.29848651		
0.675		0.29588423		
0.68		0.29332371		
0.685		0.29080395		
0.69		0.28832399		
0.695		0.2858829		
0.7		0.28347979		
0.705		0.28111377		
0.71		0.278784		
0.715		0.27648966		
0.72		0.27422995		
0.725		0.27200411		
0.73		0.26981137		
0.735		0.26765102		
0.74		0.26552235		
0.745		0.26342466		
0.75		0.2613573		
0.755		0.25931962		
0.76		0.25731099		
0.765		0.2553308		
0.77		0.25337845		
0.775		0.25145337		
0.78		0.249555		
0.785		0.24768279		
0.79		0.2458362		
0.795		0.24401473		
0.8		0.24221786		
0.805		0.24044511		
0.81		0.23869601		
0.815		0.23697008		
0.82		0.23526688		
0.825		0.23358596		
0.83		0.23192691		
0.835		0.23028928		
0.84		0.22867269		
0.845		0.22707674		
0.85		0.22550103		
0.855		0.22394519		
0.86		0.22240884		
0.865		0.22089165		
0.87		0.21939324		
0.875		0.21791328		
0.88		0.21645143		
0.885		0.21500738		
0.89		0.2135808		
0.895		0.21217138		
0.9		0.21077882		
0.905		0.20940282		
0.91		0.20804309		
0.915		0.20669936		
0.92		0.20537134		
0.925		0.20405877		
0.93		0.20276138		
0.935		0.20147892		
0.94		0.20021113		
0.945		0.19895776		
0.95		0.19771859		
0.955		0.19649336		
0.96		0.19528186		
0.965		0.19408386		
0.97		0.19289913		
0.975		0.19172746		
0.98		0.19056864		
0.985		0.18942246		
0.99		0.18828873		
0.995		0.18716724		
1		0.18605781		
1.005		0.18496023		
1.01		0.18387433		
1.015		0.18279993		
1.02		0.18173684		
1.025		0.18068489		
1.03		0.17964392		
1.035		0.17861375		
1.04		0.17759422		
1.045		0.17658517		
1.05		0.17558644		
1.055		0.17459788		
1.06		0.17361934		
1.065		0.17265067		
1.07		0.17169172		
1.075		0.17074235		
1.08		0.16980242		
1.085		0.1688718		
1.09		0.16795035		
1.095		0.16703793		
1.1		0.16613443		
1.105		0.1652397		
1.11		0.16435364		
1.115		0.1634761		
1.12		0.16260699		
1.125		0.16174617		
1.13		0.16089353		
1.135		0.16004896		
1.14		0.15921235		
1.145		0.15838359		
1.15		0.15756257		
1.155		0.15674918		
1.16		0.15594333		
1.165		0.15514491		
1.17		0.15435381		
1.175		0.15356995		
1.18		0.15279323		
1.185		0.15202355		
1.19		0.15126082		
1.195		0.15050494		
1.2		0.14975584		
1.205		0.14901341		
1.21		0.14827757		
1.215		0.14754825		
1.22		0.14682534		
1.225		0.14610878		
1.23		0.14539848		
1.235		0.14469436		
1.24		0.14399635		
1.245		0.14330436		
1.25		0.14261832		
1.255		0.14193815		
1.26		0.14126379		
1.265		0.14059516		
1.27		0.13993219		
1.275		0.13927481		
1.28		0.13862295		
1.285		0.13797655		
1.29		0.13733554		
1.295		0.13669984		
1.3		0.13606941		
1.305		0.13544417		
1.31		0.13482407		
1.315		0.13420904		
1.32		0.13359902		
1.325		0.13299395		
1.33		0.13239378		
1.335		0.13179844		
1.34		0.13120789		
1.345		0.13062206		
1.35		0.1300409		
1.355		0.12946435		
1.36		0.12889237		
1.365		0.12832489		
1.37		0.12776188		
1.375		0.12720327		
1.38		0.12664902		
1.385		0.12609908		
1.39		0.1255534		
1.395		0.12501193		
1.4		0.12447462		
1.405		0.12394144		
1.41		0.12341232		
1.415		0.12288724		
1.42		0.12236613		
1.425		0.12184897		
1.43		0.1213357		
1.435		0.12082628		
1.44		0.12032068		
1.445		0.11981885		
1.45		0.11932074		
1.455		0.11882633		
1.46		0.11833556		
1.465		0.11784841		
1.47		0.11736483		
1.475		0.11688478		
1.48		0.11640823		
1.485		0.11593514		
1.49		0.11546547		
1.495		0.11499919		
1.5		0.11453626		
1.505		0.11407665		
1.51		0.11362032		
1.515		0.11316725		
1.52		0.11271738		
1.525		0.1122707		
1.53		0.11182717		
1.535		0.11138676		
1.54		0.11094944		
1.545		0.11051516		
1.55		0.11008392		
1.555		0.10965566		
1.56		0.10923037		
1.565		0.10880801		
1.57		0.10838856		
1.575		0.10797198		
1.58		0.10755825		
1.585		0.10714734		
1.59		0.10673922		
1.595		0.10633387		
1.6		0.10593125		
1.605		0.10553134		
1.61		0.10513411		
1.615		0.10473954		
1.62		0.1043476		
1.625		0.10395827		
1.63		0.10357152		
1.635		0.10318733		
1.64		0.10280567		
1.645		0.10242652		
1.65		0.10204985		
1.655		0.10167564		
1.66		0.10130387		
1.665		0.10093451		
1.67		0.10056755		
1.675		0.10020295		
1.68		0.099840706		
1.685		0.099480784		
1.69		0.099123166		
1.695		0.098767831		
1.7		0.098414757		
1.705		0.098063924		
1.71		0.097715311		
1.715		0.097368898		
1.72		0.097024666		
1.725		0.096682593		
1.73		0.096342661		
1.735		0.09600485		
1.74		0.095669141		
1.745		0.095335515		
1.75		0.095003953		
1.755		0.094674438		
1.76		0.094346951		
1.765		0.094021473		
1.77		0.093697987		
1.775		0.093376476		
1.78		0.093056922		
1.785		0.092739308		
1.79		0.092423616		
1.795		0.092109831		
1.8		0.091797935		
1.805		0.091487912		
1.81		0.091179745		
1.815		0.09087342		
1.82		0.090568919		
1.825		0.090266227		
1.83		0.089965329		
1.835		0.089666209		
1.84		0.089368853		
1.845		0.089073245		
1.85		0.08877937		
1.855		0.088487213		
1.86		0.088196761		
1.865		0.087907999		
1.87		0.087620912		
1.875		0.087335487		
1.88		0.08705171		
1.885		0.086769566		
1.89		0.086489043		
1.895		0.086210128		
1.9		0.085932806		
1.905		0.085657064		
1.91		0.08538289		
1.915		0.085110271		
1.92		0.084839195		
1.925		0.084569647		
1.93		0.084301617		
1.935		0.084035091		
1.94		0.083770058		
1.945		0.083506506		
1.95		0.083244422		
1.955		0.082983795		
1.96		0.082724613		
1.965		0.082466865		
1.97		0.082210539		
1.975		0.081955623		
1.98		0.081702107		
1.985		0.08144998		
1.99		0.081199231		
1.995		0.080949848		
2		0.080701821		
2.005		0.08045514		
2.01		0.080209794		
2.015		0.079965772		
2.02		0.079723064		
2.025		0.07948166		
2.03		0.07924155		
2.035		0.079002724		
2.04		0.078765172		
2.045		0.078528885		
2.05		0.078293852		
2.055		0.078060063		
2.06		0.07782751		
2.065		0.077596184		
2.07		0.077366073		
2.075		0.077137171		
2.08		0.076909467		
2.085		0.076682952		
2.09		0.076457617		
2.095		0.076233454		
2.1		0.076010454		
2.105		0.075788608		
2.11		0.075567907		
2.115		0.075348344		
2.12		0.075129908		
2.125		0.074912593		
2.13		0.07469639		
2.135		0.074481291		
2.14		0.074267287		
2.145		0.074054371		
2.15		0.073842534		
2.155		0.073631769		
2.16		0.073422068		
2.165		0.073213424		
2.17		0.073005827		
2.175		0.072799272		
2.18		0.07259375		
2.185		0.072389254		
2.19		0.072185777		
2.195		0.071983311		
2.2		0.071781849		
2.205		0.071581384		
2.21		0.071381909		
2.215		0.071183417		
2.22		0.0709859		
2.225		0.070789352		
2.23		0.070593767		
2.235		0.070399137		
2.24		0.070205455		
2.245		0.070012715		
2.25		0.069820911		
2.255		0.069630035		
2.26		0.069440082		
2.265		0.069251044		
2.27		0.069062916		
2.275		0.068875692		
2.28		0.068689364		
2.285		0.068503928		
2.29		0.068319376		
2.295		0.068135702		
2.3		0.067952901		
2.305		0.067770967		
2.31		0.067589894		
2.315		0.067409676		
2.32		0.067230306		
2.325		0.06705178		
2.33		0.066874092		
2.335		0.066697236		
2.34		0.066521206		
2.345		0.066345996		
2.35		0.066171603		
2.355		0.065998019		
2.36		0.065825239		
2.365		0.065653259		
2.37		0.065482072		
2.375		0.065311674		
2.38		0.065142059		
2.385		0.064973222		
2.39		0.064805158		
2.395		0.064637862		
2.4		0.064471329		
2.405		0.064305554		
2.41		0.064140531		
2.415		0.063976257		
2.42		0.063812726		
2.425		0.063649932		
2.43		0.063487873		
2.435		0.063326542		
2.44		0.063165935		
2.445		0.063006047		
2.45		0.062846875		
2.455		0.062688412		
2.46		0.062530655		
2.465		0.062373598		
2.47		0.062217239		
2.475		0.062061571		
2.48		0.061906591		
2.485		0.061752295		
2.49		0.061598677		
2.495		0.061445735		
2.5		0.061293462		
2.505		0.061141856		
2.51		0.060990912		
2.515		0.060840626		
2.52		0.060690994		
2.525		0.060542011		
2.53		0.060393674		
2.535		0.060245979		
2.54		0.060098921		
2.545		0.059952497		
2.55		0.059806702		
2.555		0.059661534		
2.56		0.059516987		
2.565		0.059373059		
2.57		0.059229744		
2.575		0.059087041		
2.58		0.058944944		
2.585		0.058803451		
2.59		0.058662557		
2.595		0.058522259		
2.6		0.058382552		
2.605		0.058243435		
2.61		0.058104903		
2.615		0.057966952		
2.62		0.057829579		
2.625		0.05769278		
2.63		0.057556553		
2.635		0.057420893		
2.64		0.057285798		
2.645		0.057151263		
2.65		0.057017286		
2.655		0.056883863		
2.66		0.056750992		
2.665		0.056618667		
2.67		0.056486887		
2.675		0.056355649		
2.68		0.056224948		
2.685		0.056094782		
2.69		0.055965148		
2.695		0.055836042		
2.7		0.055707462		
2.705		0.055579404		
2.71		0.055451866		
2.715		0.055324844		
2.72		0.055198335		
2.725		0.055072336		
2.73		0.054946845		
2.735		0.054821859		
2.74		0.054697373		
2.745		0.054573387		
2.75		0.054449896		
2.755		0.054326899		
2.76		0.054204391		
2.765		0.05408237		
2.77		0.053960835		
2.775		0.05383978		
2.78		0.053719205		
2.785		0.053599107		
2.79		0.053479481		
2.795		0.053360327		
2.8		0.053241641		
2.805		0.05312342		
2.81		0.053005663		
2.815		0.052888366		
2.82		0.052771526		
2.825		0.052655142		
2.83		0.052539211		
2.835		0.05242373		
2.84		0.052308696		
2.845		0.052194107		
2.85		0.052079961		
2.855		0.051966256		
2.86		0.051852988		
2.865		0.051740156		
2.87		0.051627756		
2.875		0.051515787		
2.88		0.051404246		
2.885		0.051293131		
2.89		0.05118244		
2.895		0.05107217		
2.9		0.050962318		
2.905		0.050852884		
2.91		0.050743864		
2.915		0.050635255		
2.92		0.050527057		
2.925		0.050419266		
2.93		0.050311881		
2.935		0.050204899		
2.94		0.050098318		
2.945		0.049992136		
2.95		0.04988635		
2.955		0.04978096		
2.96		0.049675962		
2.965		0.049571354		
2.97		0.049467135		
2.975		0.049363302		
2.98		0.049259853		
2.985		0.049156786		
2.99		0.0490541		
2.995		0.048951791		
3		0.048849859		
3.005		0.048748301		
3.01		0.048647115		
3.015		0.048546299		
3.02		0.048445852		
3.025		0.048345771		
3.03		0.048246054		
3.035		0.0481467		
3.04		0.048047707		
3.045		0.047949072		
3.05		0.047850794		
3.055		0.047752872		
3.06		0.047655302		
3.065		0.047558084		
3.07		0.047461216		
3.075		0.047364695		
3.08		0.04726852		
3.085		0.047172689		
3.09		0.047077201		
3.095		0.046982053		
3.1		0.046887245		
3.105		0.046792773		
3.11		0.046698637		
3.115		0.046604835		
3.12		0.046511364		
3.125		0.046418225		
3.13		0.046325413		
3.135		0.046232929		
3.14		0.04614077		
3.145		0.046048935		
3.15		0.045957422		
3.155		0.04586623		
3.16		0.045775356		
3.165		0.0456848		
3.17		0.045594559		
3.175		0.045504633		
3.18		0.045415019		
3.185		0.045325716		
3.19		0.045236722		
3.195		0.045148036		
3.2		0.045059657		
3.205		0.044971583		
3.21		0.044883811		
3.215		0.044796342		
3.22		0.044709173		
3.225		0.044622303		
3.23		0.04453573		
3.235		0.044449453		
3.24		0.044363471		
3.245		0.044277782		
3.25		0.044192384		
3.255		0.044107276		
3.26		0.044022458		
3.265		0.043937926		
3.27		0.043853681		
3.275		0.04376972		
3.28		0.043686042		
3.285		0.043602646		
3.29		0.043519531		
3.295		0.043436695		
3.3		0.043354136		
3.305		0.043271854		
3.31		0.043189848		
3.315		0.043108114		
3.32		0.043026654		
3.325		0.042945464		
3.33		0.042864545		
3.335		0.042783894		
3.34		0.04270351		
3.345		0.042623392		
3.35		0.04254354		
3.355		0.04246395		
3.36		0.042384623		
3.365		0.042305557		
3.37		0.042226751		
3.375		0.042148203		
3.38		0.042069913		
3.385		0.041991879		
3.39		0.0419141		
3.395		0.041836574		
3.4		0.041759301		
3.405		0.04168228		
3.41		0.041605509		
3.415		0.041528986		
3.42		0.041452712		
3.425		0.041376685		
3.43		0.041300903		
3.435		0.041225365		
3.44		0.041150071		
3.445		0.041075019		
3.45		0.041000208		
3.455		0.040925637		
3.46		0.040851305		
3.465		0.040777211		
3.47		0.040703353		
3.475		0.040629731		
3.48		0.040556344		
3.485		0.04048319		
3.49		0.040410268		
3.495		0.040337578		
3.5		0.040265118		
3.505		0.040192887		
3.51		0.040120884		
3.515		0.040049109		
3.52		0.03997756		
3.525		0.039906235		
3.53		0.039835135		
3.535		0.039764258		
3.54		0.039693603		
3.545		0.039623169		
3.55		0.039552955		
3.555		0.039482961		
3.56		0.039413184		
3.565		0.039343624		
3.57		0.039274281		
3.575		0.039205153		
3.58		0.039136239		
3.585		0.039067539		
3.59		0.038999051		
3.595		0.038930774		
3.6		0.038862708		
3.605		0.038794851		
3.61		0.038727203		
3.615		0.038659762		
3.62		0.038592529		
3.625		0.038525501		
3.63		0.038458678		
3.635		0.038392059		
3.64		0.038325644		
3.645		0.038259431		
3.65		0.038193419		
3.655		0.038127608		
3.66		0.038061996		
3.665		0.037996583		
3.67		0.037931368		
3.675		0.037866351		
3.68		0.037801529		
3.685		0.037736903		
3.69		0.037672471		
3.695		0.037608233		
3.7		0.037544188		
3.705		0.037480335		
3.71		0.037416673		
3.715		0.037353201		
3.72		0.037289919		
3.725		0.037226826		
3.73		0.037163921		
3.735		0.037101202		
3.74		0.03703867		
3.745		0.036976324		
3.75		0.036914162		
3.755		0.036852185		
3.76		0.03679039		
3.765		0.036728778		
3.77		0.036667348		
3.775		0.036606099		
3.78		0.036545029		
3.785		0.036484139		
3.79		0.036423428		
3.795		0.036362894		
3.8		0.036302537		
3.805		0.036242357		
3.81		0.036182353		
3.815		0.036122523		
3.82		0.036062868		
3.825		0.036003386		
3.83		0.035944076		
3.835		0.035884939		
3.84		0.035825973		
3.845		0.035767177		
3.85		0.035708551		
3.855		0.035650095		
3.86		0.035591806		
3.865		0.035533686		
3.87		0.035475733		
3.875		0.035417946		
3.88		0.035360325		
3.885		0.035302868		
3.89		0.035245576		
3.895		0.035188448		
3.9		0.035131483		
3.905		0.03507468		
3.91		0.035018038		
3.915		0.034961558		
3.92		0.034905238		
3.925		0.034849078		
3.93		0.034793076		
3.935		0.034737233		
3.94		0.034681548		
3.945		0.03462602		
3.95		0.034570649		
3.955		0.034515433		
3.96		0.034460372		
3.965		0.034405467		
3.97		0.034350715		
3.975		0.034296116		
3.98		0.03424167		
3.985		0.034187376		
3.99		0.034133234		
3.995		0.034079243		
4		0.034025402		
4.005		0.033971711		
4.01		0.033918168		
4.015		0.033864775		
4.02		0.033811529		
4.025		0.03375843		
4.03		0.033705479		
4.035		0.033652673		
4.04		0.033600013		
4.045		0.033547498		
4.05		0.033495128		
4.055		0.033442901		
4.06		0.033390818		
4.065		0.033338877		
4.07		0.033287079		
4.075		0.033235422		
4.08		0.033183907		
4.085		0.033132531		
4.09		0.033081296		
4.095		0.0330302		
4.1		0.032979244		
4.105		0.032928425		
4.11		0.032877744		
4.115		0.032827201		
4.12		0.032776794		
4.125		0.032726523		
4.13		0.032676389		
4.135		0.032626389		
4.14		0.032576524		
4.145		0.032526793		
4.15		0.032477195		
4.155		0.032427731		
4.16		0.032378399		
4.165		0.0323292		
4.17		0.032280131		
4.175		0.032231194		
4.18		0.032182388		
4.185		0.032133711		
4.19		0.032085164		
4.195		0.032036746		
4.2		0.031988457		
4.205		0.031940296		
4.21		0.031892262		
4.215		0.031844355		
4.22		0.031796575		
4.225		0.031748922		
4.23		0.031701393		
4.235		0.03165399		
4.24		0.031606712		
4.245		0.031559558		
4.25		0.031512528		
4.255		0.031465621		
4.26		0.031418837		
4.265		0.031372175		
4.27		0.031325635		
4.275		0.031279217		
4.28		0.03123292		
4.285		0.031186743		
4.29		0.031140686		
4.295		0.031094749		
4.3		0.031048932		
4.305		0.031003233		
4.31		0.030957652		
4.315		0.03091219		
4.32		0.030866844		
4.325		0.030821616		
4.33		0.030776504		
4.335		0.030731509		
4.34		0.030686629		
4.345		0.030641865		
4.35		0.030597215		
4.355		0.03055268		
4.36		0.030508259		
4.365		0.030463952		
4.37		0.030419758		
4.375		0.030375676		
4.38		0.030331707		
4.385		0.03028785		
4.39		0.030244105		
4.395		0.030200471		
4.4		0.030156947		
4.405		0.030113534		
4.41		0.03007023		
4.415		0.030027037		
4.42		0.029983952		
4.425		0.029940976		
4.43		0.029898109		
4.435		0.029855349		
4.44		0.029812697		
4.445		0.029770153		
4.45		0.029727715		
4.455		0.029685383		
4.46		0.029643158		
4.465		0.029601038		
4.47		0.029559023		
4.475		0.029517114		
4.48		0.029475309		
4.485		0.029433608		
4.49		0.02939201		
4.495		0.029350517		
4.5		0.029309126		
4.505		0.029267838		
4.51		0.029226652		
4.515		0.029185569		
4.52		0.029144586		
4.525		0.029103705		
4.53		0.029062925		
4.535		0.029022246		
4.54		0.028981666		
4.545		0.028941187		
4.55		0.028900807		
4.555		0.028860526		
4.56		0.028820343		
4.565		0.028780259		
4.57		0.028740274		
4.575		0.028700385		
4.58		0.028660595		
4.585		0.028620901		
4.59		0.028581304		
4.595		0.028541803		
4.6		0.028502399		
4.605		0.02846309		
4.61		0.028423876		
4.615		0.028384758		
4.62		0.028345734		
4.625		0.028306804		
4.63		0.028267969		
4.635		0.028229227		
4.64		0.028190579		
4.645		0.028152024		
4.65		0.028113561		
4.655		0.028075191		
4.66		0.028036913		
4.665		0.027998727		
4.67		0.027960632		
4.675		0.027922629		
4.68		0.027884716		
4.685		0.027846894		
4.69		0.027809162		
4.695		0.02777152		
4.7		0.027733967		
4.705		0.027696504		
4.71		0.02765913		
4.715		0.027621845		
4.72		0.027584648		
4.725		0.027547539		
4.73		0.027510518		
4.735		0.027473584		
4.74		0.027436738		
4.745		0.027399978		
4.75		0.027363306		
4.755		0.027326719		
4.76		0.027290219		
4.765		0.027253804		
4.77		0.027217475		
4.775		0.027181231		
4.78		0.027145071		
4.785		0.027108997		
4.79		0.027073006		
4.795		0.0270371		
4.8		0.027001278		
4.805		0.026965538		
4.81		0.026929883		
4.815		0.02689431		
4.82		0.026858819		
4.825		0.026823411		
4.83		0.026788086		
4.835		0.026752842		
4.84		0.026717679		
4.845		0.026682598		
4.85		0.026647598		
4.855		0.026612678		
4.86		0.026577839		
4.865		0.02654308		
4.87		0.026508401		
4.875		0.026473802		
4.88		0.026439283		
4.885		0.026404842		
4.89		0.02637048		
4.895		0.026336197		
4.9		0.026301992		
4.905		0.026267866		
4.91		0.026233817		
4.915		0.026199846		
4.92		0.026165952		
4.925		0.026132136		
4.93		0.026098396		
4.935		0.026064733		
4.94		0.026031146		
4.945		0.025997635		
4.95		0.025964201		
4.955		0.025930841		
4.96		0.025897557		
4.965		0.025864349		
4.97		0.025831215		
4.975		0.025798156		
4.98		0.025765171		
4.985		0.02573226		
4.99		0.025699423		
4.995		0.02566666		
5		0.025633971		
5.005		0.025601354		
5.01		0.025568811		
5.015		0.02553634		
5.02		0.025503942		
5.025		0.025471616		
5.03		0.025439363		
5.035		0.025407181		
5.04		0.02537507		
5.045		0.025343031		
5.05		0.025311063		
5.055		0.025279166		
5.06		0.02524734		
5.065		0.025215584		
5.07		0.025183898		
5.075		0.025152283		
5.08		0.025120737		
5.085		0.02508926		
5.09		0.025057853		
5.095		0.025026516		
5.1		0.024995247		
5.105		0.024964047		
5.11		0.024932915		
5.115		0.024901851		
5.12		0.024870856		
5.125		0.024839928		
5.13		0.024809068		
5.135		0.024778276		
5.14		0.024747551		
5.145		0.024716892		
5.15		0.024686301		
5.155		0.024655776		
5.16		0.024625317		
5.165		0.024594924		
5.17		0.024564598		
5.175		0.024534337		
5.18		0.024504142		
5.185		0.024474012		
5.19		0.024443947		
5.195		0.024413947		
5.2		0.024384012		
5.205		0.024354142		
5.21		0.024324336		
5.215		0.024294594		
5.22		0.024264915		
5.225		0.024235301		
5.23		0.02420575		
5.235		0.024176263		
5.24		0.024146838		
5.245		0.024117477		
5.25		0.024088178		
5.255		0.024058942		
5.26		0.024029769		
5.265		0.024000657		
5.27		0.023971608		
5.275		0.02394262		
5.28		0.023913694		
5.285		0.02388483		
5.29		0.023856026		
5.295		0.023827284		
5.3		0.023798603		
5.305		0.023769982		
5.31		0.023741422		
5.315		0.023712922		
5.32		0.023684483		
5.325		0.023656103		
5.33		0.023627783		
5.335		0.023599523		
5.34		0.023571322		
5.345		0.02354318		
5.35		0.023515098		
5.355		0.023487074		
5.36		0.023459109		
5.365		0.023431203		
5.37		0.023403355		
5.375		0.023375565		
5.38		0.023347833		
5.385		0.023320159		
5.39		0.023292542		
5.395		0.023264984		
5.4		0.023237482		
5.405		0.023210038		
5.41		0.02318265		
5.415		0.02315532		
5.42		0.023128046		
5.425		0.023100828		
5.43		0.023073667		
5.435		0.023046562		
5.44		0.023019513		
5.445		0.02299252		
5.45		0.022965582		
5.455		0.0229387		
5.46		0.022911873		
5.465		0.022885102		
5.47		0.022858385		
5.475		0.022831723		
5.48		0.022805116		
5.485		0.022778563		
5.49		0.022752065		
5.495		0.022725621		
5.5		0.022699231		
5.505		0.022672895		
5.51		0.022646612		
5.515		0.022620383		
5.52		0.022594208		
5.525		0.022568086		
5.53		0.022542016		
5.535		0.022516		
5.54		0.022490037		
5.545		0.022464126		
5.55		0.022438268		
5.555		0.022412461		
5.56		0.022386708		
5.565		0.022361006		
5.57		0.022335356		
5.575		0.022309758		
5.58		0.022284211		
5.585		0.022258716		
5.59		0.022233272		
5.595		0.022207879		
5.6		0.022182537		
5.605		0.022157246		
5.61		0.022132006		
5.615		0.022106816		
5.62		0.022081676		
5.625		0.022056587		
5.63		0.022031548		
5.635		0.022006559		
5.64		0.02198162		
5.645		0.02195673		
5.65		0.02193189		
5.655		0.021907099		
5.66		0.021882358		
5.665		0.021857666		
5.67		0.021833022		
5.675		0.021808428		
5.68		0.021783882		
5.685		0.021759385		
5.69		0.021734936		
5.695		0.021710536		
5.7		0.021686183		
5.705		0.021661879		
5.71		0.021637623		
5.715		0.021613414		
5.72		0.021589253		
5.725		0.021565139		
5.73		0.021541073		
5.735		0.021517054		
5.74		0.021493082		
5.745		0.021469157		
5.75		0.021445279		
5.755		0.021421447		
5.76		0.021397662		
5.765		0.021373923		
5.77		0.021350231		
5.775		0.021326585		
5.78		0.021302985		
5.785		0.021279431		
5.79		0.021255922		
5.795		0.021232459		
5.8		0.021209042		
5.805		0.02118567		
5.81		0.021162344		
5.815		0.021139062		
5.82		0.021115826		
5.825		0.021092634		
5.83		0.021069487		
5.835		0.021046385		
5.84		0.021023328		
5.845		0.021000314		
5.85		0.020977346		
5.855		0.020954421		
5.86		0.02093154		
5.865		0.020908703		
5.87		0.02088591		
5.875		0.020863161		
5.88		0.020840455		
5.885		0.020817793		
5.89		0.020795173		
5.895		0.020772598		
5.9		0.020750065		
5.905		0.020727575		
5.91		0.020705128		
5.915		0.020682724		
5.92		0.020660362		
5.925		0.020638043		
5.93		0.020615766		
5.935		0.020593532		
5.94		0.020571339		
5.945		0.020549189		
5.95		0.02052708		
5.955		0.020505014		
5.96		0.020482989		
5.965		0.020461005		
5.97		0.020439064		
5.975		0.020417163		
5.98		0.020395304		
5.985		0.020373486		
5.99		0.020351708		
5.995		0.020329972		
6		0.020308277		
6.005		0.020286622		
6.01		0.020265008		
6.015		0.020243434		
6.02		0.020221901		
6.025		0.020200408		
6.03		0.020178955		
6.035		0.020157542		
6.04		0.020136169		
6.045		0.020114836		
6.05		0.020093542		
6.055		0.020072289		
6.06		0.020051074		
6.065		0.020029899		
6.07		0.020008764		
6.075		0.019987668		
6.08		0.01996661		
6.085		0.019945592		
6.09		0.019924613		
6.095		0.019903672		
6.1		0.01988277		
6.105		0.019861907		
6.11		0.019841082		
6.115		0.019820295		
6.12		0.019799547		
6.125		0.019778837		
6.13		0.019758165		
6.135		0.019737531		
6.14		0.019716935		
6.145		0.019696376		
6.15		0.019675855		
6.155		0.019655372		
6.16		0.019634926		
6.165		0.019614518		
6.17		0.019594147		
6.175		0.019573813		
6.18		0.019553516		
6.185		0.019533257		
6.19		0.019513034		
6.195		0.019492848		
6.2		0.019472698		
6.205		0.019452585		
6.21		0.019432509		
6.215		0.019412469		
6.22		0.019392466		
6.225		0.019372498		
6.23		0.019352567		
6.235		0.019332672		
6.24		0.019312813		
6.245		0.019292989		
6.25		0.019273202		
6.255		0.01925345		
6.26		0.019233733		
6.265		0.019214052		
6.27		0.019194407		
6.275		0.019174797		
6.28		0.019155222		
6.285		0.019135682		
6.29		0.019116177		
6.295		0.019096707		
6.3		0.019077272		
6.305		0.019057871		
6.31		0.019038506		
6.315		0.019019175		
6.32		0.018999878		
6.325		0.018980616		
6.33		0.018961388		
6.335		0.018942194		
6.34		0.018923035		
6.345		0.018903909		
6.35		0.018884818		
6.355		0.01886576		
6.36		0.018846736		
6.365		0.018827746		
6.37		0.01880879		
6.375		0.018789867		
6.38		0.018770977		
6.385		0.018752121		
6.39		0.018733299		
6.395		0.018714509		
6.4		0.018695752		
6.405		0.018677029		
6.41		0.018658338		
6.415		0.018639681		
6.42		0.018621056		
6.425		0.018602464		
6.43		0.018583904		
6.435		0.018565377		
6.44		0.018546883		
6.445		0.01852842		
6.45		0.01850999		
6.455		0.018491593		
6.46		0.018473227		
6.465		0.018454894		
6.47		0.018436592		
6.475		0.018418323		
6.48		0.018400085		
6.485		0.018381879		
6.49		0.018363704		
6.495		0.018345561		
6.5		0.01832745		
6.505		0.01830937		
6.51		0.018291321		
6.515		0.018273304		
6.52		0.018255318		
6.525		0.018237363		
6.53		0.018219439		
6.535		0.018201546		
6.54		0.018183683		
6.545		0.018165852		
6.55		0.018148051		
6.555		0.018130281		
6.56		0.018112542		
6.565		0.018094833		
6.57		0.018077154		
6.575		0.018059506		
6.58		0.018041888		
6.585		0.018024301		
6.59		0.018006743		
6.595		0.017989215		
6.6		0.017971718		
6.605		0.01795425		
6.61		0.017936812		
6.615		0.017919404		
6.62		0.017902026		
6.625		0.017884677		
6.63		0.017867358		
6.635		0.017850068		
6.64		0.017832808		
6.645		0.017815577		
6.65		0.017798375		
6.655		0.017781203		
6.66		0.017764059		
6.665		0.017746945		
6.67		0.017729859		
6.675		0.017712803		
6.68		0.017695775		
6.685		0.017678776		
6.69		0.017661806		
6.695		0.017644864		
6.7		0.017627951		
6.705		0.017611066		
6.71		0.01759421		
6.715		0.017577382		
6.72		0.017560582		
6.725		0.017543811		
6.73		0.017527068		
6.735		0.017510353		
6.74		0.017493666		
6.745		0.017477006		
6.75		0.017460375		
6.755		0.017443771		
6.76		0.017427196		
6.765		0.017410648		
6.77		0.017394127		
6.775		0.017377634		
6.78		0.017361169		
6.785		0.017344731		
6.79		0.01732832		
6.795		0.017311936		
6.8		0.01729558		
6.805		0.017279251		
6.81		0.017262949		
6.815		0.017246674		
6.82		0.017230426		
6.825		0.017214205		
6.83		0.017198011		
6.835		0.017181843		
6.84		0.017165702		
6.845		0.017149588		
6.85		0.0171335		
6.855		0.017117439		
6.86		0.017101405		
6.865		0.017085396		
6.87		0.017069414		
6.875		0.017053459		
6.88		0.017037529		
6.885		0.017021626		
6.89		0.017005749		
6.895		0.016989898		
6.9		0.016974072		
6.905		0.016958273		
6.91		0.016942499		
6.915		0.016926752		
6.92		0.01691103		
6.925		0.016895333		
6.93		0.016879662		
6.935		0.016864017		
6.94		0.016848397		
6.945		0.016832803		
6.95		0.016817234		
6.955		0.01680169		
6.96		0.016786172		
6.965		0.016770679		
6.97		0.016755211		
6.975		0.016739767		
6.98		0.016724349		
6.985		0.016708956		
6.99		0.016693588		
6.995		0.016678245		
7		0.016662926		
7.005		0.016647632		
7.01		0.016632363		
7.015		0.016617118		
7.02		0.016601898		
7.025		0.016586702		
7.03		0.016571531		
7.035		0.016556384		
7.04		0.016541262		
7.045		0.016526164		
7.05		0.01651109		
7.055		0.01649604		
7.06		0.016481014		
7.065		0.016466012		
7.07		0.016451035		
7.075		0.016436081		
7.08		0.016421151		
7.085		0.016406245		
7.09		0.016391363		
7.095		0.016376504		
7.1		0.016361669		
7.105		0.016346858		
7.11		0.01633207		
7.115		0.016317306		
7.12		0.016302565		
7.125		0.016287848		
7.13		0.016273153		
7.135		0.016258483		
7.14		0.016243835		
7.145		0.016229211		
7.15		0.016214609		
7.155		0.016200031		
7.16		0.016185476		
7.165		0.016170944		
7.17		0.016156435		
7.175		0.016141948		
7.18		0.016127485		
7.185		0.016113044		
7.19		0.016098626		
7.195		0.016084231		
7.2		0.016069858		
7.205		0.016055507		
7.21		0.01604118		
7.215		0.016026874		
7.22		0.016012592		
7.225		0.015998331		
7.23		0.015984093		
7.235		0.015969877		
7.24		0.015955683		
7.245		0.015941512		
7.25		0.015927362		
7.255		0.015913235		
7.26		0.01589913		
7.265		0.015885046		
7.27		0.015870985		
7.275		0.015856945		
7.28		0.015842927		
7.285		0.015828931		
7.29		0.015814957		
7.295		0.015801004		
7.3		0.015787073		
7.305		0.015773164		
7.31		0.015759276		
7.315		0.015745409		
7.32		0.015731564		
7.325		0.015717741		
7.33		0.015703938		
7.335		0.015690158		
7.34		0.015676398		
7.345		0.015662659		
7.35		0.015648942		
7.355		0.015635246		
7.36		0.01562157		
7.365		0.015607916		
7.37		0.015594283		
7.375		0.01558067		
7.38		0.015567079		
7.385		0.015553508		
7.39		0.015539958		
7.395		0.015526429		
7.4		0.015512921		
7.405		0.015499433		
7.41		0.015485966		
7.415		0.015472519		
7.42		0.015459093		
7.425		0.015445687		
7.43		0.015432302		
7.435		0.015418937		
7.44		0.015405593		
7.445		0.015392269		
7.45		0.015378965		
7.455		0.015365681		
7.46		0.015352417		
7.465		0.015339174		
7.47		0.01532595		
7.475		0.015312747		
7.48		0.015299563		
7.485		0.0152864		
7.49		0.015273256		
7.495		0.015260132		
7.5		0.015247028		
7.505		0.015233944		
7.51		0.01522088		
7.515		0.015207835		
7.52		0.01519481		
7.525		0.015181804		
7.53		0.015168818		
7.535		0.015155851		
7.54		0.015142904		
7.545		0.015129977		
7.55		0.015117069		
7.555		0.01510418		
7.56		0.01509131		
7.565		0.01507846		
7.57		0.015065629		
7.575		0.015052817		
7.58		0.015040024		
7.585		0.01502725		
7.59		0.015014496		
7.595		0.01500176		
7.6		0.014989043		
7.605		0.014976346		
7.61		0.014963667		
7.615		0.014951007		
7.62		0.014938366		
7.625		0.014925743		
7.63		0.01491314		
7.635		0.014900555		
7.64		0.014887988		
7.645		0.014875441		
7.65		0.014862912		
7.655		0.014850401		
7.66		0.014837909		
7.665		0.014825435		
7.67		0.01481298		
7.675		0.014800543		
7.68		0.014788125		
7.685		0.014775725		
7.69		0.014763343		
7.695		0.014750979		
7.7		0.014738634		
7.705		0.014726306		
7.71		0.014713997		
7.715		0.014701706		
7.72		0.014689433		
7.725		0.014677178		
7.73		0.014664941		
7.735		0.014652721		
7.74		0.01464052		
7.745		0.014628336		
7.75		0.014616171		
7.755		0.014604023		
7.76		0.014591892		
7.765		0.01457978		
7.77		0.014567685		
7.775		0.014555608		
7.78		0.014543548		
7.785		0.014531506		
7.79		0.014519481		
7.795		0.014507474		
7.8		0.014495485		
7.805		0.014483512		
7.81		0.014471558		
7.815		0.01445962		
7.82		0.0144477		
7.825		0.014435797		
7.83		0.014423911		
7.835		0.014412042		
7.84		0.014400191		
7.845		0.014388357		
7.85		0.014376539		
7.855		0.014364739		
7.86		0.014352956		
7.865		0.01434119		
7.87		0.01432944		
7.875		0.014317708		
7.88		0.014305993		
7.885		0.014294294		
7.89		0.014282612		
7.895		0.014270947		
7.9		0.014259299		
7.905		0.014247667		
7.91		0.014236052		
7.915		0.014224454		
7.92		0.014212872		
7.925		0.014201307		
7.93		0.014189758		
7.935		0.014178226		
7.94		0.01416671		
7.945		0.014155211		
7.95		0.014143728		
7.955		0.014132261		
7.96		0.014120811		
7.965		0.014109377		
7.97		0.014097959		
7.975		0.014086558		
7.98		0.014075173		
7.985		0.014063804		
7.99		0.014052451		
7.995		0.014041114		
8		0.014029793		
8.005		0.014018488		
8.01		0.0140072		
8.015		0.013995927		
8.02		0.01398467		
8.025		0.013973429		
8.03		0.013962204		
8.035		0.013950995		
8.04		0.013939801		
8.045		0.013928624		
8.05		0.013917462		
8.055		0.013906315		
8.06		0.013895185		
8.065		0.01388407		
8.07		0.013872971		
8.075		0.013861887		
8.08		0.013850819		
8.085		0.013839766		
8.09		0.013828729		
8.095		0.013817707		
8.1		0.013806701		
8.105		0.01379571		
8.11		0.013784735		
8.115		0.013773775		
8.12		0.01376283		
8.125		0.0137519		
8.13		0.013740986		
8.135		0.013730087		
8.14		0.013719203		
8.145		0.013708334		
8.15		0.01369748		
8.155		0.013686642		
8.16		0.013675818		
8.165		0.01366501		
8.17		0.013654216		
8.175		0.013643438		
8.18		0.013632674		
8.185		0.013621926		
8.19		0.013611192		
8.195		0.013600473		
8.2		0.013589769		
8.205		0.01357908		
8.21		0.013568405		
8.215		0.013557745		
8.22		0.0135471		
8.225		0.01353647		
8.23		0.013525854		
8.235		0.013515253		
8.24		0.013504667		
8.245		0.013494095		
8.25		0.013483537		
8.255		0.013472994		
8.26		0.013462466		
8.265		0.013451952		
8.27		0.013441452		
8.275		0.013430967		
8.28		0.013420496		
8.285		0.01341004		
8.29		0.013399597		
8.295		0.01338917		
8.3		0.013378756		
8.305		0.013368356		
8.31		0.013357971		
8.315		0.0133476		
8.32		0.013337243		
8.325		0.0133269		
8.33		0.013316572		
8.335		0.013306257		
8.34		0.013295956		
8.345		0.01328567		
8.35		0.013275397		
8.355		0.013265138		
8.36		0.013254894		
8.365		0.013244663		
8.37		0.013234446		
8.375		0.013224243		
8.38		0.013214053		
8.385		0.013203878		
8.39		0.013193716		
8.395		0.013183568		
8.4		0.013173433		
8.405		0.013163313		
8.41		0.013153206		
8.415		0.013143112		
8.42		0.013133032		
8.425		0.013122966		
8.43		0.013112913		
8.435		0.013102874		
8.44		0.013092849		
8.445		0.013082836		
8.45		0.013072838		
8.455		0.013062852		
8.46		0.01305288		
8.465		0.013042922		
8.47		0.013032977		
8.475		0.013023045		
8.48		0.013013126		
8.485		0.013003221		
8.49		0.012993329		
8.495		0.01298345		
8.5		0.012973584		
8.505		0.012963731		
8.51		0.012953892		
8.515		0.012944066		
8.52		0.012934253		
8.525		0.012924452		
8.53		0.012914665		
8.535		0.012904891		
8.54		0.01289513		
8.545		0.012885382		
8.55		0.012875647		
8.555		0.012865925		
8.56		0.012856215		
8.565		0.012846519		
8.57		0.012836835		
8.575		0.012827164		
8.58		0.012817506		
8.585		0.012807861		
8.59		0.012798228		
8.595		0.012788608		
8.6		0.012779001		
8.605		0.012769407		
8.61		0.012759825		
8.615		0.012750256		
8.62		0.012740699		
8.625		0.012731155		
8.63		0.012721624		
8.635		0.012712105		
8.64		0.012702599		
8.645		0.012693105		
8.65		0.012683623		
8.655		0.012674154		
8.66		0.012664698		
8.665		0.012655253		
8.67		0.012645822		
8.675		0.012636402		
8.68		0.012626995		
8.685		0.0126176		
8.69		0.012608217		
8.695		0.012598847		
8.7		0.012589489		
8.705		0.012580143		
8.71		0.012570809		
8.715		0.012561488		
8.72		0.012552178		
8.725		0.012542881		
8.73		0.012533596		
8.735		0.012524323		
8.74		0.012515061		
8.745		0.012505812		
8.75		0.012496575		
8.755		0.01248735		
8.76		0.012478137		
8.765		0.012468936		
8.77		0.012459746		
8.775		0.012450569		
8.78		0.012441404		
8.785		0.01243225		
8.79		0.012423108		
8.795		0.012413978		
8.8		0.01240486		
8.805		0.012395753		
8.81		0.012386658		
8.815		0.012377575		
8.82		0.012368504		
8.825		0.012359444		
8.83		0.012350396		
8.835		0.01234136		
8.84		0.012332335		
8.845		0.012323322		
8.85		0.01231432		
8.855		0.01230533		
8.86		0.012296351		
8.865		0.012287384		
8.87		0.012278429		
8.875		0.012269485		
8.88		0.012260552		
8.885		0.012251631		
8.89		0.012242721		
8.895		0.012233822		
8.9		0.012224935		
8.905		0.012216059		
8.91		0.012207195		
8.915		0.012198342		
8.92		0.0121895		
8.925		0.012180669		
8.93		0.01217185		
8.935		0.012163042		
8.94		0.012154245		
8.945		0.012145459		
8.95		0.012136684		
8.955		0.01212792		
8.96		0.012119168		
8.965		0.012110427		
8.97		0.012101696		
8.975		0.012092977		
8.98		0.012084269		
8.985		0.012075572		
8.99		0.012066886		
8.995		0.01205821		
9		0.012049546		
9.005		0.012040893		
9.01		0.01203225		
9.015		0.012023619		
9.02		0.012014998		
9.025		0.012006388		
9.03		0.011997789		
9.035		0.011989201		
9.04		0.011980624		
9.045		0.011972057		
9.05		0.011963501		
9.055		0.011954956		
9.06		0.011946422		
9.065		0.011937898		
9.07		0.011929385		
9.075		0.011920883		
9.08		0.011912391		
9.085		0.01190391		
9.09		0.011895439		
9.095		0.011886979		
9.1		0.01187853		
9.105		0.011870091		
9.11		0.011861663		
9.115		0.011853245		
9.12		0.011844838		
9.125		0.011836441		
9.13		0.011828055		
9.135		0.011819679		
9.14		0.011811313		
9.145		0.011802958		
9.15		0.011794613		
9.155		0.011786279		
9.16		0.011777955		
9.165		0.011769641		
9.17		0.011761338		
9.175		0.011753045		
9.18		0.011744762		
9.185		0.011736489		
9.19		0.011728227		
9.195		0.011719975		
9.2		0.011711733		
9.205		0.011703501		
9.21		0.011695279		
9.215		0.011687068		
9.22		0.011678866		
9.225		0.011670675		
9.23		0.011662494		
9.235		0.011654323		
9.24		0.011646162		
9.245		0.011638011		
9.25		0.01162987		
9.255		0.011621739		
9.26		0.011613618		
9.265		0.011605506		
9.27		0.011597405		
9.275		0.011589314		
9.28		0.011581233		
9.285		0.011573161		
9.29		0.0115651		
9.295		0.011557048		
9.3		0.011549007		
9.305		0.011540975		
9.31		0.011532952		
9.315		0.01152494		
9.32		0.011516937		
9.325		0.011508944		
9.33		0.011500961		
9.335		0.011492988		
9.34		0.011485024		
9.345		0.01147707		
9.35		0.011469126		
9.355		0.011461191		
9.36		0.011453266		
9.365		0.011445351		
9.37		0.011437445		
9.375		0.011429549		
9.38		0.011421662		
9.385		0.011413785		
9.39		0.011405917		
9.395		0.011398059		
9.4		0.011390211		
9.405		0.011382372		
9.41		0.011374542		
9.415		0.011366722		
9.42		0.011358912		
9.425		0.01135111		
9.43		0.011343318		
9.435		0.011335536		
9.44		0.011327763		
9.445		0.011319999		
9.45		0.011312245		
9.455		0.0113045		
9.46		0.011296764		
9.465		0.011289038		
9.47		0.01128132		
9.475		0.011273612		
9.48		0.011265914		
9.485		0.011258224		
9.49		0.011250544		
9.495		0.011242873		
9.5		0.011235211		
9.505		0.011227559		
9.51		0.011219915		
9.515		0.011212281		
9.52		0.011204655		
9.525		0.011197039		
9.53		0.011189432		
9.535		0.011181834		
9.54		0.011174245		
9.545		0.011166665		
9.55		0.011159095		
9.555		0.011151533		
9.56		0.01114398		
9.565		0.011136436		
9.57		0.011128901		
9.575		0.011121375		
9.58		0.011113858		
9.585		0.01110635		
9.59		0.011098851		
9.595		0.01109136		
9.6		0.011083879		
9.605		0.011076406		
9.61		0.011068943		
9.615		0.011061488		
9.62		0.011054042		
9.625		0.011046604		
9.63		0.011039176		
9.635		0.011031756		
9.64		0.011024345		
9.645		0.011016943		
9.65		0.011009549		
9.655		0.011002165		
9.66		0.010994789		
9.665		0.010987421		
9.67		0.010980062		
9.675		0.010972712		
9.68		0.010965371		
9.685		0.010958038		
9.69		0.010950714		
9.695		0.010943398		
9.7		0.010936091		
9.705		0.010928793		
9.71		0.010921503		
9.715		0.010914221		
9.72		0.010906948		
9.725		0.010899684		
9.73		0.010892428		
9.735		0.010885181		
9.74		0.010877942		
9.745		0.010870711		
9.75		0.010863489		
9.755		0.010856276		
9.76		0.01084907		
9.765		0.010841874		
9.77		0.010834685		
9.775		0.010827505		
9.78		0.010820333		
9.785		0.01081317		
9.79		0.010806015		
9.795		0.010798868		
9.8		0.01079173		
9.805		0.0107846		
9.81		0.010777478		
9.815		0.010770364		
9.82		0.010763259		
9.825		0.010756162		
9.83		0.010749073		
9.835		0.010741992		
9.84		0.01073492		
9.845		0.010727855		
9.85		0.010720799		
9.855		0.010713751		
9.86		0.010706711		
9.865		0.010699679		
9.87		0.010692655		
9.875		0.01068564		
9.88		0.010678632		
9.885		0.010671633		
9.89		0.010664641		
9.895		0.010657658		
9.9		0.010650683		
9.905		0.010643715		
9.91		0.010636756		
9.915		0.010629805		
9.92		0.010622861		
9.925		0.010615926		
9.93		0.010608999		
9.935		0.010602079		
9.94		0.010595168		
9.945		0.010588264		
9.95		0.010581368		
9.955		0.01057448		
9.96		0.0105676		
9.965		0.010560728		
9.97		0.010553864		
9.975		0.010547007		
9.98		0.010540159		
9.985		0.010533318		
9.99		0.010526485		
9.995		0.010519659		
10		0.010512842		
10.005		0.010506032		
10.01		0.01049923		
10.015		0.010492436		
10.02		0.010485649		
10.025		0.01047887		
10.03		0.010472099		
10.035		0.010465336		
10.04		0.01045858		
10.045		0.010451832		
10.05		0.010445091		
10.055		0.010438358		
10.06		0.010431633		
10.065		0.010424916		
10.07		0.010418205		
10.075		0.010411503		
10.08		0.010404808		
10.085		0.010398121		
10.09		0.010391441		
10.095		0.010384769		
10.1		0.010378104		
10.105		0.010371447		
10.11		0.010364797		
10.115		0.010358155		
10.12		0.01035152		
10.125		0.010344893		
10.13		0.010338273		
10.135		0.01033166		
10.14		0.010325055		
10.145		0.010318458		
10.15		0.010311867		
10.155		0.010305285		
10.16		0.010298709		
10.165		0.010292141		
10.17		0.01028558		
10.175		0.010279027		
10.18		0.010272481		
10.185		0.010265942		
10.19		0.010259411		
10.195		0.010252887		
10.2		0.01024637		
10.205		0.01023986		
10.21		0.010233358		
10.215		0.010226863		
10.22		0.010220375		
10.225		0.010213894		
10.23		0.010207421		
10.235		0.010200955		
10.24		0.010194496		
10.245		0.010188044		
10.25		0.010181599		
10.255		0.010175162		
10.26		0.010168732		
10.265		0.010162308		
10.27		0.010155892		
10.275		0.010149483		
10.28		0.010143081		
10.285		0.010136687		
10.29		0.010130299		
10.295		0.010123918		
10.3		0.010117545		
10.305		0.010111178		
10.31		0.010104819		
10.315		0.010098466		
10.32		0.010092121		
10.325		0.010085782		
10.33		0.010079451		
10.335		0.010073126		
10.34		0.010066808		
10.345		0.010060498		
10.35		0.010054194		
10.355		0.010047897		
10.36		0.010041608		
10.365		0.010035325		
10.37		0.010029049		
10.375		0.01002278		
10.38		0.010016517		
10.385		0.010010262		
10.39		0.010004014		
10.395		0.009997772		
10.4		0.0099915372		
10.405		0.0099853092		
10.41		0.009979088		
10.415		0.0099728737		
10.42		0.0099666661		
10.425		0.0099604653		
10.43		0.0099542713		
10.435		0.009948084		
10.44		0.0099419035		
10.445		0.0099357297		
10.45		0.0099295627		
10.455		0.0099234024		
10.46		0.0099172488		
10.465		0.0099111019		
10.47		0.0099049616		
10.475		0.0098988281		
10.48		0.0098927012		
10.485		0.009886581		
10.49		0.0098804674		
10.495		0.0098743605		
10.5		0.0098682602		
10.505		0.0098621665		
10.51		0.0098560794		
10.515		0.0098499989		
10.52		0.009843925		
10.525		0.0098378576		
10.53		0.0098317969		
10.535		0.0098257426		
10.54		0.009819695		
10.545		0.0098136538		
10.55		0.0098076192		
10.555		0.0098015911		
10.56		0.0097955695		
10.565		0.0097895544		
10.57		0.0097835458		
10.575		0.0097775436		
10.58		0.0097715479		
10.585		0.0097655587		
10.59		0.0097595759		
10.595		0.0097535996		
10.6		0.0097476296		
10.605		0.0097416661		
10.61		0.009735709		
10.615		0.0097297583		
10.62		0.009723814		
10.625		0.009717876		
10.63		0.0097119444		
10.635		0.0097060192		
10.64		0.0097001003		
10.645		0.0096941877		
10.65		0.0096882815		
10.655		0.0096823816		
10.66		0.009676488		
10.665		0.0096706007		
10.67		0.0096647196		
10.675		0.0096588449		
10.68		0.0096529764		
10.685		0.0096471142		
10.69		0.0096412582		
10.695		0.0096354085		
10.7		0.009629565		
10.705		0.0096237277		
10.71		0.0096178967		
10.715		0.0096120718		
10.72		0.0096062531		
10.725		0.0096004406		
10.73		0.0095946343		
10.735		0.0095888342		
10.74		0.0095830402		
10.745		0.0095772523		
10.75		0.0095714706		
10.755		0.009565695		
10.76		0.0095599255		
10.765		0.0095541622		
10.77		0.0095484049		
10.775		0.0095426537		
10.78		0.0095369086		
10.785		0.0095311696		
10.79		0.0095254366		
10.795		0.0095197097		
10.8		0.0095139889		
10.805		0.009508274		
10.81		0.0095025652		
10.815		0.0094968624		
10.82		0.0094911657		
10.825		0.0094854749		
10.83		0.0094797901		
10.835		0.0094741113		
10.84		0.0094684384		
10.845		0.0094627715		
10.85		0.0094571106		
10.855		0.0094514556		
10.86		0.0094458066		
10.865		0.0094401635		
10.87		0.0094345262		
10.875		0.009428895		
10.88		0.0094232696		
10.885		0.0094176501		
10.89		0.0094120364		
10.895		0.0094064287		
10.9		0.0094008268		
10.905		0.0093952308		
10.91		0.0093896406		
10.915		0.0093840562		
10.92		0.0093784777		
10.925		0.009372905		
10.93		0.0093673381		
10.935		0.0093617771		
10.94		0.0093562218		
10.945		0.0093506723		
10.95		0.0093451286		
10.955		0.0093395906		
10.96		0.0093340584		
10.965		0.009328532		
10.97		0.0093230113		
10.975		0.0093174963		
10.98		0.0093119871		
10.985		0.0093064836		
10.99		0.0093009858		
10.995		0.0092954937		
11		0.0092900073		
11.005		0.0092845265		
11.01		0.0092790515		
11.015		0.0092735821		
11.02		0.0092681183		
11.025		0.0092626603		
11.03		0.0092572078		
11.035		0.009251761		
11.04		0.0092463198		
11.045		0.0092408843		
11.05		0.0092354543		
11.055		0.00923003		
11.06		0.0092246112		
11.065		0.009219198		
11.07		0.0092137904		
11.075		0.0092083884		
11.08		0.0092029919		
11.085		0.009197601		
11.09		0.0091922156		
11.095		0.0091868358		
11.1		0.0091814614		
11.105		0.0091760926		
11.11		0.0091707294		
11.115		0.0091653716		
11.12		0.0091600193		
11.125		0.0091546725		
11.13		0.0091493311		
11.135		0.0091439953		
11.14		0.0091386649		
11.145		0.0091333399		
11.15		0.0091280204		
11.155		0.0091227063		
11.16		0.0091173977		
11.165		0.0091120945		
11.17		0.0091067967		
11.175		0.0091015043		
11.18		0.0090962173		
11.185		0.0090909357		
11.19		0.0090856595		
11.195		0.0090803887		
11.2		0.0090751232		
11.205		0.0090698631		
11.21		0.0090646083		
11.215		0.0090593589		
11.22		0.0090541148		
11.225		0.009048876		
11.23		0.0090436426		
11.235		0.0090384145		
11.24		0.0090331916		
11.245		0.0090279741		
11.25		0.0090227619		
11.255		0.0090175549		
11.26		0.0090123532		
11.265		0.0090071568		
11.27		0.0090019657		
11.275		0.0089967798		
11.28		0.0089915991		
11.285		0.0089864237		
11.29		0.0089812535		
11.295		0.0089760885		
11.3		0.0089709287		
11.305		0.0089657742		
11.31		0.0089606248		
11.315		0.0089554807		
11.32		0.0089503417		
11.325		0.0089452079		
11.33		0.0089400792		
11.335		0.0089349558		
11.34		0.0089298374		
11.345		0.0089247242		
11.35		0.0089196162		
11.355		0.0089145133		
11.36		0.0089094155		
11.365		0.0089043228		
11.37		0.0088992353		
11.375		0.0088941528		
11.38		0.0088890755		
11.385		0.0088840032		
11.39		0.008878936		
11.395		0.0088738739		
11.4		0.0088688168		
11.405		0.0088637648		
11.41		0.0088587179		
11.415		0.008853676		
11.42		0.0088486391		
11.425		0.0088436072		
11.43		0.0088385804		
11.435		0.0088335586		
11.44		0.0088285418		
11.445		0.00882353		
11.45		0.0088185232		
11.455		0.0088135214		
11.46		0.0088085246		
11.465		0.0088035327		
11.47		0.0087985458		
11.475		0.0087935639		
11.48		0.0087885869		
11.485		0.0087836148		
11.49		0.0087786477		
11.495		0.0087736856		
11.5		0.0087687283		
11.505		0.008763776		
11.51		0.0087588285		
11.515		0.008753886		
11.52		0.0087489484		
11.525		0.0087440156		
11.53		0.0087390877		
11.535		0.0087341648		
11.54		0.0087292466		
11.545		0.0087243334		
11.55		0.008719425		
11.555		0.0087145214		
11.56		0.0087096227		
11.565		0.0087047288		
11.57		0.0086998397		
11.575		0.0086949555		
11.58		0.008690076		
11.585		0.0086852014		
11.59		0.0086803316		
11.595		0.0086754666		
11.6		0.0086706063		
11.605		0.0086657508		
11.61		0.0086609001		
11.615		0.0086560542		
11.62		0.008651213		
11.625		0.0086463766		
11.63		0.0086415449		
11.635		0.008636718		
11.64		0.0086318958		
11.645		0.0086270783		
11.65		0.0086222655		
11.655		0.0086174575		
11.66		0.0086126541		
11.665		0.0086078555		
11.67		0.0086030615		
11.675		0.0085982723		
11.68		0.0085934877		
11.685		0.0085887078		
11.69		0.0085839325		
11.695		0.0085791619		
11.7		0.008574396		
11.705		0.0085696347		
11.71		0.0085648781		
11.715		0.008560126		
11.72		0.0085553787		
11.725		0.0085506359		
11.73		0.0085458977		
11.735		0.0085411642		
11.74		0.0085364352		
11.745		0.0085317109		
11.75		0.0085269911		
11.755		0.0085222759		
11.76		0.0085175653		
11.765		0.0085128593		
11.77		0.0085081578		
11.775		0.0085034609		
11.78		0.0084987686		
11.785		0.0084940808		
11.79		0.0084893975		
11.795		0.0084847187		
11.8		0.0084800445		
11.805		0.0084753748		
11.81		0.0084707096		
11.815		0.0084660489		
11.82		0.0084613927		
11.825		0.0084567411		
11.83		0.0084520939		
11.835		0.0084474511		
11.84		0.0084428129		
11.845		0.0084381791		
11.85		0.0084335498		
11.855		0.008428925		
11.86		0.0084243046		
11.865		0.0084196886		
11.87		0.0084150771		
11.875		0.00841047		
11.88		0.0084058673		
11.885		0.0084012691		
11.89		0.0083966753		
11.895		0.0083920859		
11.9		0.0083875008		
11.905		0.0083829202		
11.91		0.008378344		
11.915		0.0083737722		
11.92		0.0083692047		
11.925		0.0083646416		
11.93		0.0083600829		
11.935		0.0083555285		
11.94		0.0083509785		
11.945		0.0083464328		
11.95		0.0083418915		
11.955		0.0083373545		
11.96		0.0083328219		
11.965		0.0083282935		
11.97		0.0083237695		
11.975		0.0083192498		
11.98		0.0083147344		
11.985		0.0083102234		
11.99		0.0083057166		
11.995		0.0083012141		
12		0.0082967158		
12.005		0.0082922219		
12.01		0.0082877322		
12.015		0.0082832468		
12.02		0.0082787657		
12.025		0.0082742888		
12.03		0.0082698161		
12.035		0.0082653477		
12.04		0.0082608836		
12.045		0.0082564236		
12.05		0.0082519679		
12.055		0.0082475165		
12.06		0.0082430692		
12.065		0.0082386261		
12.07		0.0082341873		
12.075		0.0082297526		
12.08		0.0082253221		
12.085		0.0082208958		
12.09		0.0082164737		
12.095		0.0082120558		
12.1		0.008207642		
12.105		0.0082032324		
12.11		0.008198827		
12.115		0.0081944257		
12.12		0.0081900286		
12.125		0.0081856356		
12.13		0.0081812467		
12.135		0.008176862		
12.14		0.0081724814		
12.145		0.0081681049		
12.15		0.0081637325		
12.155		0.0081593642		
12.16		0.008155		
12.165		0.00815064		
12.17		0.008146284		
12.175		0.0081419321		
12.18		0.0081375843		
12.185		0.0081332405		
12.19		0.0081289008		
12.195		0.0081245652		
12.2		0.0081202337		
12.205		0.0081159062		
12.21		0.0081115827		
12.215		0.0081072633		
12.22		0.0081029479		
12.225		0.0080986366		
12.23		0.0080943293		
12.235		0.008090026		
12.24		0.0080857267		
12.245		0.0080814314		
12.25		0.0080771401		
12.255		0.0080728529		
12.26		0.0080685696		
12.265		0.0080642903		
12.27		0.008060015		
12.275		0.0080557437		
12.28		0.0080514763		
12.285		0.0080472129		
12.29		0.0080429535		
12.295		0.008038698		
12.3		0.0080344465		
12.305		0.0080301989		
12.31		0.0080259553		
12.315		0.0080217156		
12.32		0.0080174798		
12.325		0.008013248		
12.33		0.0080090201		
12.335		0.0080047961		
12.34		0.008000576		
12.345		0.0079963598		
12.35		0.0079921475		
12.355		0.0079879391		
12.36		0.0079837346		
12.365		0.0079795339		
12.37		0.0079753372		
12.375		0.0079711443		
12.38		0.0079669553		
12.385		0.0079627701		
12.39		0.0079585889		
12.395		0.0079544114		
12.4		0.0079502378		
12.405		0.0079460681		
12.41		0.0079419022		
12.415		0.0079377401		
12.42		0.0079335819		
12.425		0.0079294274		
12.43		0.0079252768		
12.435		0.0079211301		
12.44		0.0079169871		
12.445		0.0079128479		
12.45		0.0079087125		
12.455		0.0079045809		
12.46		0.0079004531		
12.465		0.0078963291		
12.47		0.0078922088		
12.475		0.0078880924		
12.48		0.0078839797		
12.485		0.0078798707		
12.49		0.0078757656		
12.495		0.0078716641		
12.5		0.0078675664		
12.505		0.0078634725		
12.51		0.0078593823		
12.515		0.0078552958		
12.52		0.0078512131		
12.525		0.0078471341		
12.53		0.0078430588		
12.535		0.0078389872		
12.54		0.0078349193		
12.545		0.0078308552		
12.55		0.0078267947		
12.555		0.0078227379		
12.56		0.0078186849		
12.565		0.0078146355		
12.57		0.0078105897		
12.575		0.0078065477		
12.58		0.0078025093		
12.585		0.0077984746		
12.59		0.0077944436		
12.595		0.0077904162		
12.6		0.0077863925		
12.605		0.0077823724		
12.61		0.0077783559		
12.615		0.0077743431		
12.62		0.0077703339		
12.625		0.0077663284		
12.63		0.0077623265		
12.635		0.0077583282		
12.64		0.0077543335		
12.645		0.0077503424		
12.65		0.0077463549		
12.655		0.007742371		
12.66		0.0077383907		
12.665		0.0077344141		
12.67		0.007730441		
12.675		0.0077264714		
12.68		0.0077225055		
12.685		0.0077185431		
12.69		0.0077145843		
12.695		0.0077106291		
12.7		0.0077066774		
12.705		0.0077027292		
12.71		0.0076987847		
12.715		0.0076948436		
12.72		0.0076909061		
12.725		0.0076869722		
12.73		0.0076830417		
12.735		0.0076791148		
12.74		0.0076751914		
12.745		0.0076712716		
12.75		0.0076673552		
12.755		0.0076634424		
12.76		0.007659533		
12.765		0.0076556272		
12.77		0.0076517249		
12.775		0.007647826		
12.78		0.0076439306		
12.785		0.0076400388		
12.79		0.0076361503		
12.795		0.0076322654		
12.8		0.0076283839		
12.805		0.0076245059		
12.81		0.0076206314		
12.815		0.0076167603		
12.82		0.0076128927		
12.825		0.0076090285		
12.83		0.0076051677		
12.835		0.0076013104		
12.84		0.0075974565		
12.845		0.0075936061		
12.85		0.007589759		
12.855		0.0075859154		
12.86		0.0075820752		
12.865		0.0075782385		
12.87		0.0075744051		
12.875		0.0075705751		
12.88		0.0075667485		
12.885		0.0075629254		
12.89		0.0075591056		
12.895		0.0075552892		
12.9		0.0075514762		
12.905		0.0075476665		
12.91		0.0075438602		
12.915		0.0075400573		
12.92		0.0075362578		
12.925		0.0075324616		
12.93		0.0075286688		
12.935		0.0075248793		
12.94		0.0075210932		
12.945		0.0075173104		
12.95		0.0075135309		
12.955		0.0075097548		
12.96		0.0075059821		
12.965		0.0075022126		
12.97		0.0074984465		
12.975		0.0074946836		
12.98		0.0074909241		
12.985		0.0074871679		
12.99		0.0074834151		
12.995		0.0074796655		
13		0.0074759192		
13.005		0.0074721762		
13.01		0.0074684365		
13.015		0.0074647		
13.02		0.0074609669		
13.025		0.007457237		
13.03		0.0074535104		
13.035		0.0074497871		
13.04		0.007446067		
13.045		0.0074423502		
13.05		0.0074386367		
13.055		0.0074349264		
13.06		0.0074312193		
13.065		0.0074275155		
13.07		0.0074238149		
13.075		0.0074201176		
13.08		0.0074164235		
13.085		0.0074127326		
13.09		0.007409045		
13.095		0.0074053605		
13.1		0.0074016793		
13.105		0.0073980013		
13.11		0.0073943265		
13.115		0.0073906549		
13.12		0.0073869865		
13.125		0.0073833213		
13.13		0.0073796593		
13.135		0.0073760005		
13.14		0.0073723448		
13.145		0.0073686924		
13.15		0.0073650431		
13.155		0.007361397		
13.16		0.007357754		
13.165		0.0073541142		
13.17		0.0073504776		
13.175		0.0073468441		
13.18		0.0073432138		
13.185		0.0073395866		
13.19		0.0073359626		
13.195		0.0073323417		
13.2		0.007328724		
13.205		0.0073251093		
13.21		0.0073214978		
13.215		0.0073178895		
13.22		0.0073142842		
13.225		0.0073106821		
13.23		0.0073070831		
13.235		0.0073034872		
13.24		0.0072998944		
13.245		0.0072963047		
13.25		0.0072927181		
13.255		0.0072891345		
13.26		0.0072855541		
13.265		0.0072819768		
13.27		0.0072784025		
13.275		0.0072748314		
13.28		0.0072712633		
13.285		0.0072676982		
13.29		0.0072641363		
13.295		0.0072605774		
13.3		0.0072570215		
13.305		0.0072534687		
13.31		0.007249919		
13.315		0.0072463723		
13.32		0.0072428287		
13.325		0.0072392881		
13.33		0.0072357505		
13.335		0.007232216		
13.34		0.0072286845		
13.345		0.007225156		
13.35		0.0072216306		
13.355		0.0072181081		
13.36		0.0072145887		
13.365		0.0072110723		
13.37		0.0072075589		
13.375		0.0072040485		
13.38		0.0072005411		
13.385		0.0071970367		
13.39		0.0071935353		
13.395		0.0071900369		
13.4		0.0071865414		
13.405		0.007183049		
13.41		0.0071795595		
13.415		0.007176073		
13.42		0.0071725895		
13.425		0.0071691089		
13.43		0.0071656313		
13.435		0.0071621567		
13.44		0.007158685		
13.445		0.0071552163		
13.45		0.0071517505		
13.455		0.0071482877		
13.46		0.0071448278		
13.465		0.0071413708		
13.47		0.0071379168		
13.475		0.0071344657		
13.48		0.0071310176		
13.485		0.0071275723		
13.49		0.00712413		
13.495		0.0071206906		
13.5		0.0071172541		
13.505		0.0071138205		
13.51		0.0071103899		
13.515		0.0071069621		
13.52		0.0071035372		
13.525		0.0071001153		
13.53		0.0070966962		
13.535		0.00709328		
13.54		0.0070898667		
13.545		0.0070864563		
13.55		0.0070830487		
13.555		0.0070796441		
13.56		0.0070762423		
13.565		0.0070728434		
13.57		0.0070694473		
13.575		0.0070660541		
13.58		0.0070626637		
13.585		0.0070592763		
13.59		0.0070558916		
13.595		0.0070525098		
13.6		0.0070491309		
13.605		0.0070457548		
13.61		0.0070423815		
13.615		0.0070390111		
13.62		0.0070356434		
13.625		0.0070322787		
13.63		0.0070289167		
13.635		0.0070255576		
13.64		0.0070222013		
13.645		0.0070188478		
13.65		0.0070154971		
13.655		0.0070121492		
13.66		0.0070088041		
13.665		0.0070054618		
13.67		0.0070021223		
13.675		0.0069987856		
13.68		0.0069954517		
13.685		0.0069921206		
13.69		0.0069887922		
13.695		0.0069854667		
13.7		0.0069821439		
13.705		0.0069788239		
13.71		0.0069755067		
13.715		0.0069721922		
13.72		0.0069688805		
13.725		0.0069655715		
13.73		0.0069622653		
13.735		0.0069589619		
13.74		0.0069556612		
13.745		0.0069523633		
13.75		0.0069490681		
13.755		0.0069457756		
13.76		0.0069424859		
13.765		0.0069391989		
13.77		0.0069359147		
13.775		0.0069326331		
13.78		0.0069293543		
13.785		0.0069260783		
13.79		0.0069228049		
13.795		0.0069195342		
13.8		0.0069162663		
13.805		0.0069130011		
13.81		0.0069097385		
13.815		0.0069064787		
13.82		0.0069032216		
13.825		0.0068999672		
13.83		0.0068967154		
13.835		0.0068934664		
13.84		0.00689022		
13.845		0.0068869763		
13.85		0.0068837353		
13.855		0.006880497		
13.86		0.0068772613		
13.865		0.0068740284		
13.87		0.006870798		
13.875		0.0068675704		
13.88		0.0068643454		
13.885		0.006861123		
13.89		0.0068579034		
13.895		0.0068546863		
13.9		0.0068514719		
13.905		0.0068482602		
13.91		0.0068450511		
13.915		0.0068418446		
13.92		0.0068386408		
13.925		0.0068354396		
13.93		0.0068322411		
13.935		0.0068290451		
13.94		0.0068258518		
13.945		0.0068226611		
13.95		0.006819473		
13.955		0.0068162876		
13.96		0.0068131047		
13.965		0.0068099245		
13.97		0.0068067468		
13.975		0.0068035718		
13.98		0.0068003994		
13.985		0.0067972295		
13.99		0.0067940623		
13.995		0.0067908976		
14		0.0067877355		
14.005		0.006784576		
14.01		0.0067814191		
14.015		0.0067782648		
14.02		0.006775113		
14.025		0.0067719638		
14.03		0.0067688172		
14.035		0.0067656732		
14.04		0.0067625317		
14.045		0.0067593927		
14.05		0.0067562564		
14.055		0.0067531225		
14.06		0.0067499913		
14.065		0.0067468625		
14.07		0.0067437363		
14.075		0.0067406127		
14.08		0.0067374916		
14.085		0.006734373		
14.09		0.006731257		
14.095		0.0067281435		
14.1		0.0067250325		
14.105		0.0067219241		
14.11		0.0067188181		
14.115		0.0067157147		
14.12		0.0067126138		
14.125		0.0067095154		
14.13		0.0067064195		
14.135		0.0067033262		
14.14		0.0067002353		
14.145		0.0066971469		
14.15		0.0066940611		
14.155		0.0066909777		
14.16		0.0066878968		
14.165		0.0066848184		
14.17		0.0066817425		
14.175		0.0066786691		
14.18		0.0066755981		
14.185		0.0066725296		
14.19		0.0066694636		
14.195		0.0066664001		
14.2		0.0066633391		
14.205		0.0066602805		
14.21		0.0066572244		
14.215		0.0066541707		
14.22		0.0066511195		
14.225		0.0066480707		
14.23		0.0066450244		
14.235		0.0066419806		
14.24		0.0066389392		
14.245		0.0066359002		
14.25		0.0066328637		
14.255		0.0066298296		
14.26		0.006626798		
14.265		0.0066237687		
14.27		0.006620742		
14.275		0.0066177176		
14.28		0.0066146957		
14.285		0.0066116762		
14.29		0.0066086591		
14.295		0.0066056444		
14.3		0.0066026321		
14.305		0.0065996222		
14.31		0.0065966148		
14.315		0.0065936098		
14.32		0.0065906071		
14.325		0.0065876069		
14.33		0.006584609		
14.335		0.0065816136		
14.34		0.0065786205		
14.345		0.0065756298		
14.35		0.0065726415		
14.355		0.0065696556		
14.36		0.0065666721		
14.365		0.0065636909		
14.37		0.0065607122		
14.375		0.0065577358		
14.38		0.0065547617		
14.385		0.00655179		
14.39		0.0065488207		
14.395		0.0065458538		
14.4		0.0065428892		
14.405		0.006539927		
14.41		0.0065369671		
14.415		0.0065340096		
14.42		0.0065310544		
14.425		0.0065281016		
14.43		0.0065251511		
14.435		0.0065222029		
14.44		0.0065192571		
14.445		0.0065163136		
14.45		0.0065133725		
14.455		0.0065104336		
14.46		0.0065074971		
14.465		0.006504563		
14.47		0.0065016311		
14.475		0.0064987016		
14.48		0.0064957744		
14.485		0.0064928495		
14.49		0.0064899269		
14.495		0.0064870066		
14.5		0.0064840886		
14.505		0.0064811729		
14.51		0.0064782596		
14.515		0.0064753485		
14.52		0.0064724397		
14.525		0.0064695332		
14.53		0.006466629		
14.535		0.0064637271		
14.54		0.0064608275		
14.545		0.0064579301		
14.55		0.006455035		
14.555		0.0064521423		
14.56		0.0064492517		
14.565		0.0064463635		
14.57		0.0064434775		
14.575		0.0064405938		
14.58		0.0064377124		
14.585		0.0064348332		
14.59		0.0064319563		
14.595		0.0064290816		
14.6		0.0064262092		
14.605		0.006423339		
14.61		0.0064204711		
14.615		0.0064176054		
14.62		0.006414742		
14.625		0.0064118808		
14.63		0.0064090219		
14.635		0.0064061652		
14.64		0.0064033107		
14.645		0.0064004585		
14.65		0.0063976085		
14.655		0.0063947607		
14.66		0.0063919151		
14.665		0.0063890718		
14.67		0.0063862307		
14.675		0.0063833918		
14.68		0.0063805551		
14.685		0.0063777206		
14.69		0.0063748883		
14.695		0.0063720583		
14.7		0.0063692304		
14.705		0.0063664048		
14.71		0.0063635813		
14.715		0.0063607601		
14.72		0.006357941		
14.725		0.0063551241		
14.73		0.0063523094		
14.735		0.0063494969		
14.74		0.0063466866		
14.745		0.0063438785		
14.75		0.0063410725		
14.755		0.0063382688		
14.76		0.0063354672		
14.765		0.0063326678		
14.77		0.0063298705		
14.775		0.0063270754		
14.78		0.0063242825		
14.785		0.0063214917		
14.79		0.0063187031		
14.795		0.0063159167		
14.8		0.0063131324		
14.805		0.0063103503		
14.81		0.0063075703		
14.815		0.0063047925		
14.82		0.0063020168		
14.825		0.0062992432		
14.83		0.0062964718		
14.835		0.0062937026		
14.84		0.0062909355		
14.845		0.0062881705		
14.85		0.0062854076		
14.855		0.0062826469		
14.86		0.0062798883		
14.865		0.0062771318		
14.87		0.0062743775		
14.875		0.0062716252		
14.88		0.0062688751		
14.885		0.0062661271		
14.89		0.0062633812		
14.895		0.0062606374		
14.9		0.0062578958		
14.905		0.0062551562		
14.91		0.0062524188		
14.915		0.0062496834		
14.92		0.0062469502		
14.925		0.006244219		
14.93		0.0062414899		
14.935		0.006238763		
14.94		0.0062360381		
14.945		0.0062333153		
14.95		0.0062305946		
14.955		0.006227876		
14.96		0.0062251594		
14.965		0.006222445		
14.97		0.0062197326		
14.975		0.0062170223		
14.98		0.006214314		
14.985		0.0062116079		
14.99		0.0062089038		
14.995		0.0062062017		
15		0.0062035017		
15.005		0.0062008038		
15.01		0.006198108		
15.015		0.0061954142		
15.02		0.0061927224		
15.025		0.0061900327		
15.03		0.0061873451		
15.035		0.0061846595		
15.04		0.0061819759		
15.045		0.0061792944		
15.05		0.006176615		
15.055		0.0061739375		
15.06		0.0061712621		
15.065		0.0061685888		
15.07		0.0061659174		
15.075		0.0061632481		
15.08		0.0061605809		
15.085		0.0061579156		
15.09		0.0061552524		
15.095		0.0061525912		
15.1		0.006149932		
15.105		0.0061472748		
15.11		0.0061446197		
15.115		0.0061419665		
15.12		0.0061393154		
15.125		0.0061366663		
15.13		0.0061340192		
15.135		0.0061313741		
15.14		0.0061287309		
15.145		0.0061260898		
15.15		0.0061234507		
15.155		0.0061208136		
15.16		0.0061181784		
15.165		0.0061155453		
15.17		0.0061129141		
15.175		0.006110285		
15.18		0.0061076578		
15.185		0.0061050326		
15.19		0.0061024094		
15.195		0.0060997881		
15.2		0.0060971688		
15.205		0.0060945515		
15.21		0.0060919362		
15.215		0.0060893229		
15.22		0.0060867115		
15.225		0.006084102		
15.23		0.0060814946		
15.235		0.0060788891		
15.24		0.0060762855		
15.245		0.0060736839		
15.25		0.0060710843		
15.255		0.0060684866		
15.26		0.0060658909		
15.265		0.0060632971		
15.27		0.0060607053		
15.275		0.0060581154		
15.28		0.0060555274		
15.285		0.0060529414		
15.29		0.0060503573		
15.295		0.0060477752		
15.3		0.006045195		
15.305		0.0060426167		
15.31		0.0060400403		
15.315		0.0060374659		
15.32		0.0060348934		
15.325		0.0060323228		
15.33		0.0060297542		
15.335		0.0060271875		
15.34		0.0060246226		
15.345		0.0060220597		
15.35		0.0060194987		
15.355		0.0060169397		
15.36		0.0060143825		
15.365		0.0060118272		
15.37		0.0060092739		
15.375		0.0060067224		
15.38		0.0060041728		
15.385		0.0060016252		
15.39		0.0059990794		
15.395		0.0059965356		
15.4		0.0059939936		
15.405		0.0059914535		
15.41		0.0059889153		
15.415		0.005986379		
15.42		0.0059838446		
15.425		0.005981312		
15.43		0.0059787814		
15.435		0.0059762526		
15.44		0.0059737257		
15.445		0.0059712006		
15.45		0.0059686775		
15.455		0.0059661562		
15.46		0.0059636367		
15.465		0.0059611192		
15.47		0.0059586035		
15.475		0.0059560897		
15.48		0.0059535777		
15.485		0.0059510676		
15.49		0.0059485593		
15.495		0.0059460529		
15.5		0.0059435484		
15.505		0.0059410457		
15.51		0.0059385448		
15.515		0.0059360458		
15.52		0.0059335487		
15.525		0.0059310534		
15.53		0.0059285599		
15.535		0.0059260683		
15.54		0.0059235785		
15.545		0.0059210905		
15.55		0.0059186044		
15.555		0.0059161201		
15.56		0.0059136376		
15.565		0.005911157		
15.57		0.0059086781		
15.575		0.0059062012		
15.58		0.005903726		
15.585		0.0059012526		
15.59		0.0058987811		
15.595		0.0058963114		
15.6		0.0058938435		
15.605		0.0058913774		
15.61		0.0058889131		
15.615		0.0058864506		
15.62		0.00588399		
15.625		0.0058815311		
15.63		0.0058790741		
15.635		0.0058766188		
15.64		0.0058741653		
15.645		0.0058717137		
15.65		0.0058692638		
15.655		0.0058668157		
15.66		0.0058643694		
15.665		0.0058619249		
15.67		0.0058594822		
15.675		0.0058570413		
15.68		0.0058546022		
15.685		0.0058521648		
15.69		0.0058497293		
15.695		0.0058472955		
15.7		0.0058448634		
15.705		0.0058424332		
15.71		0.0058400047		
15.715		0.005837578		
15.72		0.0058351531		
15.725		0.0058327299		
15.73		0.0058303085		
15.735		0.0058278889		
15.74		0.005825471		
15.745		0.0058230549		
15.75		0.0058206405		
15.755		0.0058182279		
15.76		0.0058158171		
15.765		0.005813408		
15.77		0.0058110006		
15.775		0.005808595		
15.78		0.0058061912		
15.785		0.0058037891		
15.79		0.0058013887		
15.795		0.0057989901		
15.8		0.0057965932		
15.805		0.0057941981		
15.81		0.0057918047		
15.815		0.005789413		
15.82		0.005787023		
15.825		0.0057846348		
15.83		0.0057822484		
15.835		0.0057798636		
15.84		0.0057774806		
15.845		0.0057750993		
15.85		0.0057727197		
15.855		0.0057703418		
15.86		0.0057679657		
15.865		0.0057655912		
15.87		0.0057632185		
15.875		0.0057608475		
15.88		0.0057584782		
15.885		0.0057561107		
15.89		0.0057537448		
15.895		0.0057513806		
15.9		0.0057490182		
15.905		0.0057466574		
15.91		0.0057442983		
15.915		0.005741941		
15.92		0.0057395853		
15.925		0.0057372314		
15.93		0.0057348791		
15.935		0.0057325285		
15.94		0.0057301796		
15.945		0.0057278324		
15.95		0.0057254869		
15.955		0.005723143		
15.96		0.0057208009		
15.965		0.0057184604		
15.97		0.0057161216		
15.975		0.0057137845		
15.98		0.0057114491		
15.985		0.0057091153		
15.99		0.0057067832		
15.995		0.0057044528		
16		0.0057021241		
16.005		0.005699797		
16.01		0.0056974716		
16.015		0.0056951478		
16.02		0.0056928258		
16.025		0.0056905053		
16.03		0.0056881866		
16.035		0.0056858695		
16.04		0.005683554		
16.045		0.0056812402		
16.05		0.0056789281		
16.055		0.0056766176		
16.06		0.0056743087		
16.065		0.0056720015		
16.07		0.005669696		
16.075		0.005667392		
16.08		0.0056650898		
16.085		0.0056627891		
16.09		0.0056604902		
16.095		0.0056581928		
16.1		0.0056558971		
16.105		0.005653603		
16.11		0.0056513106		
16.115		0.0056490197		
16.12		0.0056467306		
16.125		0.005644443		
16.13		0.0056421571		
16.135		0.0056398727		
16.14		0.00563759		
16.145		0.005635309		
16.15		0.0056330295		
16.155		0.0056307517		
16.16		0.0056284755		
16.165		0.0056262009		
16.17		0.0056239279		
16.175		0.0056216565		
16.18		0.0056193867		
16.185		0.0056171186		
16.19		0.005614852		
16.195		0.0056125871		
16.2		0.0056103237		
16.205		0.0056080619		
16.21		0.0056058018		
16.215		0.0056035432		
16.22		0.0056012863		
16.225		0.0055990309		
16.23		0.0055967772		
16.235		0.005594525		
16.24		0.0055922744		
16.245		0.0055900254		
16.25		0.005587778		
16.255		0.0055855322		
16.26		0.0055832879		
16.265		0.0055810452		
16.27		0.0055788042		
16.275		0.0055765647		
16.28		0.0055743267		
16.285		0.0055720904		
16.29		0.0055698556		
16.295		0.0055676224		
16.3		0.0055653908		
16.305		0.0055631607		
16.31		0.0055609322		
16.315		0.0055587053		
16.32		0.0055564799		
16.325		0.0055542561		
16.33		0.0055520338		
16.335		0.0055498132		
16.34		0.005547594		
16.345		0.0055453765		
16.35		0.0055431605		
16.355		0.005540946		
16.36		0.0055387331		
16.365		0.0055365217		
16.37		0.0055343119		
16.375		0.0055321036		
16.38		0.0055298969		
16.385		0.0055276918		
16.39		0.0055254881		
16.395		0.005523286		
16.4		0.0055210855		
16.405		0.0055188865		
16.41		0.005516689		
16.415		0.005514493		
16.42		0.0055122986		
16.425		0.0055101058		
16.43		0.0055079144		
16.435		0.0055057246		
16.44		0.0055035363		
16.445		0.0055013495		
16.45		0.0054991643		
16.455		0.0054969806		
16.46		0.0054947984		
16.465		0.0054926177		
16.47		0.0054904385		
16.475		0.0054882609		
16.48		0.0054860848		
16.485		0.0054839102		
16.49		0.0054817371		
16.495		0.0054795655		
16.5		0.0054773954		
16.505		0.0054752268		
16.51		0.0054730597		
16.515		0.0054708942		
16.52		0.0054687301		
16.525		0.0054665676		
16.53		0.0054644065		
16.535		0.0054622469		
16.54		0.0054600889		
16.545		0.0054579323		
16.55		0.0054557772		
16.555		0.0054536236		
16.56		0.0054514715		
16.565		0.0054493209		
16.57		0.0054471718		
16.575		0.0054450242		
16.58		0.0054428781		
16.585		0.0054407334		
16.59		0.0054385902		
16.595		0.0054364485		
16.6		0.0054343083		
16.605		0.0054321696		
16.61		0.0054300323		
16.615		0.0054278965		
16.62		0.0054257622		
16.625		0.0054236294		
16.63		0.005421498		
16.635		0.0054193681		
16.64		0.0054172397		
16.645		0.0054151127		
16.65		0.0054129872		
16.655		0.0054108632		
16.66		0.0054087406		
16.665		0.0054066195		
16.67		0.0054044998		
16.675		0.0054023816		
16.68		0.0054002649		
16.685		0.0053981496		
16.69		0.0053960358		
16.695		0.0053939234		
16.7		0.0053918125		
16.705		0.005389703		
16.71		0.0053875949		
16.715		0.0053854883		
16.72		0.0053833832		
16.725		0.0053812795		
16.73		0.0053791772		
16.735		0.0053770764		
16.74		0.005374977		
16.745		0.0053728791		
16.75		0.0053707826		
16.755		0.0053686875		
16.76		0.0053665939		
16.765		0.0053645017		
16.77		0.0053624109		
16.775		0.0053603216		
16.78		0.0053582337		
16.785		0.0053561472		
16.79		0.0053540621		
16.795		0.0053519785		
16.8		0.0053498962		
16.805		0.0053478154		
16.81		0.0053457361		
16.815		0.0053436581		
16.82		0.0053415816		
16.825		0.0053395064		
16.83		0.0053374327		
16.835		0.0053353604		
16.84		0.0053332895		
16.845		0.0053312201		
16.85		0.005329152		
16.855		0.0053270853		
16.86		0.0053250201		
16.865		0.0053229562		
16.87		0.0053208938		
16.875		0.0053188327		
16.88		0.0053167731		
16.885		0.0053147148		
16.89		0.005312658		
16.895		0.0053106025		
16.9		0.0053085485		
16.905		0.0053064958		
16.91		0.0053044445		
16.915		0.0053023946		
16.92		0.0053003461		
16.925		0.005298299		
16.93		0.0052962533		
16.935		0.005294209		
16.94		0.005292166		
16.945		0.0052901245		
16.95		0.0052880843		
16.955		0.0052860455		
16.96		0.005284008		
16.965		0.005281972		
16.97		0.0052799373		
16.975		0.005277904		
16.98		0.0052758721		
16.985		0.0052738415		
16.99		0.0052718124		
16.995		0.0052697845		
17		0.0052677581		
17.005		0.005265733		
17.01		0.0052637093		
17.015		0.005261687		
17.02		0.005259666		
17.025		0.0052576464		
17.03		0.0052556281		
17.035		0.0052536112		
17.04		0.0052515956		
17.045		0.0052495815		
17.05		0.0052475686		
17.055		0.0052455571		
17.06		0.005243547		
17.065		0.0052415382		
17.07		0.0052395308		
17.075		0.0052375247		
17.08		0.00523552		
17.085		0.0052335166		
17.09		0.0052315146		
17.095		0.0052295139		
17.1		0.0052275145		
17.105		0.0052255165		
17.11		0.0052235198		
17.115		0.0052215245		
17.12		0.0052195305		
17.125		0.0052175378		
17.13		0.0052155465		
17.135		0.0052135565		
17.14		0.0052115678		
17.145		0.0052095805		
17.15		0.0052075945		
17.155		0.0052056098		
17.16		0.0052036264		
17.165		0.0052016444		
17.17		0.0051996637		
17.175		0.0051976843		
17.18		0.0051957063		
17.185		0.0051937295		
17.19		0.0051917541		
17.195		0.00518978		
17.2		0.0051878072		
17.205		0.0051858358		
17.21		0.0051838656		
17.215		0.0051818968		
17.22		0.0051799293		
17.225		0.005177963		
17.23		0.0051759981		
17.235		0.0051740345		
17.24		0.0051720722		
17.245		0.0051701112		
17.25		0.0051681516		
17.255		0.0051661932		
17.26		0.0051642361		
17.265		0.0051622803		
17.27		0.0051603258		
17.275		0.0051583726		
17.28		0.0051564208		
17.285		0.0051544702		
17.29		0.0051525209		
17.295		0.0051505729		
17.3		0.0051486261		
17.305		0.0051466807		
17.31		0.0051447366		
17.315		0.0051427937		
17.32		0.0051408522		
17.325		0.0051389119		
17.33		0.0051369729		
17.335		0.0051350352		
17.34		0.0051330988		
17.345		0.0051311637		
17.35		0.0051292298		
17.355		0.0051272972		
17.36		0.0051253659		
17.365		0.0051234359		
17.37		0.0051215071		
17.375		0.0051195796		
17.38		0.0051176534		
17.385		0.0051157285		
17.39		0.0051138048		
17.395		0.0051118824		
17.4		0.0051099613		
17.405		0.0051080414		
17.41		0.0051061228		
17.415		0.0051042055		
17.42		0.0051022894		
17.425		0.0051003746		
17.43		0.005098461		
17.435		0.0050965488		
17.44		0.0050946377		
17.445		0.0050927279		
17.45		0.0050908194		
17.455		0.0050889121		
17.46		0.0050870061		
17.465		0.0050851014		
17.47		0.0050831979		
17.475		0.0050812956		
17.48		0.0050793946		
17.485		0.0050774948		
17.49		0.0050755963		
17.495		0.005073699		
17.5		0.005071803		
17.505		0.0050699082		
17.51		0.0050680147		
17.515		0.0050661224		
17.52		0.0050642313		
17.525		0.0050623415		
17.53		0.0050604529		
17.535		0.0050585655		
17.54		0.0050566794		
17.545		0.0050547945		
17.55		0.0050529109		
17.555		0.0050510284		
17.56		0.0050491472		
17.565		0.0050472673		
17.57		0.0050453885		
17.575		0.005043511		
17.58		0.0050416347		
17.585		0.0050397597		
17.59		0.0050378858		
17.595		0.0050360132		
17.6		0.0050341418		
17.605		0.0050322717		
17.61		0.0050304027		
17.615		0.005028535		
17.62		0.0050266684		
17.625		0.0050248031		
17.63		0.005022939		
17.635		0.0050210762		
17.64		0.0050192145		
17.645		0.005017354		
17.65		0.0050154948		
17.655		0.0050136367		
17.66		0.0050117799		
17.665		0.0050099243		
17.67		0.0050080699		
17.675		0.0050062166		
17.68		0.0050043646		
17.685		0.0050025138		
17.69		0.0050006642		
17.695		0.0049988158		
17.7		0.0049969686		
17.705		0.0049951226		
17.71		0.0049932777		
17.715		0.0049914341		
17.72		0.0049895917		
17.725		0.0049877504		
17.73		0.0049859104		
17.735		0.0049840715		
17.74		0.0049822339		
17.745		0.0049803974		
17.75		0.0049785621		
17.755		0.004976728		
17.76		0.0049748951		
17.765		0.0049730633		
17.77		0.0049712328		
17.775		0.0049694034		
17.78		0.0049675752		
17.785		0.0049657482		
17.79		0.0049639224		
17.795		0.0049620977		
17.8		0.0049602742		
17.805		0.0049584519		
17.81		0.0049566308		
17.815		0.0049548108		
17.82		0.0049529921		
17.825		0.0049511744		
17.83		0.004949358		
17.835		0.0049475427		
17.84		0.0049457286		
17.845		0.0049439157		
17.85		0.0049421039		
17.855		0.0049402933		
17.86		0.0049384838		
17.865		0.0049366756		
17.87		0.0049348684		
17.875		0.0049330625		
17.88		0.0049312577		
17.885		0.004929454		
17.89		0.0049276515		
17.895		0.0049258502		
17.9		0.00492405		
17.905		0.004922251		
17.91		0.0049204531		
17.915		0.0049186564		
17.92		0.0049168608		
17.925		0.0049150664		
17.93		0.0049132732		
17.935		0.004911481		
17.94		0.0049096901		
17.945		0.0049079002		
17.95		0.0049061115		
17.955		0.004904324		
17.96		0.0049025376		
17.965		0.0049007523		
17.97		0.0048989682		
17.975		0.0048971852		
17.98		0.0048954034		
17.985		0.0048936227		
17.99		0.0048918431		
17.995		0.0048900647		
18		0.0048882874		
18.005		0.0048865112		
18.01		0.0048847362		
18.015		0.0048829623		
18.02		0.0048811895		
18.025		0.0048794179		
18.03		0.0048776473		
18.035		0.004875878		
18.04		0.0048741097		
18.045		0.0048723426		
18.05		0.0048705765		
18.055		0.0048688116		
18.06		0.0048670479		
18.065		0.0048652852		
18.07		0.0048635237		
18.075		0.0048617633		
18.08		0.004860004		
18.085		0.0048582458		
18.09		0.0048564887		
18.095		0.0048547328		
18.1		0.004852978		
18.105		0.0048512242		
18.11		0.0048494716		
18.115		0.0048477201		
18.12		0.0048459697		
18.125		0.0048442204		
18.13		0.0048424723		
18.135		0.0048407252		
18.14		0.0048389792		
18.145		0.0048372344		
18.15		0.0048354906		
18.155		0.004833748		
18.16		0.0048320064		
18.165		0.004830266		
18.17		0.0048285266		
18.175		0.0048267884		
18.18		0.0048250512		
18.185		0.0048233151		
18.19		0.0048215802		
18.195		0.0048198463		
18.2		0.0048181135		
18.205		0.0048163819		
18.21		0.0048146513		
18.215		0.0048129218		
18.22		0.0048111934		
18.225		0.004809466		
18.23		0.0048077398		
18.235		0.0048060147		
18.24		0.0048042906		
18.245		0.0048025676		
18.25		0.0048008457		
18.255		0.0047991249		
18.26		0.0047974052		
18.265		0.0047956865		
18.27		0.004793969		
18.275		0.0047922525		
18.28		0.0047905371		
18.285		0.0047888227		
18.29		0.0047871095		
18.295		0.0047853973		
18.3		0.0047836862		
18.305		0.0047819761		
18.31		0.0047802672		
18.315		0.0047785593		
18.32		0.0047768525		
18.325		0.0047751467		
18.33		0.004773442		
18.335		0.0047717384		
18.34		0.0047700358		
18.345		0.0047683344		
18.35		0.0047666339		
18.355		0.0047649346		
18.36		0.0047632363		
18.365		0.004761539		
18.37		0.0047598429		
18.375		0.0047581478		
18.38		0.0047564537		
18.385		0.0047547607		
18.39		0.0047530688		
18.395		0.0047513779		
18.4		0.0047496881		
18.405		0.0047479993		
18.41		0.0047463116		
18.415		0.0047446249		
18.42		0.0047429393		
18.425		0.0047412547		
18.43		0.0047395712		
18.435		0.0047378887		
18.44		0.0047362073		
18.445		0.0047345269		
18.45		0.0047328476		
18.455		0.0047311693		
18.46		0.004729492		
18.465		0.0047278158		
18.47		0.0047261407		
18.475		0.0047244666		
18.48		0.0047227935		
18.485		0.0047211215		
18.49		0.0047194505		
18.495		0.0047177805		
18.5		0.0047161116		
18.505		0.0047144437		
18.51		0.0047127768		
18.515		0.004711111		
18.52		0.0047094462		
18.525		0.0047077825		
18.53		0.0047061197		
18.535		0.004704458		
18.54		0.0047027974		
18.545		0.0047011377		
18.55		0.0046994791		
18.555		0.0046978215		
18.56		0.004696165		
18.565		0.0046945094		
18.57		0.0046928549		
18.575		0.0046912014		
18.58		0.004689549		
18.585		0.0046878975		
18.59		0.0046862471		
18.595		0.0046845977		
18.6		0.0046829493		
18.605		0.0046813019		
18.61		0.0046796555		
18.615		0.0046780102		
18.62		0.0046763659		
18.625		0.0046747226		
18.63		0.0046730803		
18.635		0.004671439		
18.64		0.0046697987		
18.645		0.0046681594		
18.65		0.0046665212		
18.655		0.0046648839		
18.66		0.0046632477		
18.665		0.0046616124		
18.67		0.0046599782		
18.675		0.004658345		
18.68		0.0046567128		
18.685		0.0046550815		
18.69		0.0046534513		
18.695		0.0046518221		
18.7		0.0046501939		
18.705		0.0046485667		
18.71		0.0046469405		
18.715		0.0046453153		
18.72		0.004643691		
18.725		0.0046420678		
18.73		0.0046404456		
18.735		0.0046388243		
18.74		0.0046372041		
18.745		0.0046355848		
18.75		0.0046339666		
18.755		0.0046323493		
18.76		0.004630733		
18.765		0.0046291177		
18.77		0.0046275034		
18.775		0.0046258901		
18.78		0.0046242778		
18.785		0.0046226665		
18.79		0.0046210561		
18.795		0.0046194467		
18.8		0.0046178383		
18.805		0.0046162309		
18.81		0.0046146245		
18.815		0.0046130191		
18.82		0.0046114146		
18.825		0.0046098111		
18.83		0.0046082086		
18.835		0.0046066071		
18.84		0.0046050065		
18.845		0.0046034069		
18.85		0.0046018083		
18.855		0.0046002107		
18.86		0.004598614		
18.865		0.0045970183		
18.87		0.0045954236		
18.875		0.0045938299		
18.88		0.0045922371		
18.885		0.0045906453		
18.89		0.0045890544		
18.895		0.0045874646		
18.9		0.0045858757		
18.905		0.0045842877		
18.91		0.0045827007		
18.915		0.0045811147		
18.92		0.0045795297		
18.925		0.0045779456		
18.93		0.0045763624		
18.935		0.0045747803		
18.94		0.0045731991		
18.945		0.0045716188		
18.95		0.0045700395		
18.955		0.0045684612		
18.96		0.0045668838		
18.965		0.0045653074		
18.97		0.0045637319		
18.975		0.0045621574		
18.98		0.0045605838		
18.985		0.0045590112		
18.99		0.0045574395		
18.995		0.0045558688		
19		0.004554299		
19.005		0.0045527302		
19.01		0.0045511624		
19.015		0.0045495954		
19.02		0.0045480295		
19.025		0.0045464644		
19.03		0.0045449004		
19.035		0.0045433372		
19.04		0.004541775		
19.045		0.0045402138		
19.05		0.0045386534		
19.055		0.0045370941		
19.06		0.0045355356		
19.065		0.0045339781		
19.07		0.0045324216		
19.075		0.004530866		
19.08		0.0045293113		
19.085		0.0045277575		
19.09		0.0045262047		
19.095		0.0045246528		
19.1		0.0045231019		
19.105		0.0045215519		
19.11		0.0045200028		
19.115		0.0045184546		
19.12		0.0045169074		
19.125		0.0045153611		
19.13		0.0045138158		
19.135		0.0045122713		
19.14		0.0045107278		
19.145		0.0045091852		
19.15		0.0045076436		
19.155		0.0045061028		
19.16		0.004504563		
19.165		0.0045030241		
19.17		0.0045014862		
19.175		0.0044999491		
19.18		0.004498413		
19.185		0.0044968778		
19.19		0.0044953435		
19.195		0.0044938101		
19.2		0.0044922777		
19.205		0.0044907461		
19.21		0.0044892155		
19.215		0.0044876858		
19.22		0.004486157		
19.225		0.0044846291		
19.23		0.0044831022		
19.235		0.0044815761		
19.24		0.004480051		
19.245		0.0044785268		
19.25		0.0044770034		
19.255		0.004475481		
19.26		0.0044739595		
19.265		0.0044724389		
19.27		0.0044709192		
19.275		0.0044694004		
19.28		0.0044678826		
19.285		0.0044663656		
19.29		0.0044648495		
19.295		0.0044633343		
19.3		0.0044618201		
19.305		0.0044603067		
19.31		0.0044587942		
19.315		0.0044572827		
19.32		0.004455772		
19.325		0.0044542622		
19.33		0.0044527533		
19.335		0.0044512454		
19.34		0.0044497383		
19.345		0.0044482321		
19.35		0.0044467268		
19.355		0.0044452224		
19.36		0.0044437189		
19.365		0.0044422163		
19.37		0.0044407145		
19.375		0.0044392137		
19.38		0.0044377138		
19.385		0.0044362147		
19.39		0.0044347165		
19.395		0.0044332193		
19.4		0.0044317229		
19.405		0.0044302274		
19.41		0.0044287327		
19.415		0.004427239		
19.42		0.0044257461		
19.425		0.0044242542		
19.43		0.0044227631		
19.435		0.0044212729		
19.44		0.0044197835		
19.445		0.0044182951		
19.45		0.0044168075		
19.455		0.0044153208		
19.46		0.004413835		
19.465		0.0044123501		
19.47		0.004410866		
19.475		0.0044093828		
19.48		0.0044079005		
19.485		0.0044064191		
19.49		0.0044049385		
19.495		0.0044034588		
19.5		0.00440198		
19.505		0.004400502		
19.51		0.004399025		
19.515		0.0043975488		
19.52		0.0043960734		
19.525		0.0043945989		
19.53		0.0043931253		
19.535		0.0043916526		
19.54		0.0043901807		
19.545		0.0043887097		
19.55		0.0043872396		
19.555		0.0043857703		
19.56		0.0043843019		
19.565		0.0043828343		
19.57		0.0043813676		
19.575		0.0043799018		
19.58		0.0043784368		
19.585		0.0043769727		
19.59		0.0043755095		
19.595		0.0043740471		
19.6		0.0043725855		
19.605		0.0043711248		
19.61		0.004369665		
19.615		0.004368206		
19.62		0.0043667479		
19.625		0.0043652907		
19.63		0.0043638342		
19.635		0.0043623787		
19.64		0.004360924		
19.645		0.0043594701		
19.65		0.0043580171		
19.655		0.004356565		
19.66		0.0043551136		
19.665		0.0043536632		
19.67		0.0043522136		
19.675		0.0043507648		
19.68		0.0043493169		
19.685		0.0043478698		
19.69		0.0043464236		
19.695		0.0043449782		
19.7		0.0043435336		
19.705		0.0043420899		
19.71		0.0043406471		
19.715		0.004339205		
19.72		0.0043377639		
19.725		0.0043363235		
19.73		0.004334884		
19.735		0.0043334454		
19.74		0.0043320075		
19.745		0.0043305705		
19.75		0.0043291344		
19.755		0.0043276991		
19.76		0.0043262646		
19.765		0.0043248309		
19.77		0.0043233981		
19.775		0.0043219661		
19.78		0.004320535		
19.785		0.0043191046		
19.79		0.0043176751		
19.795		0.0043162465		
19.8		0.0043148186		
19.805		0.0043133916		
19.81		0.0043119655		
19.815		0.0043105401		
19.82		0.0043091156		
19.825		0.0043076919		
19.83		0.004306269		
19.835		0.004304847		
19.84		0.0043034257		
19.845		0.0043020053		
19.85		0.0043005857		
19.855		0.004299167		
19.86		0.004297749		
19.865		0.0042963319		
19.87		0.0042949156		
19.875		0.0042935001		
19.88		0.0042920855		
19.885		0.0042906716		
19.89		0.0042892586		
19.895		0.0042878464		
19.9		0.004286435		
19.905		0.0042850244		
19.91		0.0042836146		
19.915		0.0042822057		
19.92		0.0042807975		
19.925		0.0042793902		
19.93		0.0042779837		
19.935		0.004276578		
19.94		0.0042751731		
19.945		0.004273769		
19.95		0.0042723657		
19.955		0.0042709632		
19.96		0.0042695616		
19.965		0.0042681607		
19.97		0.0042667607		
19.975		0.0042653614		
19.98		0.004263963		
19.985		0.0042625653		
19.99		0.0042611685		
19.995		0.0042597725		
20		0.0042583772		
20.005		0.0042569828		
20.01		0.0042555892		
20.015		0.0042541964		
20.02		0.0042528043		
20.025		0.0042514131		
20.03		0.0042500227		
20.035		0.004248633		
20.04		0.0042472442		
20.045		0.0042458562		
20.05		0.0042444689		
20.055		0.0042430825		
20.06		0.0042416968		
20.065		0.0042403119		
20.07		0.0042389279		
20.075		0.0042375446		
20.08		0.0042361621		
20.085		0.0042347804		
20.09		0.0042333995		
20.095		0.0042320194		
20.1		0.0042306401		
20.105		0.0042292615		
20.11		0.0042278838		
20.115		0.0042265068		
20.12		0.0042251306		
20.125		0.0042237552		
20.13		0.0042223806		
20.135		0.0042210068		
20.14		0.0042196338		
20.145		0.0042182615		
20.15		0.0042168901		
20.155		0.0042155194		
20.16		0.0042141495		
20.165		0.0042127803		
20.17		0.004211412		
20.175		0.0042100444		
20.18		0.0042086776		
20.185		0.0042073116		
20.19		0.0042059464		
20.195		0.0042045819		
20.2		0.0042032182		
20.205		0.0042018553		
20.21		0.0042004932		
20.215		0.0041991319		
20.22		0.0041977713		
20.225		0.0041964115		
20.23		0.0041950524		
20.235		0.0041936942		
20.24		0.0041923367		
20.245		0.0041909799		
20.25		0.004189624		
20.255		0.0041882688		
20.26		0.0041869144		
20.265		0.0041855608		
20.27		0.0041842079		
20.275		0.0041828558		
20.28		0.0041815044		
20.285		0.0041801538		
20.29		0.004178804		
20.295		0.004177455		
20.3		0.0041761067		
20.305		0.0041747592		
20.31		0.0041734124		
20.315		0.0041720664		
20.32		0.0041707212		
20.325		0.0041693767		
20.33		0.004168033		
20.335		0.00416669		
20.34		0.0041653478		
20.345		0.0041640064		
20.35		0.0041626657		
20.355		0.0041613257		
20.36		0.0041599866		
20.365		0.0041586482		
20.37		0.0041573105		
20.375		0.0041559736		
20.38		0.0041546374		
20.385		0.004153302		
20.39		0.0041519674		
20.395		0.0041506335		
20.4		0.0041493004		
20.405		0.004147968		
20.41		0.0041466363		
20.415		0.0041453054		
20.42		0.0041439753		
20.425		0.0041426459		
20.43		0.0041413173		
20.435		0.0041399894		
20.44		0.0041386622		
20.445		0.0041373358		
20.45		0.0041360102		
20.455		0.0041346852		
20.46		0.0041333611		
20.465		0.0041320376		
20.47		0.004130715		
20.475		0.004129393		
20.48		0.0041280718		
20.485		0.0041267514		
20.49		0.0041254316		
20.495		0.0041241127		
20.5		0.0041227944		
20.505		0.0041214769		
20.51		0.0041201602		
20.515		0.0041188441		
20.52		0.0041175288		
20.525		0.0041162143		
20.53		0.0041149005		
20.535		0.0041135874		
20.54		0.0041122751		
20.545		0.0041109635		
20.55		0.0041096526		
20.555		0.0041083424		
20.56		0.004107033		
20.565		0.0041057243		
20.57		0.0041044164		
20.575		0.0041031092		
20.58		0.0041018027		
20.585		0.0041004969		
20.59		0.0040991919		
20.595		0.0040978876		
20.6		0.004096584		
20.605		0.0040952812		
20.61		0.0040939791		
20.615		0.0040926777		
20.62		0.004091377		
20.625		0.0040900771		
20.63		0.0040887779		
20.635		0.0040874794		
20.64		0.0040861816		
20.645		0.0040848845		
20.65		0.0040835882		
20.655		0.0040822926		
20.66		0.0040809977		
20.665		0.0040797036		
20.67		0.0040784101		
20.675		0.0040771174		
20.68		0.0040758254		
20.685		0.0040745341		
20.69		0.0040732435		
20.695		0.0040719537		
20.7		0.0040706645		
20.705		0.0040693761		
20.71		0.0040680884		
20.715		0.0040668014		
20.72		0.0040655151		
20.725		0.0040642296		
20.73		0.0040629447		
20.735		0.0040616606		
20.74		0.0040603772		
20.745		0.0040590944		
20.75		0.0040578124		
20.755		0.0040565311		
20.76		0.0040552506		
20.765		0.0040539707		
20.77		0.0040526915		
20.775		0.004051413		
20.78		0.0040501353		
20.785		0.0040488582		
20.79		0.0040475819		
20.795		0.0040463063		
20.8		0.0040450313		
20.805		0.0040437571		
20.81		0.0040424836		
20.815		0.0040412108		
20.82		0.0040399386		
20.825		0.0040386672		
20.83		0.0040373965		
20.835		0.0040361265		
20.84		0.0040348572		
20.845		0.0040335886		
20.85		0.0040323207		
20.855		0.0040310535		
20.86		0.0040297869		
20.865		0.0040285211		
20.87		0.004027256		
20.875		0.0040259916		
20.88		0.0040247279		
20.885		0.0040234648		
20.89		0.0040222025		
20.895		0.0040209408		
20.9		0.0040196799		
20.905		0.0040184196		
20.91		0.0040171601		
20.915		0.0040159012		
20.92		0.004014643		
20.925		0.0040133855		
20.93		0.0040121288		
20.935		0.0040108726		
20.94		0.0040096172		
20.945		0.0040083625		
20.95		0.0040071085		
20.955		0.0040058551		
20.96		0.0040046025		
20.965		0.0040033505		
20.97		0.0040020992		
20.975		0.0040008486		
20.98		0.0039995987		
20.985		0.0039983494		
20.99		0.0039971009		
20.995		0.003995853		
21		0.0039946058		
21.005		0.0039933593		
21.01		0.0039921135		
21.015		0.0039908684		
21.02		0.0039896239		
21.025		0.0039883801		
21.03		0.0039871371		
21.035		0.0039858946		
21.04		0.0039846529		
21.045		0.0039834118		
21.05		0.0039821715		
21.055		0.0039809318		
21.06		0.0039796927		
21.065		0.0039784544		
21.07		0.0039772167		
21.075		0.0039759797		
21.08		0.0039747434		
21.085		0.0039735077		
21.09		0.0039722728		
21.095		0.0039710385		
21.1		0.0039698048		
21.105		0.0039685719		
21.11		0.0039673396		
21.115		0.003966108		
21.12		0.003964877		
21.125		0.0039636467		
21.13		0.0039624171		
21.135		0.0039611882		
21.14		0.0039599599		
21.145		0.0039587323		
21.15		0.0039575054		
21.155		0.0039562791		
21.16		0.0039550535		
21.165		0.0039538286		
21.17		0.0039526043		
21.175		0.0039513807		
21.18		0.0039501578		
21.185		0.0039489355		
21.19		0.0039477139		
21.195		0.0039464929		
21.2		0.0039452726		
21.205		0.003944053		
21.21		0.003942834		
21.215		0.0039416157		
21.22		0.0039403981		
21.225		0.0039391811		
21.23		0.0039379648		
21.235		0.0039367491		
21.24		0.0039355341		
21.245		0.0039343197		
21.25		0.003933106		
21.255		0.003931893		
21.26		0.0039306806		
21.265		0.0039294689		
21.27		0.0039282578		
21.275		0.0039270474		
21.28		0.0039258376		
21.285		0.0039246285		
21.29		0.0039234201		
21.295		0.0039222123		
21.3		0.0039210051		
21.305		0.0039197986		
21.31		0.0039185927		
21.315		0.0039173875		
21.32		0.003916183		
21.325		0.0039149791		
21.33		0.0039137758		
21.335		0.0039125732		
21.34		0.0039113713		
21.345		0.00391017		
21.35		0.0039089693		
21.355		0.0039077693		
21.36		0.0039065699		
21.365		0.0039053712		
