0.25		1		
0.255		0.96902815		
0.26		0.94000184		
0.265		0.91276804		
0.27		0.8871887		
0.275		0.86313893		
0.28		0.84050555		
0.285		0.81918576		
0.29		0.79908599		
0.295		0.78012092		
0.3		0.76221264		
0.305		0.74528983		
0.31		0.72928711		
0.315		0.71414447		
0.32		0.69980673		
0.325		0.68622308		
0.33		0.67334663		
0.335		0.66113412		
0.34		0.64954551		
0.345		0.63854375		
0.35		0.62809448		
0.355		0.61816581		
0.36		0.60872812		
0.365		0.59975382		
0.37		0.59121726		
0.375		0.58309448		
0.38		0.57536316		
0.385		0.56800242		
0.39		0.56099276		
0.395		0.55431591		
0.4		0.54795477		
0.405		0.5418933		
0.41		0.53611644		
0.415		0.53061007		
0.42		0.52536089		
0.425		0.52035642		
0.43		0.51558489		
0.435		0.51103522		
0.44		0.50669696		
0.445		0.50256026		
0.45		0.49861582		
0.455		0.49485484		
0.46		0.49126903		
0.465		0.48785053		
0.47		0.48459189		
0.475		0.48148609		
0.48		0.47852645		
0.485		0.47570665		
0.49		0.47302068		
0.495		0.47046285		
0.5		0.46802776		
0.505		0.46571026		
0.51		0.46350547		
0.515		0.46140875		
0.52		0.45941568		
0.525		0.45752205		
0.53		0.45572385		
0.535		0.45401727		
0.54		0.45239867		
0.545		0.45086457		
0.55		0.44941166		
0.555		0.44803679		
0.56		0.44673693		
0.565		0.4455092		
0.57		0.44435085		
0.575		0.44325925		
0.58		0.44223186		
0.585		0.4412663		
0.59		0.44036023		
0.595		0.43951147		
0.6		0.4387179		
0.605		0.43797748		
0.61		0.43728829		
0.615		0.43664845		
0.62		0.43605618		
0.625		0.43550977		
0.63		0.43500758		
0.635		0.43454804		
0.64		0.43412961		
0.645		0.43375086		
0.65		0.43341039		
0.655		0.43310684		
0.66		0.43283894		
0.665		0.43260545		
0.67		0.43240516		
0.675		0.43223693		
0.68		0.43209965		
0.685		0.43199227		
0.69		0.43191376		
0.695		0.43186313		
0.7		0.43183944		
0.705		0.43184176		
0.71		0.43186923		
0.715		0.43192098		
0.72		0.4319962		
0.725		0.43209411		
0.73		0.43221393		
0.735		0.43235494		
0.74		0.43251642		
0.745		0.43269769		
0.75		0.43289809		
0.755		0.43311699		
0.76		0.43335376		
0.765		0.43360782		
0.77		0.43387858		
0.775		0.43416549		
0.78		0.43446803		
0.785		0.43478566		
0.79		0.43511789		
0.795		0.43546423		
0.8		0.43582421		
0.805		0.43619739		
0.81		0.43658332		
0.815		0.43698158		
0.82		0.43739175		
0.825		0.43781345		
0.83		0.43824628		
0.835		0.43868988		
0.84		0.43914388		
0.845		0.43960794		
0.85		0.44008171		
0.855		0.44056488		
0.86		0.44105711		
0.865		0.44155812		
0.87		0.44206759		
0.875		0.44258524		
0.88		0.44311078		
0.885		0.44364396		
0.89		0.44418451		
0.895		0.44473216		
0.9		0.44528668		
0.905		0.44584782		
0.91		0.44641536		
0.915		0.44698906		
0.92		0.44756871		
0.925		0.44815409		
0.93		0.44874501		
0.935		0.44934125		
0.94		0.44994263		
0.945		0.45054896		
0.95		0.45116005		
0.955		0.45177573		
0.96		0.45239582		
0.965		0.45302017		
0.97		0.4536486		
0.975		0.45428095		
0.98		0.45491708		
0.985		0.45555684		
0.99		0.45620008		
0.995		0.45684666		
1		0.45749645		
1.005		0.45814931		
1.01		0.45880511		
1.015		0.45946373		
1.02		0.46012505		
1.025		0.46078895		
1.03		0.46145531		
1.035		0.46212402		
1.04		0.46279498		
1.045		0.46346808		
1.05		0.46414321		
1.055		0.46482028		
1.06		0.46549919		
1.065		0.46617985		
1.07		0.46686216		
1.075		0.46754604		
1.08		0.46823139		
1.085		0.46891814		
1.09		0.4696062		
1.095		0.4702955		
1.1		0.47098595		
1.105		0.47167748		
1.11		0.47237002		
1.115		0.47306349		
1.12		0.47375783		
1.125		0.47445298		
1.13		0.47514885		
1.135		0.4758454		
1.14		0.47654255		
1.145		0.47724025		
1.15		0.47793844		
1.155		0.47863707		
1.16		0.47933607		
1.165		0.48003539		
1.17		0.48073499		
1.175		0.4814348		
1.18		0.48213478		
1.185		0.48283489		
1.19		0.48353507		
1.195		0.48423528		
1.2		0.48493547		
1.205		0.4856356		
1.21		0.48633564		
1.215		0.48703553		
1.22		0.48773524		
1.225		0.48843473		
1.23		0.48913396		
1.235		0.48983289		
1.24		0.4905315		
1.245		0.49122974		
1.25		0.49192758		
1.255		0.492625		
1.26		0.49332195		
1.265		0.4940184		
1.27		0.49471433		
1.275		0.49540971		
1.28		0.49610451		
1.285		0.4967987		
1.29		0.49749225		
1.295		0.49818514		
1.3		0.49887734		
1.305		0.49956883		
1.31		0.50025959		
1.315		0.50094958		
1.32		0.5016388		
1.325		0.50232721		
1.33		0.50301479		
1.335		0.50370153		
1.34		0.5043874		
1.345		0.50507239		
1.35		0.50575648		
1.355		0.50643964		
1.36		0.50712186		
1.365		0.50780312		
1.37		0.50848341		
1.375		0.5091627		
1.38		0.50984099		
1.385		0.51051826		
1.39		0.51119449		
1.395		0.51186967		
1.4		0.51254378		
1.405		0.51321682		
1.41		0.51388876		
1.415		0.5145596		
1.42		0.51522932		
1.425		0.51589791		
1.43		0.51656536		
1.435		0.51723166		
1.44		0.5178968		
1.445		0.51856076		
1.45		0.51922354		
1.455		0.51988513		
1.46		0.52054552		
1.465		0.52120469		
1.47		0.52186265		
1.475		0.52251937		
1.48		0.52317486		
1.485		0.52382911		
1.49		0.5244821		
1.495		0.52513383		
1.5		0.5257843		
1.505		0.52643349		
1.51		0.52708141		
1.515		0.52772803		
1.52		0.52837337		
1.525		0.5290174		
1.53		0.52966014		
1.535		0.53030156		
1.54		0.53094167		
1.545		0.53158046		
1.55		0.53221793		
1.555		0.53285407		
1.56		0.53348888		
1.565		0.53412235		
1.57		0.53475448		
1.575		0.53538526		
1.58		0.5360147		
1.585		0.53664279		
1.59		0.53726952		
1.595		0.5378949		
1.6		0.53851892		
1.605		0.53914157		
1.61		0.53976286		
1.615		0.54038278		
1.62		0.54100133		
1.625		0.54161852		
1.63		0.54223432		
1.635		0.54284876		
1.64		0.54346181		
1.645		0.54407349		
1.65		0.54468379		
1.655		0.54529271		
1.66		0.54590024		
1.665		0.54650639		
1.67		0.54711116		
1.675		0.54771455		
1.68		0.54831655		
1.685		0.54891716		
1.69		0.54951639		
1.695		0.55011423		
1.7		0.55071069		
1.705		0.55130575		
1.71		0.55189944		
1.715		0.55249173		
1.72		0.55308264		
1.725		0.55367216		
1.73		0.5542603		
1.735		0.55484705		
1.74		0.55543242		
1.745		0.5560164		
1.75		0.556599		
1.755		0.55718022		
1.76		0.55776006		
1.765		0.55833851		
1.77		0.55891558		
1.775		0.55949128		
1.78		0.5600656		
1.785		0.56063854		
1.79		0.56121011		
1.795		0.5617803		
1.8		0.56234912		
1.805		0.56291657		
1.81		0.56348265		
1.815		0.56404736		
1.82		0.5646107		
1.825		0.56517268		
1.83		0.5657333		
1.835		0.56629256		
1.84		0.56685046		
1.845		0.567407		
1.85		0.56796218		
1.855		0.56851601		
1.86		0.56906849		
1.865		0.56961962		
1.87		0.5701694		
1.875		0.57071784		
1.88		0.57126493		
1.885		0.57181068		
1.89		0.5723551		
1.895		0.57289818		
1.9		0.57343992		
1.905		0.57398033		
1.91		0.57451942		
1.915		0.57505717		
1.92		0.57559361		
1.925		0.57612872		
1.93		0.57666251		
1.935		0.57719498		
1.94		0.57772615		
1.945		0.578256		
1.95		0.57878454		
1.955		0.57931177		
1.96		0.5798377		
1.965		0.58036233		
1.97		0.58088566		
1.975		0.5814077		
1.98		0.58192845		
1.985		0.5824479		
1.99		0.58296607		
1.995		0.58348295		
2		0.58399856		
2.005		0.58451288		
2.01		0.58502593		
2.015		0.58553771		
2.02		0.58604822		
2.025		0.58655746		
2.03		0.58706543		
2.035		0.58757215		
2.04		0.58807761		
2.045		0.58858182		
2.05		0.58908477		
2.055		0.58958647		
2.06		0.59008693		
2.065		0.59058615		
2.07		0.59108413		
2.075		0.59158087		
2.08		0.59207638		
2.085		0.59257066		
2.09		0.59306371		
2.095		0.59355553		
2.1		0.59404614		
2.105		0.59453553		
2.11		0.59502371		
2.115		0.59551067		
2.12		0.59599642		
2.125		0.59648098		
2.13		0.59696432		
2.135		0.59744647		
2.14		0.59792743		
2.145		0.59840719		
2.15		0.59888577		
2.155		0.59936315		
2.16		0.59983936		
2.165		0.60031439		
2.17		0.60078824		
2.175		0.60126091		
2.18		0.60173242		
2.185		0.60220276		
2.19		0.60267194		
2.195		0.60313995		
2.2		0.60360681		
2.205		0.60407252		
2.21		0.60453708		
2.215		0.60500049		
2.22		0.60546275		
2.225		0.60592388		
2.23		0.60638386		
2.235		0.60684271		
2.24		0.60730044		
2.245		0.60775703		
2.25		0.6082125		
2.255		0.60866685		
2.26		0.60912007		
2.265		0.60957219		
2.27		0.61002319		
2.275		0.61047309		
2.28		0.61092188		
2.285		0.61136956		
2.29		0.61181615		
2.295		0.61226164		
2.3		0.61270604		
2.305		0.61314935		
2.31		0.61359158		
2.315		0.61403272		
2.32		0.61447278		
2.325		0.61491177		
2.33		0.61534968		
2.335		0.61578652		
2.34		0.6162223		
2.345		0.61665701		
2.35		0.61709066		
2.355		0.61752326		
2.36		0.61795479		
2.365		0.61838528		
2.37		0.61881472		
2.375		0.61924312		
2.38		0.61967047		
2.385		0.62009679		
2.39		0.62052207		
2.395		0.62094632		
2.4		0.62136954		
2.405		0.62179173		
2.41		0.6222129		
2.415		0.62263305		
2.42		0.62305219		
2.425		0.62347031		
2.43		0.62388742		
2.435		0.62430352		
2.44		0.62471862		
2.445		0.62513271		
2.45		0.62554581		
2.455		0.62595792		
2.46		0.62636903		
2.465		0.62677915		
2.47		0.62718829		
2.475		0.62759644		
2.48		0.62800362		
2.485		0.62840981		
2.49		0.62881504		
2.495		0.62921929		
2.5		0.62962257		
2.505		0.63002489		
2.51		0.63042625		
2.515		0.63082665		
2.52		0.63122609		
2.525		0.63162458		
2.53		0.63202212		
2.535		0.63241871		
2.54		0.63281436		
2.545		0.63320907		
2.55		0.63360284		
2.555		0.63399567		
2.56		0.63438757		
2.565		0.63477854		
2.57		0.63516859		
2.575		0.63555771		
2.58		0.63594591		
2.585		0.63633319		
2.59		0.63671956		
2.595		0.63710501		
2.6		0.63748956		
2.605		0.6378732		
2.61		0.63825593		
2.615		0.63863777		
2.62		0.6390187		
2.625		0.63939874		
2.63		0.63977789		
2.635		0.64015615		
2.64		0.64053352		
2.645		0.64091001		
2.65		0.64128561		
2.655		0.64166034		
2.66		0.64203419		
2.665		0.64240717		
2.67		0.64277928		
2.675		0.64315052		
2.68		0.64352089		
2.685		0.64389041		
2.69		0.64425906		
2.695		0.64462686		
2.7		0.6449938		
2.705		0.64535989		
2.71		0.64572513		
2.715		0.64608953		
2.72		0.64645308		
2.725		0.64681579		
2.73		0.64717767		
2.735		0.64753871		
2.74		0.64789891		
2.745		0.64825829		
2.75		0.64861683		
2.755		0.64897456		
2.76		0.64933146		
2.765		0.64968754		
2.77		0.6500428		
2.775		0.65039725		
2.78		0.65075088		
2.785		0.65110371		
2.79		0.65145573		
2.795		0.65180694		
2.8		0.65215736		
2.805		0.65250697		
2.81		0.65285579		
2.815		0.65320381		
2.82		0.65355104		
2.825		0.65389748		
2.83		0.65424313		
2.835		0.654588		
2.84		0.65493209		
2.845		0.65527539		
2.85		0.65561792		
2.855		0.65595968		
2.86		0.65630066		
2.865		0.65664088		
2.87		0.65698032		
2.875		0.657319		
2.88		0.65765692		
2.885		0.65799408		
2.89		0.65833048		
2.895		0.65866612		
2.9		0.65900101		
2.905		0.65933515		
2.91		0.65966854		
2.915		0.66000119		
2.92		0.66033309		
2.925		0.66066425		
2.93		0.66099467		
2.935		0.66132435		
2.94		0.6616533		
2.945		0.66198152		
2.95		0.66230901		
2.955		0.66263577		
2.96		0.6629618		
2.965		0.66328711		
2.97		0.6636117		
2.975		0.66393558		
2.98		0.66425873		
2.985		0.66458117		
2.99		0.6649029		
2.995		0.66522392		
3		0.66554424		
3.005		0.66586384		
3.01		0.66618275		
3.015		0.66650095		
3.02		0.66681845		
3.025		0.66713526		
3.03		0.66745137		
3.035		0.6677668		
3.04		0.66808153		
3.045		0.66839557		
3.05		0.66870893		
3.055		0.6690216		
3.06		0.66933359		
3.065		0.6696449		
3.07		0.66995554		
3.075		0.6702655		
3.08		0.67057479		
3.085		0.6708834		
3.09		0.67119135		
3.095		0.67149863		
3.1		0.67180524		
3.105		0.6721112		
3.11		0.67241649		
3.115		0.67272112		
3.12		0.67302509		
3.125		0.67332842		
3.13		0.67363108		
3.135		0.6739331		
3.14		0.67423447		
3.145		0.67453519		
3.15		0.67483527		
3.155		0.67513471		
3.16		0.6754335		
3.165		0.67573166		
3.17		0.67602918		
3.175		0.67632606		
3.18		0.67662231		
3.185		0.67691793		
3.19		0.67721292		
3.195		0.67750729		
3.2		0.67780103		
3.205		0.67809414		
3.21		0.67838664		
3.215		0.67867851		
3.22		0.67896977		
3.225		0.67926041		
3.23		0.67955044		
3.235		0.67983986		
3.24		0.68012866		
3.245		0.68041686		
3.25		0.68070445		
3.255		0.68099144		
3.26		0.68127782		
3.265		0.68156361		
3.27		0.68184879		
3.275		0.68213338		
3.28		0.68241737		
3.285		0.68270077		
3.29		0.68298358		
3.295		0.68326579		
3.3		0.68354742		
3.305		0.68382846		
3.31		0.68410892		
3.315		0.6843888		
3.32		0.68466809		
3.325		0.68494681		
3.33		0.68522494		
3.335		0.6855025		
3.34		0.68577949		
3.345		0.6860559		
3.35		0.68633175		
3.355		0.68660702		
3.36		0.68688173		
3.365		0.68715587		
3.37		0.68742945		
3.375		0.68770247		
3.38		0.68797492		
3.385		0.68824682		
3.39		0.68851816		
3.395		0.68878894		
3.4		0.68905917		
3.405		0.68932885		
3.41		0.68959798		
3.415		0.68986656		
3.42		0.69013459		
3.425		0.69040207		
3.43		0.69066902		
3.435		0.69093542		
3.44		0.69120128		
3.445		0.6914666		
3.45		0.69173138		
3.455		0.69199563		
3.46		0.69225934		
3.465		0.69252252		
3.47		0.69278517		
3.475		0.69304729		
3.48		0.69330888		
3.485		0.69356994		
3.49		0.69383048		
3.495		0.6940905		
3.5		0.69434999		
3.505		0.69460897		
3.51		0.69486742		
3.515		0.69512536		
3.52		0.69538279		
3.525		0.69563969		
3.53		0.69589609		
3.535		0.69615198		
3.54		0.69640735		
3.545		0.69666222		
3.55		0.69691658		
3.555		0.69717044		
3.56		0.69742379		
3.565		0.69767664		
3.57		0.69792899		
3.575		0.69818084		
3.58		0.69843219		
3.585		0.69868305		
3.59		0.69893341		
3.595		0.69918328		
3.6		0.69943265		
3.605		0.69968154		
3.61		0.69992993		
3.615		0.70017784		
3.62		0.70042527		
3.625		0.7006722		
3.63		0.70091866		
3.635		0.70116463		
3.64		0.70141012		
3.645		0.70165513		
3.65		0.70189967		
3.655		0.70214372		
3.66		0.70238731		
3.665		0.70263042		
3.67		0.70287305		
3.675		0.70311522		
3.68		0.70335691		
3.685		0.70359814		
3.69		0.7038389		
3.695		0.7040792		
3.7		0.70431903		
3.705		0.7045584		
3.71		0.7047973		
3.715		0.70503575		
3.72		0.70527373		
3.725		0.70551126		
3.73		0.70574834		
3.735		0.70598496		
3.74		0.70622112		
3.745		0.70645683		
3.75		0.70669209		
3.755		0.7069269		
3.76		0.70716127		
3.765		0.70739518		
3.77		0.70762865		
3.775		0.70786168		
3.78		0.70809426		
3.785		0.7083264		
3.79		0.70855809		
3.795		0.70878935		
3.8		0.70902017		
3.805		0.70925055		
3.81		0.7094805		
3.815		0.70971001		
3.82		0.70993909		
3.825		0.71016774		
3.83		0.71039595		
3.835		0.71062374		
3.84		0.71085109		
3.845		0.71107802		
3.85		0.71130453		
3.855		0.7115306		
3.86		0.71175626		
3.865		0.71198149		
3.87		0.7122063		
3.875		0.71243069		
3.88		0.71265466		
3.885		0.71287821		
3.89		0.71310135		
3.895		0.71332407		
3.9		0.71354637		
3.905		0.71376827		
3.91		0.71398975		
3.915		0.71421082		
3.92		0.71443148		
3.925		0.71465173		
3.93		0.71487157		
3.935		0.71509101		
3.94		0.71531004		
3.945		0.71552867		
3.95		0.71574689		
3.955		0.71596472		
3.96		0.71618214		
3.965		0.71639916		
3.97		0.71661579		
3.975		0.71683201		
3.98		0.71704784		
3.985		0.71726328		
3.99		0.71747832		
3.995		0.71769297		
4		0.71790722		
4.005		0.71812109		
4.01		0.71833456		
4.015		0.71854765		
4.02		0.71876035		
4.025		0.71897266		
4.03		0.71918458		
4.035		0.71939612		
4.04		0.71960728		
4.045		0.71981806		
4.05		0.72002845		
4.055		0.72023847		
4.06		0.7204481		
4.065		0.72065736		
4.07		0.72086624		
4.075		0.72107474		
4.08		0.72128287		
4.085		0.72149062		
4.09		0.721698		
4.095		0.72190501		
4.1		0.72211165		
4.105		0.72231791		
4.11		0.72252381		
4.115		0.72272934		
4.12		0.7229345		
4.125		0.7231393		
4.13		0.72334373		
4.135		0.7235478		
4.14		0.7237515		
4.145		0.72395484		
4.15		0.72415782		
4.155		0.72436044		
4.16		0.7245627		
4.165		0.72476461		
4.17		0.72496615		
4.175		0.72516734		
4.18		0.72536818		
4.185		0.72556865		
4.19		0.72576878		
4.195		0.72596855		
4.2		0.72616797		
4.205		0.72636704		
4.21		0.72656577		
4.215		0.72676414		
4.22		0.72696216		
4.225		0.72715984		
4.23		0.72735717		
4.235		0.72755416		
4.24		0.7277508		
4.245		0.7279471		
4.25		0.72814305		
4.255		0.72833867		
4.26		0.72853394		
4.265		0.72872888		
4.27		0.72892347		
4.275		0.72911773		
4.28		0.72931165		
4.285		0.72950523		
4.29		0.72969848		
4.295		0.7298914		
4.3		0.73008398		
4.305		0.73027623		
4.31		0.73046815		
4.315		0.73065973		
4.32		0.73085099		
4.325		0.73104192		
4.33		0.73123252		
4.335		0.73142279		
4.34		0.73161273		
4.345		0.73180235		
4.35		0.73199165		
4.355		0.73218062		
4.36		0.73236927		
4.365		0.73255759		
4.37		0.7327456		
4.375		0.73293328		
4.38		0.73312065		
4.385		0.73330769		
4.39		0.73349442		
4.395		0.73368083		
4.4		0.73386692		
4.405		0.7340527		
4.41		0.73423816		
4.415		0.73442331		
4.42		0.73460814		
4.425		0.73479267		
4.43		0.73497688		
4.435		0.73516078		
4.44		0.73534437		
4.445		0.73552765		
4.45		0.73571063		
4.455		0.73589329		
4.46		0.73607565		
4.465		0.7362577		
4.47		0.73643945		
4.475		0.7366209		
4.48		0.73680204		
4.485		0.73698287		
4.49		0.73716341		
4.495		0.73734364		
4.5		0.73752357		
4.505		0.73770321		
4.51		0.73788254		
4.515		0.73806158		
4.52		0.73824032		
4.525		0.73841876		
4.53		0.7385969		
4.535		0.73877475		
4.54		0.73895231		
4.545		0.73912957		
4.55		0.73930654		
4.555		0.73948322		
4.56		0.7396596		
4.565		0.7398357		
4.57		0.7400115		
4.575		0.74018702		
4.58		0.74036225		
4.585		0.74053719		
4.59		0.74071184		
4.595		0.7408862		
4.6		0.74106028		
4.605		0.74123408		
4.61		0.74140759		
4.615		0.74158082		
4.62		0.74175376		
4.625		0.74192642		
4.63		0.7420988		
4.635		0.7422709		
4.64		0.74244272		
4.645		0.74261427		
4.65		0.74278553		
4.655		0.74295651		
4.66		0.74312722		
4.665		0.74329765		
4.67		0.74346781		
4.675		0.74363769		
4.68		0.74380729		
4.685		0.74397662		
4.69		0.74414568		
4.695		0.74431447		
4.7		0.74448298		
4.705		0.74465123		
4.71		0.7448192		
4.715		0.7449869		
4.72		0.74515434		
4.725		0.7453215		
4.73		0.7454884		
4.735		0.74565503		
4.74		0.7458214		
4.745		0.7459875		
4.75		0.74615333		
4.755		0.7463189		
4.76		0.7464842		
4.765		0.74664925		
4.77		0.74681403		
4.775		0.74697854		
4.78		0.7471428		
4.785		0.7473068		
4.79		0.74747053		
4.795		0.74763401		
4.8		0.74779723		
4.805		0.74796019		
4.81		0.74812289		
4.815		0.74828534		
4.82		0.74844753		
4.825		0.74860946		
4.83		0.74877114		
4.835		0.74893257		
4.84		0.74909374		
4.845		0.74925466		
4.85		0.74941532		
4.855		0.74957574		
4.86		0.7497359		
4.865		0.74989581		
4.87		0.75005548		
4.875		0.75021489		
4.88		0.75037405		
4.885		0.75053297		
4.89		0.75069164		
4.895		0.75085006		
4.9		0.75100823		
4.905		0.75116616		
4.91		0.75132384		
4.915		0.75148128		
4.92		0.75163848		
4.925		0.75179543		
4.93		0.75195214		
4.935		0.75210861		
4.94		0.75226483		
4.945		0.75242081		
4.95		0.75257656		
4.955		0.75273206		
4.96		0.75288732		
4.965		0.75304235		
4.97		0.75319713		
4.975		0.75335168		
4.98		0.75350599		
4.985		0.75366007		
4.99		0.75381391		
4.995		0.75396751		
5		0.75412088		
5.005		0.75427401		
5.01		0.75442691		
5.015		0.75457958		
5.02		0.75473201		
5.025		0.75488422		
5.03		0.75503619		
5.035		0.75518793		
5.04		0.75533943		
5.045		0.75549071		
5.05		0.75564176		
5.055		0.75579258		
5.06		0.75594318		
5.065		0.75609354		
5.07		0.75624368		
5.075		0.75639359		
5.08		0.75654327		
5.085		0.75669273		
5.09		0.75684196		
5.095		0.75699097		
5.1		0.75713976		
5.105		0.75728832		
5.11		0.75743665		
5.115		0.75758477		
5.12		0.75773266		
5.125		0.75788033		
5.13		0.75802778		
5.135		0.75817501		
5.14		0.75832203		
5.145		0.75846882		
5.15		0.75861539		
5.155		0.75876174		
5.16		0.75890788		
5.165		0.75905379		
5.17		0.7591995		
5.175		0.75934498		
5.18		0.75949025		
5.185		0.7596353		
5.19		0.75978014		
5.195		0.75992476		
5.2		0.76006917		
5.205		0.76021337		
5.21		0.76035735		
5.215		0.76050112		
5.22		0.76064468		
5.225		0.76078803		
5.23		0.76093117		
5.235		0.76107409		
5.24		0.76121681		
5.245		0.76135931		
5.25		0.76150161		
5.255		0.7616437		
5.26		0.76178558		
5.265		0.76192725		
5.27		0.76206872		
5.275		0.76220998		
5.28		0.76235103		
5.285		0.76249187		
5.29		0.76263252		
5.295		0.76277295		
5.3		0.76291318		
5.305		0.76305321		
5.31		0.76319304		
5.315		0.76333266		
5.32		0.76347208		
5.325		0.76361129		
5.33		0.76375031		
5.335		0.76388912		
5.34		0.76402774		
5.345		0.76416615		
5.35		0.76430436		
5.355		0.76444238		
5.36		0.76458019		
5.365		0.76471781		
5.37		0.76485523		
5.375		0.76499245		
5.38		0.76512947		
5.385		0.7652663		
5.39		0.76540293		
5.395		0.76553936		
5.4		0.7656756		
5.405		0.76581165		
5.41		0.7659475		
5.415		0.76608315		
5.42		0.76621861		
5.425		0.76635388		
5.43		0.76648896		
5.435		0.76662384		
5.44		0.76675853		
5.445		0.76689303		
5.45		0.76702734		
5.455		0.76716146		
5.46		0.76729539		
5.465		0.76742913		
5.47		0.76756268		
5.475		0.76769604		
5.48		0.76782921		
5.485		0.76796219		
5.49		0.76809499		
5.495		0.7682276		
5.5		0.76836002		
5.505		0.76849225		
5.51		0.7686243		
5.515		0.76875616		
5.52		0.76888784		
5.525		0.76901933		
5.53		0.76915064		
5.535		0.76928177		
5.54		0.76941271		
5.545		0.76954346		
5.55		0.76967404		
5.555		0.76980443		
5.56		0.76993464		
5.565		0.77006467		
5.57		0.77019452		
5.575		0.77032418		
5.58		0.77045367		
5.585		0.77058297		
5.59		0.7707121		
5.595		0.77084105		
5.6		0.77096981		
5.605		0.7710984		
5.61		0.77122681		
5.615		0.77135505		
5.62		0.7714831		
5.625		0.77161098		
5.63		0.77173869		
5.635		0.77186621		
5.64		0.77199356		
5.645		0.77212074		
5.65		0.77224774		
5.655		0.77237456		
5.66		0.77250121		
5.665		0.77262769		
5.67		0.77275399		
5.675		0.77288012		
5.68		0.77300608		
5.685		0.77313186		
5.69		0.77325748		
5.695		0.77338292		
5.7		0.77350819		
5.705		0.77363329		
5.71		0.77375821		
5.715		0.77388297		
5.72		0.77400756		
5.725		0.77413198		
5.73		0.77425622		
5.735		0.77438031		
5.74		0.77450422		
5.745		0.77462796		
5.75		0.77475154		
5.755		0.77487494		
5.76		0.77499819		
5.765		0.77512126		
5.77		0.77524417		
5.775		0.77536691		
5.78		0.77548949		
5.785		0.7756119		
5.79		0.77573415		
5.795		0.77585623		
5.8		0.77597815		
5.805		0.7760999		
5.81		0.77622149		
5.815		0.77634292		
5.82		0.77646418		
5.825		0.77658528		
5.83		0.77670622		
5.835		0.776827		
5.84		0.77694762		
5.845		0.77706807		
5.85		0.77718837		
5.855		0.7773085		
5.86		0.77742847		
5.865		0.77754829		
5.87		0.77766794		
5.875		0.77778744		
5.88		0.77790677		
5.885		0.77802595		
5.89		0.77814497		
5.895		0.77826383		
5.9		0.77838254		
5.905		0.77850108		
5.91		0.77861947		
5.915		0.77873771		
5.92		0.77885579		
5.925		0.77897371		
5.93		0.77909147		
5.935		0.77920909		
5.94		0.77932654		
5.945		0.77944384		
5.95		0.77956099		
5.955		0.77967798		
5.96		0.77979482		
5.965		0.77991151		
5.97		0.78002804		
5.975		0.78014443		
5.98		0.78026065		
5.985		0.78037673		
5.99		0.78049265		
5.995		0.78060843		
6		0.78072405		
6.005		0.78083952		
6.01		0.78095484		
6.015		0.78107001		
6.02		0.78118503		
6.025		0.78129991		
6.03		0.78141463		
6.035		0.7815292		
6.04		0.78164362		
6.045		0.7817579		
6.05		0.78187203		
6.055		0.78198601		
6.06		0.78209984		
6.065		0.78221353		
6.07		0.78232707		
6.075		0.78244046		
6.08		0.7825537		
6.085		0.7826668		
6.09		0.78277976		
6.095		0.78289257		
6.1		0.78300523		
6.105		0.78311775		
6.11		0.78323012		
6.115		0.78334235		
6.12		0.78345444		
6.125		0.78356638		
6.13		0.78367818		
6.135		0.78378984		
6.14		0.78390135		
6.145		0.78401272		
6.15		0.78412395		
6.155		0.78423504		
6.16		0.78434599		
6.165		0.78445679		
6.17		0.78456745		
6.175		0.78467797		
6.18		0.78478836		
6.185		0.7848986		
6.19		0.7850087		
6.195		0.78511866		
6.2		0.78522848		
6.205		0.78533817		
6.21		0.78544771		
6.215		0.78555712		
6.22		0.78566639		
6.225		0.78577552		
6.23		0.78588451		
6.235		0.78599336		
6.24		0.78610208		
6.245		0.78621066		
6.25		0.78631911		
6.255		0.78642742		
6.26		0.78653559		
6.265		0.78664362		
6.27		0.78675152		
6.275		0.78685929		
6.28		0.78696692		
6.285		0.78707441		
6.29		0.78718178		
6.295		0.787289		
6.3		0.7873961		
6.305		0.78750305		
6.31		0.78760988		
6.315		0.78771657		
6.32		0.78782313		
6.325		0.78792956		
6.33		0.78803585		
6.335		0.78814202		
6.34		0.78824805		
6.345		0.78835395		
6.35		0.78845971		
6.355		0.78856535		
6.36		0.78867086		
6.365		0.78877623		
6.37		0.78888148		
6.375		0.78898659		
6.38		0.78909158		
6.385		0.78919643		
6.39		0.78930116		
6.395		0.78940575		
6.4		0.78951022		
6.405		0.78961456		
6.41		0.78971877		
6.415		0.78982286		
6.42		0.78992681		
6.425		0.79003064		
6.43		0.79013434		
6.435		0.79023791		
6.44		0.79034136		
6.445		0.79044468		
6.45		0.79054788		
6.455		0.79065094		
6.46		0.79075389		
6.465		0.7908567		
6.47		0.79095939		
6.475		0.79106196		
6.48		0.7911644		
6.485		0.79126672		
6.49		0.79136891		
6.495		0.79147097		
6.5		0.79157292		
6.505		0.79167474		
6.51		0.79177644		
6.515		0.79187801		
6.52		0.79197946		
6.525		0.79208079		
6.53		0.79218199		
6.535		0.79228307		
6.54		0.79238404		
6.545		0.79248487		
6.55		0.79258559		
6.555		0.79268619		
6.56		0.79278666		
6.565		0.79288702		
6.57		0.79298725		
6.575		0.79308736		
6.58		0.79318736		
6.585		0.79328723		
6.59		0.79338698		
6.595		0.79348661		
6.6		0.79358613		
6.605		0.79368552		
6.61		0.7937848		
6.615		0.79388396		
6.62		0.793983		
6.625		0.79408192		
6.63		0.79418072		
6.635		0.79427941		
6.64		0.79437797		
6.645		0.79447642		
6.65		0.79457476		
6.655		0.79467297		
6.66		0.79477107		
6.665		0.79486906		
6.67		0.79496693		
6.675		0.79506468		
6.68		0.79516231		
6.685		0.79525983		
6.69		0.79535724		
6.695		0.79545453		
6.7		0.7955517		
6.705		0.79564876		
6.71		0.79574571		
6.715		0.79584254		
6.72		0.79593926		
6.725		0.79603586		
6.73		0.79613235		
6.735		0.79622873		
6.74		0.79632499		
6.745		0.79642114		
6.75		0.79651718		
6.755		0.7966131		
6.76		0.79670891		
6.765		0.79680461		
6.77		0.7969002		
6.775		0.79699568		
6.78		0.79709104		
6.785		0.7971863		
6.79		0.79728144		
6.795		0.79737647		
6.8		0.79747139		
6.805		0.7975662		
6.81		0.7976609		
6.815		0.7977555		
6.82		0.79784998		
6.825		0.79794435		
6.83		0.79803861		
6.835		0.79813276		
6.84		0.7982268		
6.845		0.79832074		
6.85		0.79841456		
6.855		0.79850828		
6.86		0.79860188		
6.865		0.79869539		
6.87		0.79878878		
6.875		0.79888206		
6.88		0.79897524		
6.885		0.79906831		
6.89		0.79916127		
6.895		0.79925413		
6.9		0.79934688		
6.905		0.79943952		
6.91		0.79953205		
6.915		0.79962448		
6.92		0.79971681		
6.925		0.79980903		
6.93		0.79990114		
6.935		0.79999315		
6.94		0.80008505		
6.945		0.80017684		
6.95		0.80026854		
6.955		0.80036012		
6.96		0.80045161		
6.965		0.80054299		
6.97		0.80063426		
6.975		0.80072543		
6.98		0.8008165		
6.985		0.80090746		
6.99		0.80099832		
6.995		0.80108908		
7		0.80117974		
7.005		0.80127029		
7.01		0.80136074		
7.015		0.80145108		
7.02		0.80154133		
7.025		0.80163147		
7.03		0.80172151		
7.035		0.80181145		
7.04		0.80190129		
7.045		0.80199102		
7.05		0.80208066		
7.055		0.80217019		
7.06		0.80225963		
7.065		0.80234896		
7.07		0.80243819		
7.075		0.80252732		
7.08		0.80261635		
7.085		0.80270529		
7.09		0.80279412		
7.095		0.80288285		
7.1		0.80297149		
7.105		0.80306002		
7.11		0.80314846		
7.115		0.80323679		
7.12		0.80332503		
7.125		0.80341317		
7.13		0.80350121		
7.135		0.80358916		
7.14		0.803677		
7.145		0.80376475		
7.15		0.8038524		
7.155		0.80393995		
7.16		0.80402741		
7.165		0.80411477		
7.17		0.80420203		
7.175		0.80428919		
7.18		0.80437626		
7.185		0.80446323		
7.19		0.80455011		
7.195		0.80463689		
7.2		0.80472357		
7.205		0.80481016		
7.21		0.80489665		
7.215		0.80498305		
7.22		0.80506935		
7.225		0.80515555		
7.23		0.80524167		
7.235		0.80532768		
7.24		0.80541361		
7.245		0.80549943		
7.25		0.80558517		
7.255		0.80567081		
7.26		0.80575635		
7.265		0.80584181		
7.27		0.80592716		
7.275		0.80601243		
7.28		0.8060976		
7.285		0.80618268		
7.29		0.80626766		
7.295		0.80635256		
7.3		0.80643736		
7.305		0.80652207		
7.31		0.80660668		
7.315		0.80669121		
7.32		0.80677564		
7.325		0.80685998		
7.33		0.80694423		
7.335		0.80702838		
7.34		0.80711245		
7.345		0.80719642		
7.35		0.8072803		
7.355		0.8073641		
7.36		0.8074478		
7.365		0.80753141		
7.37		0.80761493		
7.375		0.80769836		
7.38		0.8077817		
7.385		0.80786495		
7.39		0.80794811		
7.395		0.80803118		
7.4		0.80811416		
7.405		0.80819706		
7.41		0.80827986		
7.415		0.80836257		
7.42		0.8084452		
7.425		0.80852773		
7.43		0.80861018		
7.435		0.80869254		
7.44		0.80877481		
7.445		0.80885699		
7.45		0.80893909		
7.455		0.8090211		
7.46		0.80910302		
7.465		0.80918485		
7.47		0.80926659		
7.475		0.80934825		
7.48		0.80942982		
7.485		0.8095113		
7.49		0.8095927		
7.495		0.80967401		
7.5		0.80975523		
7.505		0.80983637		
7.51		0.80991742		
7.515		0.80999839		
7.52		0.81007927		
7.525		0.81016006		
7.53		0.81024077		
7.535		0.81032139		
7.54		0.81040193		
7.545		0.81048238		
7.55		0.81056274		
7.555		0.81064302		
7.56		0.81072322		
7.565		0.81080333		
7.57		0.81088336		
7.575		0.81096331		
7.58		0.81104316		
7.585		0.81112294		
7.59		0.81120263		
7.595		0.81128224		
7.6		0.81136176		
7.605		0.8114412		
7.61		0.81152056		
7.615		0.81159983		
7.62		0.81167902		
7.625		0.81175813		
7.63		0.81183716		
7.635		0.8119161		
7.64		0.81199496		
7.645		0.81207374		
7.65		0.81215243		
7.655		0.81223105		
7.66		0.81230958		
7.665		0.81238803		
7.67		0.81246639		
7.675		0.81254468		
7.68		0.81262288		
7.685		0.81270101		
7.69		0.81277905		
7.695		0.81285701		
7.7		0.81293489		
7.705		0.81301269		
7.71		0.81309041		
7.715		0.81316805		
7.72		0.8132456		
7.725		0.81332308		
7.73		0.81340048		
7.735		0.8134778		
7.74		0.81355503		
7.745		0.81363219		
7.75		0.81370927		
7.755		0.81378627		
7.76		0.81386319		
7.765		0.81394003		
7.77		0.81401679		
7.775		0.81409347		
7.78		0.81417008		
7.785		0.8142466		
7.79		0.81432305		
7.795		0.81439942		
7.8		0.81447571		
7.805		0.81455192		
7.81		0.81462805		
7.815		0.81470411		
7.82		0.81478008		
7.825		0.81485598		
7.83		0.81493181		
7.835		0.81500755		
7.84		0.81508322		
7.845		0.81515881		
7.85		0.81523432		
7.855		0.81530976		
7.86		0.81538512		
7.865		0.8154604		
7.87		0.81553561		
7.875		0.81561074		
7.88		0.8156858		
7.885		0.81576077		
7.89		0.81583568		
7.895		0.8159105		
7.9		0.81598525		
7.905		0.81605993		
7.91		0.81613453		
7.915		0.81620905		
7.92		0.8162835		
7.925		0.81635787		
7.93		0.81643217		
7.935		0.81650639		
7.94		0.81658054		
7.945		0.81665461		
7.95		0.81672861		
7.955		0.81680254		
7.96		0.81687639		
7.965		0.81695016		
7.97		0.81702386		
7.975		0.81709749		
7.98		0.81717104		
7.985		0.81724452		
7.99		0.81731793		
7.995		0.81739126		
8		0.81746452		
8.005		0.81753771		
8.01		0.81761082		
8.015		0.81768386		
8.02		0.81775683		
8.025		0.81782972		
8.03		0.81790255		
8.035		0.81797529		
8.04		0.81804797		
8.045		0.81812057		
8.05		0.81819311		
8.055		0.81826557		
8.06		0.81833795		
8.065		0.81841027		
8.07		0.81848251		
8.075		0.81855469		
8.08		0.81862679		
8.085		0.81869882		
8.09		0.81877077		
8.095		0.81884266		
8.1		0.81891447		
8.105		0.81898622		
8.11		0.81905789		
8.115		0.8191295		
8.12		0.81920103		
8.125		0.81927249		
8.13		0.81934388		
8.135		0.8194152		
8.14		0.81948645		
8.145		0.81955763		
8.15		0.81962874		
8.155		0.81969978		
8.16		0.81977075		
8.165		0.81984165		
8.17		0.81991249		
8.175		0.81998325		
8.18		0.82005394		
8.185		0.82012456		
8.19		0.82019512		
8.195		0.8202656		
8.2		0.82033602		
8.205		0.82040637		
8.21		0.82047665		
8.215		0.82054686		
8.22		0.820617		
8.225		0.82068707		
8.23		0.82075708		
8.235		0.82082701		
8.24		0.82089688		
8.245		0.82096668		
8.25		0.82103641		
8.255		0.82110608		
8.26		0.82117568		
8.265		0.82124521		
8.27		0.82131467		
8.275		0.82138406		
8.28		0.82145339		
8.285		0.82152265		
8.29		0.82159185		
8.295		0.82166097		
8.3		0.82173003		
8.305		0.82179903		
8.31		0.82186795		
8.315		0.82193681		
8.32		0.82200561		
8.325		0.82207433		
8.33		0.82214299		
8.335		0.82221159		
8.34		0.82228012		
8.345		0.82234858		
8.35		0.82241698		
8.355		0.82248531		
8.36		0.82255358		
8.365		0.82262178		
8.37		0.82268991		
8.375		0.82275798		
8.38		0.82282599		
8.385		0.82289392		
8.39		0.8229618		
8.395		0.82302961		
8.4		0.82309735		
8.405		0.82316503		
8.41		0.82323265		
8.415		0.8233002		
8.42		0.82336769		
8.425		0.82343511		
8.43		0.82350247		
8.435		0.82356976		
8.44		0.82363699		
8.445		0.82370415		
8.45		0.82377126		
8.455		0.82383829		
8.46		0.82390527		
8.465		0.82397218		
8.47		0.82403903		
8.475		0.82410581		
8.48		0.82417253		
8.485		0.82423919		
8.49		0.82430578		
8.495		0.82437232		
8.5		0.82443878		
8.505		0.82450519		
8.51		0.82457153		
8.515		0.82463781		
8.52		0.82470403		
8.525		0.82477019		
8.53		0.82483628		
8.535		0.82490231		
8.54		0.82496828		
8.545		0.82503419		
8.55		0.82510003		
8.555		0.82516582		
8.56		0.82523154		
8.565		0.8252972		
8.57		0.8253628		
8.575		0.82542833		
8.58		0.82549381		
8.585		0.82555922		
8.59		0.82562458		
8.595		0.82568987		
8.6		0.8257551		
8.605		0.82582027		
8.61		0.82588538		
8.615		0.82595043		
8.62		0.82601541		
8.625		0.82608034		
8.63		0.82614521		
8.635		0.82621001		
8.64		0.82627476		
8.645		0.82633944		
8.65		0.82640407		
8.655		0.82646864		
8.66		0.82653314		
8.665		0.82659759		
8.67		0.82666197		
8.675		0.8267263		
8.68		0.82679057		
8.685		0.82685477		
8.69		0.82691892		
8.695		0.82698301		
8.7		0.82704704		
8.705		0.82711101		
8.71		0.82717492		
8.715		0.82723877		
8.72		0.82730256		
8.725		0.8273663		
8.73		0.82742997		
8.735		0.82749359		
8.74		0.82755715		
8.745		0.82762065		
8.75		0.82768409		
8.755		0.82774747		
8.76		0.8278108		
8.765		0.82787406		
8.77		0.82793727		
8.775		0.82800042		
8.78		0.82806352		
8.785		0.82812655		
8.79		0.82818953		
8.795		0.82825245		
8.8		0.82831531		
8.805		0.82837811		
8.81		0.82844086		
8.815		0.82850355		
8.82		0.82856619		
8.825		0.82862876		
8.83		0.82869128		
8.835		0.82875374		
8.84		0.82881615		
8.845		0.8288785		
8.85		0.82894079		
8.855		0.82900302		
8.86		0.8290652		
8.865		0.82912732		
8.87		0.82918939		
8.875		0.8292514		
8.88		0.82931335		
8.885		0.82937525		
8.89		0.82943709		
8.895		0.82949887		
8.9		0.8295606		
8.905		0.82962227		
8.91		0.82968389		
8.915		0.82974545		
8.92		0.82980696		
8.925		0.82986841		
8.93		0.82992981		
8.935		0.82999115		
8.94		0.83005243		
8.945		0.83011366		
8.95		0.83017483		
8.955		0.83023595		
8.96		0.83029702		
8.965		0.83035803		
8.97		0.83041898		
8.975		0.83047988		
8.98		0.83054073		
8.985		0.83060152		
8.99		0.83066226		
8.995		0.83072294		
9		0.83078357		
9.005		0.83084414		
9.01		0.83090466		
9.015		0.83096512		
9.02		0.83102554		
9.025		0.83108589		
9.03		0.8311462		
9.035		0.83120645		
9.04		0.83126664		
9.045		0.83132679		
9.05		0.83138687		
9.055		0.83144691		
9.06		0.83150689		
9.065		0.83156682		
9.07		0.8316267		
9.075		0.83168652		
9.08		0.83174629		
9.085		0.831806		
9.09		0.83186567		
9.095		0.83192528		
9.1		0.83198484		
9.105		0.83204434		
9.11		0.83210379		
9.115		0.83216319		
9.12		0.83222254		
9.125		0.83228184		
9.13		0.83234108		
9.135		0.83240027		
9.14		0.83245941		
9.145		0.83251849		
9.15		0.83257753		
9.155		0.83263651		
9.16		0.83269544		
9.165		0.83275432		
9.17		0.83281314		
9.175		0.83287192		
9.18		0.83293064		
9.185		0.83298931		
9.19		0.83304793		
9.195		0.8331065		
9.2		0.83316502		
9.205		0.83322349		
9.21		0.8332819		
9.215		0.83334026		
9.22		0.83339858		
9.225		0.83345684		
9.23		0.83351505		
9.235		0.83357321		
9.24		0.83363132		
9.245		0.83368938		
9.25		0.83374739		
9.255		0.83380534		
9.26		0.83386325		
9.265		0.83392111		
9.27		0.83397891		
9.275		0.83403667		
9.28		0.83409438		
9.285		0.83415203		
9.29		0.83420964		
9.295		0.83426719		
9.3		0.8343247		
9.305		0.83438215		
9.31		0.83443956		
9.315		0.83449692		
9.32		0.83455422		
9.325		0.83461148		
9.33		0.83466869		
9.335		0.83472585		
9.34		0.83478296		
9.345		0.83484002		
9.35		0.83489703		
9.355		0.83495399		
9.36		0.8350109		
9.365		0.83506776		
9.37		0.83512458		
9.375		0.83518134		
9.38		0.83523806		
9.385		0.83529473		
9.39		0.83535134		
9.395		0.83540791		
9.4		0.83546444		
9.405		0.83552091		
9.41		0.83557733		
9.415		0.83563371		
9.42		0.83569004		
9.425		0.83574632		
9.43		0.83580255		
9.435		0.83585873		
9.44		0.83591487		
9.445		0.83597096		
9.45		0.836027		
9.455		0.83608299		
9.46		0.83613893		
9.465		0.83619483		
9.47		0.83625068		
9.475		0.83630648		
9.48		0.83636223		
9.485		0.83641794		
9.49		0.8364736		
9.495		0.83652921		
9.5		0.83658477		
9.505		0.83664029		
9.51		0.83669576		
9.515		0.83675118		
9.52		0.83680656		
9.525		0.83686189		
9.53		0.83691717		
9.535		0.83697241		
9.54		0.8370276		
9.545		0.83708274		
9.55		0.83713783		
9.555		0.83719288		
9.56		0.83724788		
9.565		0.83730284		
9.57		0.83735775		
9.575		0.83741261		
9.58		0.83746743		
9.585		0.8375222		
9.59		0.83757692		
9.595		0.8376316		
9.6		0.83768623		
9.605		0.83774082		
9.61		0.83779536		
9.615		0.83784986		
9.62		0.8379043		
9.625		0.83795871		
9.63		0.83801307		
9.635		0.83806738		
9.64		0.83812164		
9.645		0.83817587		
9.65		0.83823004		
9.655		0.83828417		
9.66		0.83833826		
9.665		0.8383923		
9.67		0.83844629		
9.675		0.83850024		
9.68		0.83855415		
9.685		0.83860801		
9.69		0.83866182		
9.695		0.83871559		
9.7		0.83876932		
9.705		0.838823		
9.71		0.83887663		
9.715		0.83893022		
9.72		0.83898377		
9.725		0.83903727		
9.73		0.83909073		
9.735		0.83914415		
9.74		0.83919751		
9.745		0.83925084		
9.75		0.83930412		
9.755		0.83935736		
9.76		0.83941055		
9.765		0.8394637		
9.77		0.8395168		
9.775		0.83956986		
9.78		0.83962288		
9.785		0.83967585		
9.79		0.83972878		
9.795		0.83978167		
9.8		0.83983451		
9.805		0.83988731		
9.81		0.83994006		
9.815		0.83999277		
9.82		0.84004544		
9.825		0.84009807		
9.83		0.84015065		
9.835		0.84020319		
9.84		0.84025568		
9.845		0.84030813		
9.85		0.84036054		
9.855		0.84041291		
9.86		0.84046523		
9.865		0.84051751		
9.87		0.84056975		
9.875		0.84062194		
9.88		0.84067409		
9.885		0.8407262		
9.89		0.84077827		
9.895		0.84083029		
9.9		0.84088228		
9.905		0.84093421		
9.91		0.84098611		
9.915		0.84103797		
9.92		0.84108978		
9.925		0.84114155		
9.93		0.84119328		
9.935		0.84124496		
9.94		0.8412966		
9.945		0.84134821		
9.95		0.84139977		
9.955		0.84145128		
9.96		0.84150276		
9.965		0.84155419		
9.97		0.84160559		
9.975		0.84165694		
9.98		0.84170825		
9.985		0.84175951		
9.99		0.84181074		
9.995		0.84186192		
10		0.84191307		
10.005		0.84196417		
10.01		0.84201523		
10.015		0.84206625		
10.02		0.84211723		
10.025		0.84216816		
10.03		0.84221906		
10.035		0.84226992		
10.04		0.84232073		
10.045		0.8423715		
10.05		0.84242223		
10.055		0.84247293		
10.06		0.84252358		
10.065		0.84257419		
10.07		0.84262476		
10.075		0.84267528		
10.08		0.84272577		
10.085		0.84277622		
10.09		0.84282663		
10.095		0.84287699		
10.1		0.84292732		
10.105		0.84297761		
10.11		0.84302785		
10.115		0.84307806		
10.12		0.84312822		
10.125		0.84317835		
10.13		0.84322843		
10.135		0.84327848		
10.14		0.84332848		
10.145		0.84337845		
10.15		0.84342838		
10.155		0.84347826		
10.16		0.84352811		
10.165		0.84357791		
10.17		0.84362768		
10.175		0.84367741		
10.18		0.8437271		
10.185		0.84377674		
10.19		0.84382635		
10.195		0.84387592		
10.2		0.84392545		
10.205		0.84397494		
10.21		0.84402439		
10.215		0.84407381		
10.22		0.84412318		
10.225		0.84417251		
10.23		0.84422181		
10.235		0.84427107		
10.24		0.84432028		
10.245		0.84436946		
10.25		0.8444186		
10.255		0.8444677		
10.26		0.84451676		
10.265		0.84456579		
10.27		0.84461477		
10.275		0.84466372		
10.28		0.84471262		
10.285		0.84476149		
10.29		0.84481032		
10.295		0.84485912		
10.3		0.84490787		
10.305		0.84495659		
10.31		0.84500526		
10.315		0.8450539		
10.32		0.8451025		
10.325		0.84515107		
10.33		0.84519959		
10.335		0.84524808		
10.34		0.84529653		
10.345		0.84534494		
10.35		0.84539331		
10.355		0.84544164		
10.36		0.84548994		
10.365		0.8455382		
10.37		0.84558642		
10.375		0.84563461		
10.38		0.84568275		
10.385		0.84573086		
10.39		0.84577893		
10.395		0.84582697		
10.4		0.84587496		
10.405		0.84592292		
10.41		0.84597085		
10.415		0.84601873		
10.42		0.84606658		
10.425		0.84611439		
10.43		0.84616216		
10.435		0.8462099		
10.44		0.8462576		
10.445		0.84630526		
10.45		0.84635288		
10.455		0.84640047		
10.46		0.84644802		
10.465		0.84649554		
10.47		0.84654302		
10.475		0.84659046		
10.48		0.84663786		
10.485		0.84668523		
10.49		0.84673256		
10.495		0.84677986		
10.5		0.84682711		
10.505		0.84687434		
10.51		0.84692152		
10.515		0.84696867		
10.52		0.84701578		
10.525		0.84706286		
10.53		0.8471099		
10.535		0.8471569		
10.54		0.84720387		
10.545		0.8472508		
10.55		0.8472977		
10.555		0.84734456		
10.56		0.84739138		
10.565		0.84743817		
10.57		0.84748492		
10.575		0.84753164		
10.58		0.84757832		
10.585		0.84762496		
10.59		0.84767157		
10.595		0.84771814		
10.6		0.84776468		
10.605		0.84781118		
10.61		0.84785765		
10.615		0.84790408		
10.62		0.84795048		
10.625		0.84799684		
10.63		0.84804316		
10.635		0.84808945		
10.64		0.84813571		
10.645		0.84818193		
10.65		0.84822811		
10.655		0.84827426		
10.66		0.84832037		
10.665		0.84836645		
10.67		0.8484125		
10.675		0.8484585		
10.68		0.84850448		
10.685		0.84855042		
10.69		0.84859632		
10.695		0.84864219		
10.7		0.84868803		
10.705		0.84873382		
10.71		0.84877959		
10.715		0.84882532		
10.72		0.84887102		
10.725		0.84891668		
10.73		0.84896231		
10.735		0.8490079		
10.74		0.84905346		
10.745		0.84909898		
10.75		0.84914447		
10.755		0.84918992		
10.76		0.84923534		
10.765		0.84928073		
10.77		0.84932608		
10.775		0.8493714		
10.78		0.84941669		
10.785		0.84946194		
10.79		0.84950715		
10.795		0.84955233		
10.8		0.84959748		
10.805		0.8496426		
10.81		0.84968768		
10.815		0.84973272		
10.82		0.84977774		
10.825		0.84982272		
10.83		0.84986766		
10.835		0.84991257		
10.84		0.84995745		
10.845		0.8500023		
10.85		0.85004711		
10.855		0.85009189		
10.86		0.85013663		
10.865		0.85018134		
10.87		0.85022602		
10.875		0.85027066		
10.88		0.85031527		
10.885		0.85035985		
10.89		0.8504044		
10.895		0.85044891		
10.9		0.85049339		
10.905		0.85053783		
10.91		0.85058224		
10.915		0.85062662		
10.92		0.85067097		
10.925		0.85071528		
10.93		0.85075956		
10.935		0.85080381		
10.94		0.85084802		
10.945		0.85089221		
10.95		0.85093636		
10.955		0.85098047		
10.96		0.85102456		
10.965		0.85106861		
10.97		0.85111263		
10.975		0.85115661		
10.98		0.85120056		
10.985		0.85124449		
10.99		0.85128837		
10.995		0.85133223		
11		0.85137605		
11.005		0.85141985		
11.01		0.85146361		
11.015		0.85150733		
11.02		0.85155103		
11.025		0.85159469		
11.03		0.85163832		
11.035		0.85168192		
11.04		0.85172549		
11.045		0.85176902		
11.05		0.85181252		
11.055		0.85185599		
11.06		0.85189943		
11.065		0.85194284		
11.07		0.85198621		
11.075		0.85202956		
11.08		0.85207287		
11.085		0.85211615		
11.09		0.8521594		
11.095		0.85220261		
11.1		0.8522458		
11.105		0.85228895		
11.11		0.85233207		
11.115		0.85237516		
11.12		0.85241822		
11.125		0.85246125		
11.13		0.85250425		
11.135		0.85254721		
11.14		0.85259015		
11.145		0.85263305		
11.15		0.85267592		
11.155		0.85271876		
11.16		0.85276157		
11.165		0.85280434		
11.17		0.85284709		
11.175		0.85288981		
11.18		0.85293249		
11.185		0.85297514		
11.19		0.85301777		
11.195		0.85306036		
11.2		0.85310292		
11.205		0.85314545		
11.21		0.85318795		
11.215		0.85323041		
11.22		0.85327285		
11.225		0.85331526		
11.23		0.85335764		
11.235		0.85339998		
11.24		0.8534423		
11.245		0.85348458		
11.25		0.85352683		
11.255		0.85356906		
11.26		0.85361125		
11.265		0.85365341		
11.27		0.85369554		
11.275		0.85373765		
11.28		0.85377972		
11.285		0.85382176		
11.29		0.85386377		
11.295		0.85390575		
11.3		0.8539477		
11.305		0.85398962		
11.31		0.85403151		
11.315		0.85407337		
11.32		0.8541152		
11.325		0.854157		
11.33		0.85419877		
11.335		0.85424051		
11.34		0.85428223		
11.345		0.85432391		
11.35		0.85436556		
11.355		0.85440718		
11.36		0.85444877		
11.365		0.85449033		
11.37		0.85453186		
11.375		0.85457336		
11.38		0.85461484		
11.385		0.85465628		
11.39		0.85469769		
11.395		0.85473908		
11.4		0.85478043		
11.405		0.85482176		
11.41		0.85486305		
11.415		0.85490432		
11.42		0.85494556		
11.425		0.85498676		
11.43		0.85502794		
11.435		0.85506909		
11.44		0.85511021		
11.445		0.8551513		
11.45		0.85519236		
11.455		0.8552334		
11.46		0.8552744		
11.465		0.85531537		
11.47		0.85535632		
11.475		0.85539723		
11.48		0.85543812		
11.485		0.85547898		
11.49		0.85551981		
11.495		0.85556061		
11.5		0.85560138		
11.505		0.85564213		
11.51		0.85568284		
11.515		0.85572352		
11.52		0.85576418		
11.525		0.85580481		
11.53		0.85584541		
11.535		0.85588598		
11.54		0.85592652		
11.545		0.85596704		
11.55		0.85600752		
11.555		0.85604798		
11.56		0.85608841		
11.565		0.85612881		
11.57		0.85616918		
11.575		0.85620952		
11.58		0.85624984		
11.585		0.85629012		
11.59		0.85633038		
11.595		0.85637061		
11.6		0.85641081		
11.605		0.85645099		
11.61		0.85649113		
11.615		0.85653125		
11.62		0.85657134		
11.625		0.8566114		
11.63		0.85665144		
11.635		0.85669144		
11.64		0.85673142		
11.645		0.85677137		
11.65		0.85681129		
11.655		0.85685119		
11.66		0.85689105		
11.665		0.85693089		
11.67		0.8569707		
11.675		0.85701049		
11.68		0.85705024		
11.685		0.85708997		
11.69		0.85712967		
11.695		0.85716934		
11.7		0.85720899		
11.705		0.8572486		
11.71		0.85728819		
11.715		0.85732776		
11.72		0.85736729		
11.725		0.8574068		
11.73		0.85744628		
11.735		0.85748573		
11.74		0.85752516		
11.745		0.85756456		
11.75		0.85760393		
11.755		0.85764327		
11.76		0.85768259		
11.765		0.85772188		
11.77		0.85776114		
11.775		0.85780038		
11.78		0.85783958		
11.785		0.85787876		
11.79		0.85791792		
11.795		0.85795705		
11.8		0.85799615		
11.805		0.85803522		
11.81		0.85807427		
11.815		0.85811328		
11.82		0.85815228		
11.825		0.85819124		
11.83		0.85823018		
11.835		0.85826909		
11.84		0.85830798		
11.845		0.85834684		
11.85		0.85838567		
11.855		0.85842448		
11.86		0.85846326		
11.865		0.85850201		
11.87		0.85854073		
11.875		0.85857943		
11.88		0.85861811		
11.885		0.85865675		
11.89		0.85869537		
11.895		0.85873397		
11.9		0.85877253		
11.905		0.85881107		
11.91		0.85884959		
11.915		0.85888808		
11.92		0.85892654		
11.925		0.85896497		
11.93		0.85900338		
11.935		0.85904177		
11.94		0.85908012		
11.945		0.85911846		
11.95		0.85915676		
11.955		0.85919504		
11.96		0.85923329		
11.965		0.85927152		
11.97		0.85930972		
11.975		0.8593479		
11.98		0.85938605		
11.985		0.85942417		
11.99		0.85946227		
11.995		0.85950034		
12		0.85953838		
12.005		0.8595764		
12.01		0.8596144		
12.015		0.85965237		
12.02		0.85969031		
12.025		0.85972823		
12.03		0.85976612		
12.035		0.85980398		
12.04		0.85984182		
12.045		0.85987964		
12.05		0.85991743		
12.055		0.85995519		
12.06		0.85999293		
12.065		0.86003064		
12.07		0.86006833		
12.075		0.86010599		
12.08		0.86014363		
12.085		0.86018124		
12.09		0.86021883		
12.095		0.86025639		
12.1		0.86029392		
12.105		0.86033143		
12.11		0.86036892		
12.115		0.86040638		
12.12		0.86044381		
12.125		0.86048122		
12.13		0.86051861		
12.135		0.86055597		
12.14		0.8605933		
12.145		0.86063061		
12.15		0.86066789		
12.155		0.86070515		
12.16		0.86074239		
12.165		0.8607796		
12.17		0.86081678		
12.175		0.86085394		
12.18		0.86089108		
12.185		0.86092819		
12.19		0.86096527		
12.195		0.86100233		
12.2		0.86103937		
12.205		0.86107638		
12.21		0.86111337		
12.215		0.86115033		
12.22		0.86118727		
12.225		0.86122418		
12.23		0.86126107		
12.235		0.86129793		
12.24		0.86133477		
12.245		0.86137159		
12.25		0.86140838		
12.255		0.86144514		
12.26		0.86148188		
12.265		0.8615186		
12.27		0.86155529		
12.275		0.86159196		
12.28		0.86162861		
12.285		0.86166523		
12.29		0.86170182		
12.295		0.86173839		
12.3		0.86177494		
12.305		0.86181146		
12.31		0.86184796		
12.315		0.86188444		
12.32		0.86192089		
12.325		0.86195731		
12.33		0.86199372		
12.335		0.86203009		
12.34		0.86206645		
12.345		0.86210278		
12.35		0.86213909		
12.355		0.86217537		
12.36		0.86221163		
12.365		0.86224786		
12.37		0.86228407		
12.375		0.86232026		
12.38		0.86235642		
12.385		0.86239256		
12.39		0.86242868		
12.395		0.86246477		
12.4		0.86250084		
12.405		0.86253689		
12.41		0.86257291		
12.415		0.8626089		
12.42		0.86264488		
12.425		0.86268083		
12.43		0.86271676		
12.435		0.86275266		
12.44		0.86278854		
12.445		0.8628244		
12.45		0.86286023		
12.455		0.86289604		
12.46		0.86293182		
12.465		0.86296759		
12.47		0.86300333		
12.475		0.86303904		
12.48		0.86307474		
12.485		0.8631104		
12.49		0.86314605		
12.495		0.86318167		
12.5		0.86321727		
12.505		0.86325285		
12.51		0.8632884		
12.515		0.86332393		
12.52		0.86335944		
12.525		0.86339493		
12.53		0.86343039		
12.535		0.86346582		
12.54		0.86350124		
12.545		0.86353663		
12.55		0.863572		
12.555		0.86360735		
12.56		0.86364267		
12.565		0.86367797		
12.57		0.86371325		
12.575		0.8637485		
12.58		0.86378374		
12.585		0.86381894		
12.59		0.86385413		
12.595		0.86388929		
12.6		0.86392443		
12.605		0.86395955		
12.61		0.86399465		
12.615		0.86402972		
12.62		0.86406477		
12.625		0.8640998		
12.63		0.8641348		
12.635		0.86416979		
12.64		0.86420475		
12.645		0.86423968		
12.65		0.8642746		
12.655		0.86430949		
12.66		0.86434436		
12.665		0.86437921		
12.67		0.86441403		
12.675		0.86444884		
12.68		0.86448362		
12.685		0.86451837		
12.69		0.86455311		
12.695		0.86458782		
12.7		0.86462251		
12.705		0.86465718		
12.71		0.86469183		
12.715		0.86472645		
12.72		0.86476106		
12.725		0.86479564		
12.73		0.86483019		
12.735		0.86486473		
12.74		0.86489924		
12.745		0.86493374		
12.75		0.86496821		
12.755		0.86500265		
12.76		0.86503708		
12.765		0.86507148		
12.77		0.86510587		
12.775		0.86514023		
12.78		0.86517456		
12.785		0.86520888		
12.79		0.86524317		
12.795		0.86527745		
12.8		0.8653117		
12.805		0.86534593		
12.81		0.86538013		
12.815		0.86541432		
12.82		0.86544848		
12.825		0.86548262		
12.83		0.86551674		
12.835		0.86555084		
12.84		0.86558492		
12.845		0.86561897		
12.85		0.86565301		
12.855		0.86568702		
12.86		0.86572101		
12.865		0.86575498		
12.87		0.86578893		
12.875		0.86582285		
12.88		0.86585676		
12.885		0.86589064		
12.89		0.8659245		
12.895		0.86595834		
12.9		0.86599216		
12.905		0.86602596		
12.91		0.86605974		
12.915		0.86609349		
12.92		0.86612723		
12.925		0.86616094		
12.93		0.86619463		
12.935		0.8662283		
12.94		0.86626195		
12.945		0.86629558		
12.95		0.86632918		
12.955		0.86636277		
12.96		0.86639633		
12.965		0.86642987		
12.97		0.8664634		
12.975		0.8664969		
12.98		0.86653038		
12.985		0.86656384		
12.99		0.86659727		
12.995		0.86663069		
13		0.86666409		
13.005		0.86669746		
13.01		0.86673082		
13.015		0.86676415		
13.02		0.86679746		
13.025		0.86683075		
13.03		0.86686402		
13.035		0.86689727		
13.04		0.8669305		
13.045		0.86696371		
13.05		0.8669969		
13.055		0.86703007		
13.06		0.86706321		
13.065		0.86709634		
13.07		0.86712944		
13.075		0.86716253		
13.08		0.86719559		
13.085		0.86722863		
13.09		0.86726166		
13.095		0.86729466		
13.1		0.86732764		
13.105		0.8673606		
13.11		0.86739354		
13.115		0.86742646		
13.12		0.86745936		
13.125		0.86749224		
13.13		0.8675251		
13.135		0.86755794		
13.14		0.86759076		
13.145		0.86762355		
13.15		0.86765633		
13.155		0.86768909		
13.16		0.86772182		
13.165		0.86775454		
13.17		0.86778724		
13.175		0.86781991		
13.18		0.86785257		
13.185		0.8678852		
13.19		0.86791782		
13.195		0.86795041		
13.2		0.86798299		
13.205		0.86801554		
13.21		0.86804808		
13.215		0.86808059		
13.22		0.86811309		
13.225		0.86814556		
13.23		0.86817802		
13.235		0.86821045		
13.24		0.86824287		
13.245		0.86827526		
13.25		0.86830764		
13.255		0.86833999		
13.26		0.86837232		
13.265		0.86840464		
13.27		0.86843694		
13.275		0.86846921		
13.28		0.86850147		
13.285		0.8685337		
13.29		0.86856592		
13.295		0.86859811		
13.3		0.86863029		
13.305		0.86866245		
13.31		0.86869458		
13.315		0.8687267		
13.32		0.8687588		
13.325		0.86879088		
13.33		0.86882294		
13.335		0.86885498		
13.34		0.86888699		
13.345		0.86891899		
13.35		0.86895097		
13.355		0.86898293		
13.36		0.86901488		
13.365		0.8690468		
13.37		0.8690787		
13.375		0.86911058		
13.38		0.86914245		
13.385		0.86917429		
13.39		0.86920611		
13.395		0.86923792		
13.4		0.86926971		
13.405		0.86930147		
13.41		0.86933322		
13.415		0.86936495		
13.42		0.86939666		
13.425		0.86942834		
13.43		0.86946001		
13.435		0.86949167		
13.44		0.8695233		
13.445		0.86955491		
13.45		0.8695865		
13.455		0.86961808		
13.46		0.86964963		
13.465		0.86968117		
13.47		0.86971268		
13.475		0.86974418		
13.48		0.86977566		
13.485		0.86980712		
13.49		0.86983856		
13.495		0.86986998		
13.5		0.86990138		
13.505		0.86993277		
13.51		0.86996413		
13.515		0.86999548		
13.52		0.87002681		
13.525		0.87005811		
13.53		0.8700894		
13.535		0.87012067		
13.54		0.87015192		
13.545		0.87018316		
13.55		0.87021437		
13.555		0.87024556		
13.56		0.87027674		
13.565		0.8703079		
13.57		0.87033904		
13.575		0.87037016		
13.58		0.87040126		
13.585		0.87043234		
13.59		0.87046341		
13.595		0.87049445		
13.6		0.87052548		
13.605		0.87055649		
13.61		0.87058747		
13.615		0.87061845		
13.62		0.8706494		
13.625		0.87068033		
13.63		0.87071125		
13.635		0.87074214		
13.64		0.87077302		
13.645		0.87080388		
13.65		0.87083472		
13.655		0.87086555		
13.66		0.87089635		
13.665		0.87092714		
13.67		0.87095791		
13.675		0.87098865		
13.68		0.87101939		
13.685		0.8710501		
13.69		0.87108079		
13.695		0.87111147		
13.7		0.87114213		
13.705		0.87117277		
13.71		0.87120339		
13.715		0.87123399		
13.72		0.87126458		
13.725		0.87129514		
13.73		0.87132569		
13.735		0.87135622		
13.74		0.87138674		
13.745		0.87141723		
13.75		0.87144771		
13.755		0.87147816		
13.76		0.8715086		
13.765		0.87153903		
13.77		0.87156943		
13.775		0.87159982		
13.78		0.87163018		
13.785		0.87166053		
13.79		0.87169087		
13.795		0.87172118		
13.8		0.87175148		
13.805		0.87178176		
13.81		0.87181202		
13.815		0.87184226		
13.82		0.87187248		
13.825		0.87190269		
13.83		0.87193288		
13.835		0.87196305		
13.84		0.8719932		
13.845		0.87202334		
13.85		0.87205346		
13.855		0.87208356		
13.86		0.87211364		
13.865		0.8721437		
13.87		0.87217375		
13.875		0.87220378		
13.88		0.87223379		
13.885		0.87226379		
13.89		0.87229376		
13.895		0.87232372		
13.9		0.87235366		
13.905		0.87238359		
13.91		0.87241349		
13.915		0.87244338		
13.92		0.87247325		
13.925		0.87250311		
13.93		0.87253294		
13.935		0.87256276		
13.94		0.87259256		
13.945		0.87262234		
13.95		0.87265211		
13.955		0.87268186		
13.96		0.87271159		
13.965		0.87274131		
13.97		0.872771		
13.975		0.87280068		
13.98		0.87283034		
13.985		0.87285999		
13.99		0.87288962		
13.995		0.87291923		
14		0.87294882		
14.005		0.87297839		
14.01		0.87300795		
14.015		0.87303749		
14.02		0.87306702		
14.025		0.87309652		
14.03		0.87312601		
14.035		0.87315549		
14.04		0.87318494		
14.045		0.87321438		
14.05		0.8732438		
14.055		0.8732732		
14.06		0.87330259		
14.065		0.87333196		
14.07		0.87336131		
14.075		0.87339065		
14.08		0.87341997		
14.085		0.87344927		
14.09		0.87347856		
14.095		0.87350782		
14.1		0.87353707		
14.105		0.87356631		
14.11		0.87359553		
14.115		0.87362473		
14.12		0.87365391		
14.125		0.87368308		
14.13		0.87371222		
14.135		0.87374136		
14.14		0.87377047		
14.145		0.87379957		
14.15		0.87382865		
14.155		0.87385772		
14.16		0.87388677		
14.165		0.8739158		
14.17		0.87394482		
14.175		0.87397381		
14.18		0.8740028		
14.185		0.87403176		
14.19		0.87406071		
14.195		0.87408964		
14.2		0.87411856		
14.205		0.87414746		
14.21		0.87417634		
14.215		0.8742052		
14.22		0.87423405		
14.225		0.87426288		
14.23		0.8742917		
14.235		0.8743205		
14.24		0.87434928		
14.245		0.87437805		
14.25		0.8744068		
14.255		0.87443553		
14.26		0.87446425		
14.265		0.87449295		
14.27		0.87452163		
14.275		0.8745503		
14.28		0.87457895		
14.285		0.87460759		
14.29		0.8746362		
14.295		0.87466481		
14.3		0.87469339		
14.305		0.87472196		
14.31		0.87475052		
14.315		0.87477905		
14.32		0.87480757		
14.325		0.87483608		
14.33		0.87486456		
14.335		0.87489304		
14.34		0.87492149		
14.345		0.87494993		
14.35		0.87497835		
14.355		0.87500676		
14.36		0.87503515		
14.365		0.87506353		
14.37		0.87509189		
14.375		0.87512023		
14.38		0.87514855		
14.385		0.87517686		
14.39		0.87520516		
14.395		0.87523344		
14.4		0.8752617		
14.405		0.87528995		
14.41		0.87531818		
14.415		0.87534639		
14.42		0.87537459		
14.425		0.87540277		
14.43		0.87543094		
14.435		0.87545909		
14.44		0.87548722		
14.445		0.87551534		
14.45		0.87554344		
14.455		0.87557153		
14.46		0.8755996		
14.465		0.87562765		
14.47		0.87565569		
14.475		0.87568372		
14.48		0.87571172		
14.485		0.87573972		
14.49		0.87576769		
14.495		0.87579565		
14.5		0.8758236		
14.505		0.87585153		
14.51		0.87587944		
14.515		0.87590734		
14.52		0.87593522		
14.525		0.87596308		
14.53		0.87599093		
14.535		0.87601877		
14.54		0.87604659		
14.545		0.87607439		
14.55		0.87610218		
14.555		0.87612995		
14.56		0.87615771		
14.565		0.87618545		
14.57		0.87621317		
14.575		0.87624088		
14.58		0.87626858		
14.585		0.87629625		
14.59		0.87632392		
14.595		0.87635157		
14.6		0.8763792		
14.605		0.87640681		
14.61		0.87643442		
14.615		0.876462		
14.62		0.87648957		
14.625		0.87651713		
14.63		0.87654467		
14.635		0.87657219		
14.64		0.8765997		
14.645		0.8766272		
14.65		0.87665467		
14.655		0.87668214		
14.66		0.87670958		
14.665		0.87673702		
14.67		0.87676443		
14.675		0.87679184		
14.68		0.87681922		
14.685		0.87684659		
14.69		0.87687395		
14.695		0.87690129		
14.7		0.87692862		
14.705		0.87695593		
14.71		0.87698322		
14.715		0.8770105		
14.72		0.87703777		
14.725		0.87706502		
14.73		0.87709225		
14.735		0.87711947		
14.74		0.87714668		
14.745		0.87717387		
14.75		0.87720104		
14.755		0.8772282		
14.76		0.87725535		
14.765		0.87728248		
14.77		0.87730959		
14.775		0.87733669		
14.78		0.87736377		
14.785		0.87739084		
14.79		0.8774179		
14.795		0.87744494		
14.8		0.87747196		
14.805		0.87749897		
14.81		0.87752597		
14.815		0.87755295		
14.82		0.87757991		
14.825		0.87760686		
14.83		0.8776338		
14.835		0.87766072		
14.84		0.87768762		
14.845		0.87771451		
14.85		0.87774139		
14.855		0.87776825		
14.86		0.8777951		
14.865		0.87782193		
14.87		0.87784875		
14.875		0.87787555		
14.88		0.87790234		
14.885		0.87792911		
14.89		0.87795587		
14.895		0.87798261		
14.9		0.87800934		
14.905		0.87803605		
14.91		0.87806275		
14.915		0.87808944		
14.92		0.87811611		
14.925		0.87814276		
14.93		0.8781694		
14.935		0.87819603		
14.94		0.87822264		
14.945		0.87824924		
14.95		0.87827582		
14.955		0.87830239		
14.96		0.87832895		
14.965		0.87835548		
14.97		0.87838201		
14.975		0.87840852		
14.98		0.87843502		
14.985		0.8784615		
14.99		0.87848796		
14.995		0.87851442		
15		0.87854085		
15.005		0.87856728		
15.01		0.87859369		
15.015		0.87862008		
15.02		0.87864646		
15.025		0.87867283		
15.03		0.87869918		
15.035		0.87872552		
15.04		0.87875184		
15.045		0.87877815		
15.05		0.87880445		
15.055		0.87883073		
15.06		0.87885699		
15.065		0.87888324		
15.07		0.87890948		
15.075		0.8789357		
15.08		0.87896191		
15.085		0.87898811		
15.09		0.87901429		
15.095		0.87904046		
15.1		0.87906661		
15.105		0.87909275		
15.11		0.87911887		
15.115		0.87914498		
15.12		0.87917108		
15.125		0.87919716		
15.13		0.87922323		
15.135		0.87924928		
15.14		0.87927532		
15.145		0.87930134		
15.15		0.87932736		
15.155		0.87935335		
15.16		0.87937934		
15.165		0.87940531		
15.17		0.87943126		
15.175		0.8794572		
15.18		0.87948313		
15.185		0.87950904		
15.19		0.87953494		
15.195		0.87956083		
15.2		0.8795867		
15.205		0.87961256		
15.21		0.8796384		
15.215		0.87966423		
15.22		0.87969005		
15.225		0.87971585		
15.23		0.87974164		
15.235		0.87976741		
15.24		0.87979317		
15.245		0.87981892		
15.25		0.87984465		
15.255		0.87987037		
15.26		0.87989608		
15.265		0.87992177		
15.27		0.87994745		
15.275		0.87997311		
15.28		0.87999876		
15.285		0.8800244		
15.29		0.88005002		
15.295		0.88007563		
15.3		0.88010123		
15.305		0.88012681		
15.31		0.88015238		
15.315		0.88017793		
15.32		0.88020347		
15.325		0.880229		
15.33		0.88025451		
15.335		0.88028001		
15.34		0.8803055		
15.345		0.88033097		
15.35		0.88035643		
15.355		0.88038188		
15.36		0.88040731		
15.365		0.88043273		
15.37		0.88045814		
15.375		0.88048353		
15.38		0.88050891		
15.385		0.88053427		
15.39		0.88055962		
15.395		0.88058496		
15.4		0.88061028		
15.405		0.88063559		
15.41		0.88066089		
15.415		0.88068618		
15.42		0.88071145		
15.425		0.8807367		
15.43		0.88076195		
15.435		0.88078718		
15.44		0.8808124		
15.445		0.8808376		
15.45		0.88086279		
15.455		0.88088797		
15.46		0.88091313		
15.465		0.88093828		
15.47		0.88096342		
15.475		0.88098854		
15.48		0.88101365		
15.485		0.88103875		
15.49		0.88106383		
15.495		0.88108891		
15.5		0.88111396		
15.505		0.88113901		
15.51		0.88116404		
15.515		0.88118906		
15.52		0.88121406		
15.525		0.88123905		
15.53		0.88126403		
15.535		0.881289		
15.54		0.88131395		
15.545		0.88133889		
15.55		0.88136381		
15.555		0.88138873		
15.56		0.88141363		
15.565		0.88143851		
15.57		0.88146339		
15.575		0.88148825		
15.58		0.88151309		
15.585		0.88153793		
15.59		0.88156275		
15.595		0.88158756		
15.6		0.88161235		
15.605		0.88163714		
15.61		0.88166191		
15.615		0.88168666		
15.62		0.88171141		
15.625		0.88173614		
15.63		0.88176085		
15.635		0.88178556		
15.64		0.88181025		
15.645		0.88183493		
15.65		0.88185959		
15.655		0.88188425		
15.66		0.88190889		
15.665		0.88193351		
15.67		0.88195813		
15.675		0.88198273		
15.68		0.88200732		
15.685		0.8820319		
15.69		0.88205646		
15.695		0.88208101		
15.7		0.88210555		
15.705		0.88213007		
15.71		0.88215458		
15.715		0.88217908		
15.72		0.88220357		
15.725		0.88222804		
15.73		0.8822525		
15.735		0.88227695		
15.74		0.88230139		
15.745		0.88232581		
15.75		0.88235022		
15.755		0.88237462		
15.76		0.882399		
15.765		0.88242337		
15.77		0.88244773		
15.775		0.88247208		
15.78		0.88249641		
15.785		0.88252074		
15.79		0.88254505		
15.795		0.88256934		
15.8		0.88259363		
15.805		0.8826179		
15.81		0.88264216		
15.815		0.8826664		
15.82		0.88269064		
15.825		0.88271486		
15.83		0.88273906		
15.835		0.88276326		
15.84		0.88278744		
15.845		0.88281162		
15.85		0.88283577		
15.855		0.88285992		
15.86		0.88288405		
15.865		0.88290818		
15.87		0.88293228		
15.875		0.88295638		
15.88		0.88298046		
15.885		0.88300454		
15.89		0.88302859		
15.895		0.88305264		
15.9		0.88307668		
15.905		0.8831007		
15.91		0.88312471		
15.915		0.8831487		
15.92		0.88317269		
15.925		0.88319666		
15.93		0.88322062		
15.935		0.88324457		
15.94		0.88326851		
15.945		0.88329243		
15.95		0.88331634		
15.955		0.88334024		
15.96		0.88336413		
15.965		0.883388		
15.97		0.88341186		
15.975		0.88343571		
15.98		0.88345955		
15.985		0.88348338		
15.99		0.88350719		
15.995		0.88353099		
16		0.88355478		
16.005		0.88357856		
16.01		0.88360232		
16.015		0.88362607		
16.02		0.88364981		
16.025		0.88367354		
16.03		0.88369726		
16.035		0.88372096		
16.04		0.88374466		
16.045		0.88376833		
16.05		0.883792		
16.055		0.88381566		
16.06		0.8838393		
16.065		0.88386293		
16.07		0.88388655		
16.075		0.88391016		
16.08		0.88393376		
16.085		0.88395734		
16.09		0.88398091		
16.095		0.88400447		
16.1		0.88402802		
16.105		0.88405155		
16.11		0.88407508		
16.115		0.88409859		
16.12		0.88412209		
16.125		0.88414558		
16.13		0.88416905		
16.135		0.88419252		
16.14		0.88421597		
16.145		0.88423941		
16.15		0.88426284		
16.155		0.88428625		
16.16		0.88430966		
16.165		0.88433305		
16.17		0.88435643		
16.175		0.8843798		
16.18		0.88440316		
16.185		0.8844265		
16.19		0.88444984		
16.195		0.88447316		
16.2		0.88449647		
16.205		0.88451977		
16.21		0.88454306		
16.215		0.88456633		
16.22		0.88458959		
16.225		0.88461284		
16.23		0.88463608		
16.235		0.88465931		
16.24		0.88468253		
16.245		0.88470573		
16.25		0.88472893		
16.255		0.88475211		
16.26		0.88477528		
16.265		0.88479843		
16.27		0.88482158		
16.275		0.88484471		
16.28		0.88486784		
16.285		0.88489095		
16.29		0.88491405		
16.295		0.88493714		
16.3		0.88496021		
16.305		0.88498328		
16.31		0.88500633		
16.315		0.88502937		
16.32		0.8850524		
16.325		0.88507542		
16.33		0.88509843		
16.335		0.88512142		
16.34		0.88514441		
16.345		0.88516738		
16.35		0.88519034		
16.355		0.88521329		
16.36		0.88523623		
16.365		0.88525915		
16.37		0.88528207		
16.375		0.88530497		
16.38		0.88532786		
16.385		0.88535075		
16.39		0.88537361		
16.395		0.88539647		
16.4		0.88541932		
16.405		0.88544215		
16.41		0.88546498		
16.415		0.88548779		
16.42		0.88551059		
16.425		0.88553338		
16.43		0.88555616		
16.435		0.88557893		
16.44		0.88560168		
16.445		0.88562442		
16.45		0.88564716		
16.455		0.88566988		
16.46		0.88569259		
16.465		0.88571529		
16.47		0.88573798		
16.475		0.88576065		
16.48		0.88578332		
16.485		0.88580597		
16.49		0.88582861		
16.495		0.88585124		
16.5		0.88587387		
16.505		0.88589647		
16.51		0.88591907		
16.515		0.88594166		
16.52		0.88596423		
16.525		0.8859868		
16.53		0.88600935		
16.535		0.88603189		
16.54		0.88605442		
16.545		0.88607694		
16.55		0.88609945		
16.555		0.88612195		
16.56		0.88614443		
16.565		0.88616691		
16.57		0.88618937		
16.575		0.88621182		
16.58		0.88623427		
16.585		0.8862567		
16.59		0.88627912		
16.595		0.88630152		
16.6		0.88632392		
16.605		0.88634631		
16.61		0.88636868		
16.615		0.88639105		
16.62		0.8864134		
16.625		0.88643574		
16.63		0.88645807		
16.635		0.88648039		
16.64		0.8865027		
16.645		0.886525		
16.65		0.88654729		
16.655		0.88656957		
16.66		0.88659183		
16.665		0.88661409		
16.67		0.88663633		
16.675		0.88665856		
16.68		0.88668078		
16.685		0.88670299		
16.69		0.88672519		
16.695		0.88674738		
16.7		0.88676956		
16.705		0.88679173		
16.71		0.88681388		
16.715		0.88683603		
16.72		0.88685816		
16.725		0.88688029		
16.73		0.8869024		
16.735		0.8869245		
16.74		0.8869466		
16.745		0.88696868		
16.75		0.88699075		
16.755		0.8870128		
16.76		0.88703485		
16.765		0.88705689		
16.77		0.88707892		
16.775		0.88710093		
16.78		0.88712294		
16.785		0.88714493		
16.79		0.88716692		
16.795		0.88718889		
16.8		0.88721085		
16.805		0.8872328		
16.81		0.88725474		
16.815		0.88727667		
16.82		0.88729859		
16.825		0.8873205		
16.83		0.8873424		
16.835		0.88736429		
16.84		0.88738616		
16.845		0.88740803		
16.85		0.88742989		
16.855		0.88745173		
16.86		0.88747357		
16.865		0.88749539		
16.87		0.8875172		
16.875		0.887539		
16.88		0.8875608		
16.885		0.88758258		
16.89		0.88760435		
16.895		0.88762611		
16.9		0.88764786		
16.905		0.8876696		
16.91		0.88769133		
16.915		0.88771304		
16.92		0.88773475		
16.925		0.88775645		
16.93		0.88777814		
16.935		0.88779981		
16.94		0.88782148		
16.945		0.88784313		
16.95		0.88786478		
16.955		0.88788641		
16.96		0.88790804		
16.965		0.88792965		
16.97		0.88795125		
16.975		0.88797284		
16.98		0.88799443		
16.985		0.888016		
16.99		0.88803756		
16.995		0.88805911		
17		0.88808065		
17.005		0.88810218		
17.01		0.8881237		
17.015		0.88814521		
17.02		0.88816671		
17.025		0.8881882		
17.03		0.88820968		
17.035		0.88823114		
17.04		0.8882526		
17.045		0.88827405		
17.05		0.88829549		
17.055		0.88831691		
17.06		0.88833833		
17.065		0.88835974		
17.07		0.88838113		
17.075		0.88840252		
17.08		0.88842389		
17.085		0.88844526		
17.09		0.88846661		
17.095		0.88848796		
17.1		0.88850929		
17.105		0.88853062		
17.11		0.88855193		
17.115		0.88857323		
17.12		0.88859453		
17.125		0.88861581		
17.13		0.88863708		
17.135		0.88865835		
17.14		0.8886796		
17.145		0.88870084		
17.15		0.88872208		
17.155		0.8887433		
17.16		0.88876451		
17.165		0.88878571		
17.17		0.88880691		
17.175		0.88882809		
17.18		0.88884926		
17.185		0.88887042		
17.19		0.88889157		
17.195		0.88891271		
17.2		0.88893385		
17.205		0.88895497		
17.21		0.88897608		
17.215		0.88899718		
17.22		0.88901827		
17.225		0.88903935		
17.23		0.88906042		
17.235		0.88908149		
17.24		0.88910254		
17.245		0.88912358		
17.25		0.88914461		
17.255		0.88916563		
17.26		0.88918664		
17.265		0.88920764		
17.27		0.88922863		
17.275		0.88924962		
17.28		0.88927059		
17.285		0.88929155		
17.29		0.8893125		
17.295		0.88933344		
17.3		0.88935437		
17.305		0.8893753		
17.31		0.88939621		
17.315		0.88941711		
17.32		0.889438		
17.325		0.88945888		
17.33		0.88947976		
17.335		0.88950062		
17.34		0.88952147		
17.345		0.88954231		
17.35		0.88956315		
17.355		0.88958397		
17.36		0.88960478		
17.365		0.88962559		
17.37		0.88964638		
17.375		0.88966716		
17.38		0.88968794		
17.385		0.8897087		
17.39		0.88972946		
17.395		0.8897502		
17.4		0.88977094		
17.405		0.88979166		
17.41		0.88981238		
17.415		0.88983308		
17.42		0.88985378		
17.425		0.88987447		
17.43		0.88989514		
17.435		0.88991581		
17.44		0.88993647		
17.445		0.88995711		
17.45		0.88997775		
17.455		0.88999838		
17.46		0.890019		
17.465		0.89003961		
17.47		0.8900602		
17.475		0.89008079		
17.48		0.89010137		
17.485		0.89012194		
17.49		0.8901425		
17.495		0.89016305		
17.5		0.8901836		
17.505		0.89020413		
17.51		0.89022465		
17.515		0.89024516		
17.52		0.89026566		
17.525		0.89028616		
17.53		0.89030664		
17.535		0.89032711		
17.54		0.89034758		
17.545		0.89036803		
17.55		0.89038848		
17.555		0.89040891		
17.56		0.89042934		
17.565		0.89044976		
17.57		0.89047016		
17.575		0.89049056		
17.58		0.89051095		
17.585		0.89053133		
17.59		0.8905517		
17.595		0.89057206		
17.6		0.89059241		
17.605		0.89061275		
17.61		0.89063308		
17.615		0.8906534		
17.62		0.89067371		
17.625		0.89069401		
17.63		0.89071431		
17.635		0.89073459		
17.64		0.89075487		
17.645		0.89077513		
17.65		0.89079539		
17.655		0.89081563		
17.66		0.89083587		
17.665		0.8908561		
17.67		0.89087632		
17.675		0.89089652		
17.68		0.89091672		
17.685		0.89093691		
17.69		0.89095709		
17.695		0.89097727		
17.7		0.89099743		
17.705		0.89101758		
17.71		0.89103772		
17.715		0.89105786		
17.72		0.89107798		
17.725		0.8910981		
17.73		0.8911182		
17.735		0.8911383		
17.74		0.89115839		
17.745		0.89117847		
17.75		0.89119853		
17.755		0.89121859		
17.76		0.89123864		
17.765		0.89125868		
17.77		0.89127872		
17.775		0.89129874		
17.78		0.89131875		
17.785		0.89133876		
17.79		0.89135875		
17.795		0.89137874		
17.8		0.89139871		
17.805		0.89141868		
17.81		0.89143864		
17.815		0.89145859		
17.82		0.89147853		
17.825		0.89149846		
17.83		0.89151838		
17.835		0.89153829		
17.84		0.8915582		
17.845		0.89157809		
17.85		0.89159797		
17.855		0.89161785		
17.86		0.89163772		
17.865		0.89165757		
17.87		0.89167742		
17.875		0.89169726		
17.88		0.89171709		
17.885		0.89173691		
17.89		0.89175672		
17.895		0.89177653		
17.9		0.89179632		
17.905		0.89181611		
17.91		0.89183588		
17.915		0.89185565		
17.92		0.89187541		
17.925		0.89189515		
17.93		0.89191489		
17.935		0.89193463		
17.94		0.89195435		
17.945		0.89197406		
17.95		0.89199376		
17.955		0.89201346		
17.96		0.89203314		
17.965		0.89205282		
17.97		0.89207249		
17.975		0.89209215		
17.98		0.89211179		
17.985		0.89213144		
17.99		0.89215107		
17.995		0.89217069		
18		0.8921903		
18.005		0.89220991		
18.01		0.8922295		
18.015		0.89224909		
18.02		0.89226867		
18.025		0.89228824		
18.03		0.8923078		
18.035		0.89232735		
18.04		0.89234689		
18.045		0.89236643		
18.05		0.89238595		
18.055		0.89240547		
18.06		0.89242497		
18.065		0.89244447		
18.07		0.89246396		
18.075		0.89248344		
18.08		0.89250291		
18.085		0.89252238		
18.09		0.89254183		
18.095		0.89256128		
18.1		0.89258071		
18.105		0.89260014		
18.11		0.89261956		
18.115		0.89263897		
18.12		0.89265837		
18.125		0.89267776		
18.13		0.89269715		
18.135		0.89271652		
18.14		0.89273589		
18.145		0.89275524		
18.15		0.89277459		
18.155		0.89279393		
18.16		0.89281326		
18.165		0.89283259		
18.17		0.8928519		
18.175		0.89287121		
18.18		0.8928905		
18.185		0.89290979		
18.19		0.89292907		
18.195		0.89294834		
18.2		0.8929676		
18.205		0.89298685		
18.21		0.8930061		
18.215		0.89302533		
18.22		0.89304456		
18.225		0.89306378		
18.23		0.89308299		
18.235		0.89310219		
18.24		0.89312138		
18.245		0.89314056		
18.25		0.89315974		
18.255		0.89317891		
18.26		0.89319806		
18.265		0.89321721		
18.27		0.89323635		
18.275		0.89325549		
18.28		0.89327461		
18.285		0.89329372		
18.29		0.89331283		
18.295		0.89333193		
18.3		0.89335102		
18.305		0.8933701		
18.31		0.89338917		
18.315		0.89340823		
18.32		0.89342729		
18.325		0.89344634		
18.33		0.89346537		
18.335		0.8934844		
18.34		0.89350342		
18.345		0.89352244		
18.35		0.89354144		
18.355		0.89356044		
18.36		0.89357942		
18.365		0.8935984		
18.37		0.89361737		
18.375		0.89363633		
18.38		0.89365529		
18.385		0.89367423		
18.39		0.89369317		
18.395		0.89371209		
18.4		0.89373101		
18.405		0.89374992		
18.41		0.89376883		
18.415		0.89378772		
18.42		0.89380661		
18.425		0.89382548		
18.43		0.89384435		
18.435		0.89386321		
18.44		0.89388206		
18.445		0.89390091		
18.45		0.89391974		
18.455		0.89393857		
18.46		0.89395739		
18.465		0.8939762		
18.47		0.893995		
18.475		0.89401379		
18.48		0.89403258		
18.485		0.89405136		
18.49		0.89407012		
18.495		0.89408888		
18.5		0.89410764		
18.505		0.89412638		
18.51		0.89414512		
18.515		0.89416384		
18.52		0.89418256		
18.525		0.89420127		
18.53		0.89421997		
18.535		0.89423867		
18.54		0.89425735		
18.545		0.89427603		
18.55		0.8942947		
18.555		0.89431336		
18.56		0.89433201		
18.565		0.89435066		
18.57		0.89436929		
18.575		0.89438792		
18.58		0.89440654		
18.585		0.89442515		
18.59		0.89444375		
18.595		0.89446235		
18.6		0.89448093		
18.605		0.89449951		
18.61		0.89451808		
18.615		0.89453665		
18.62		0.8945552		
18.625		0.89457375		
18.63		0.89459228		
18.635		0.89461081		
18.64		0.89462933		
18.645		0.89464785		
18.65		0.89466635		
18.655		0.89468485		
18.66		0.89470334		
18.665		0.89472182		
18.67		0.89474029		
18.675		0.89475875		
18.68		0.89477721		
18.685		0.89479566		
18.69		0.8948141		
18.695		0.89483253		
18.7		0.89485095		
18.705		0.89486937		
18.71		0.89488778		
18.715		0.89490618		
18.72		0.89492457		
18.725		0.89494295		
18.73		0.89496133		
18.735		0.8949797		
18.74		0.89499805		
18.745		0.89501641		
18.75		0.89503475		
18.755		0.89505308		
18.76		0.89507141		
18.765		0.89508973		
18.77		0.89510804		
18.775		0.89512635		
18.78		0.89514464		
18.785		0.89516293		
18.79		0.89518121		
18.795		0.89519948		
18.8		0.89521774		
18.805		0.895236		
18.81		0.89525424		
18.815		0.89527248		
18.82		0.89529072		
18.825		0.89530894		
18.83		0.89532715		
18.835		0.89534536		
18.84		0.89536356		
18.845		0.89538175		
18.85		0.89539994		
18.855		0.89541811		
18.86		0.89543628		
18.865		0.89545444		
18.87		0.89547259		
18.875		0.89549074		
18.88		0.89550888		
18.885		0.895527		
18.89		0.89554512		
18.895		0.89556324		
18.9		0.89558134		
18.905		0.89559944		
18.91		0.89561753		
18.915		0.89563561		
18.92		0.89565368		
18.925		0.89567175		
18.93		0.89568981		
18.935		0.89570786		
18.94		0.8957259		
18.945		0.89574393		
18.95		0.89576196		
18.955		0.89577998		
18.96		0.89579799		
18.965		0.89581599		
18.97		0.89583399		
18.975		0.89585198		
18.98		0.89586996		
18.985		0.89588793		
18.99		0.89590589		
18.995		0.89592385		
19		0.8959418		
19.005		0.89595974		
19.01		0.89597767		
19.015		0.8959956		
19.02		0.89601352		
19.025		0.89603143		
19.03		0.89604933		
19.035		0.89606722		
19.04		0.89608511		
19.045		0.89610299		
19.05		0.89612086		
19.055		0.89613873		
19.06		0.89615658		
19.065		0.89617443		
19.07		0.89619227		
19.075		0.8962101		
19.08		0.89622793		
19.085		0.89624575		
19.09		0.89626356		
19.095		0.89628136		
19.1		0.89629916		
19.105		0.89631694		
19.11		0.89633472		
19.115		0.89635249		
19.12		0.89637026		
19.125		0.89638802		
19.13		0.89640576		
19.135		0.89642351		
19.14		0.89644124		
19.145		0.89645897		
19.15		0.89647668		
19.155		0.8964944		
19.16		0.8965121		
19.165		0.8965298		
19.17		0.89654748		
19.175		0.89656516		
19.18		0.89658284		
19.185		0.8966005		
19.19		0.89661816		
19.195		0.89663581		
19.2		0.89665345		
19.205		0.89667109		
19.21		0.89668872		
19.215		0.89670634		
19.22		0.89672395		
19.225		0.89674156		
19.23		0.89675915		
19.235		0.89677675		
19.24		0.89679433		
19.245		0.8968119		
19.25		0.89682947		
19.255		0.89684703		
19.26		0.89686458		
19.265		0.89688213		
19.27		0.89689967		
19.275		0.8969172		
19.28		0.89693472		
19.285		0.89695224		
19.29		0.89696974		
19.295		0.89698725		
19.3		0.89700474		
19.305		0.89702222		
19.31		0.8970397		
19.315		0.89705717		
19.32		0.89707464		
19.325		0.89709209		
19.33		0.89710954		
19.335		0.89712698		
19.34		0.89714442		
19.345		0.89716184		
19.35		0.89717926		
19.355		0.89719667		
19.36		0.89721408		
19.365		0.89723147		
19.37		0.89724886		
19.375		0.89726625		
19.38		0.89728362		
19.385		0.89730099		
19.39		0.89731835		
19.395		0.8973357		
19.4		0.89735305		
19.405		0.89737038		
19.41		0.89738772		
19.415		0.89740504		
19.42		0.89742235		
19.425		0.89743966		
19.43		0.89745696		
19.435		0.89747426		
19.44		0.89749155		
19.445		0.89750883		
19.45		0.8975261		
19.455		0.89754336		
19.46		0.89756062		
19.465		0.89757787		
19.47		0.89759511		
19.475		0.89761235		
19.48		0.89762958		
19.485		0.8976468		
19.49		0.89766401		
19.495		0.89768122		
19.5		0.89769842		
19.505		0.89771561		
19.51		0.8977328		
19.515		0.89774998		
19.52		0.89776715		
19.525		0.89778431		
19.53		0.89780147		
19.535		0.89781861		
19.54		0.89783576		
19.545		0.89785289		
19.55		0.89787002		
19.555		0.89788714		
19.56		0.89790425		
19.565		0.89792136		
19.57		0.89793846		
19.575		0.89795555		
19.58		0.89797263		
19.585		0.89798971		
19.59		0.89800678		
19.595		0.89802384		
19.6		0.8980409		
19.605		0.89805795		
19.61		0.89807499		
19.615		0.89809202		
19.62		0.89810905		
19.625		0.89812607		
19.63		0.89814308		
19.635		0.89816009		
19.64		0.89817709		
19.645		0.89819408		
19.65		0.89821106		
19.655		0.89822804		
19.66		0.89824501		
19.665		0.89826197		
19.67		0.89827893		
19.675		0.89829588		
19.68		0.89831282		
19.685		0.89832976		
19.69		0.89834668		
19.695		0.8983636		
19.7		0.89838052		
19.705		0.89839743		
19.71		0.89841432		
19.715		0.89843122		
19.72		0.8984481		
19.725		0.89846498		
19.73		0.89848185		
19.735		0.89849872		
19.74		0.89851558		
19.745		0.89853243		
19.75		0.89854927		
19.755		0.89856611		
19.76		0.89858294		
19.765		0.89859976		
19.77		0.89861657		
19.775		0.89863338		
19.78		0.89865018		
19.785		0.89866698		
19.79		0.89868377		
19.795		0.89870055		
19.8		0.89871732		
19.805		0.89873409		
19.81		0.89875085		
19.815		0.8987676		
19.82		0.89878435		
19.825		0.89880108		
19.83		0.89881782		
19.835		0.89883454		
19.84		0.89885126		
19.845		0.89886797		
19.85		0.89888468		
19.855		0.89890137		
19.86		0.89891806		
19.865		0.89893475		
19.87		0.89895142		
19.875		0.89896809		
19.88		0.89898476		
19.885		0.89900141		
19.89		0.89901806		
19.895		0.89903471		
19.9		0.89905134		
19.905		0.89906797		
19.91		0.89908459		
19.915		0.89910121		
19.92		0.89911781		
19.925		0.89913442		
19.93		0.89915101		
19.935		0.8991676		
19.94		0.89918418		
19.945		0.89920075		
19.95		0.89921732		
19.955		0.89923388		
19.96		0.89925043		
19.965		0.89926698		
19.97		0.89928352		
19.975		0.89930005		
19.98		0.89931658		
19.985		0.8993331		
19.99		0.89934961		
19.995		0.89936612		
20		0.89938262		
20.005		0.89939911		
20.01		0.89941559		
20.015		0.89943207		
20.02		0.89944854		
20.025		0.89946501		
20.03		0.89948147		
20.035		0.89949792		
20.04		0.89951437		
20.045		0.8995308		
20.05		0.89954724		
20.055		0.89956366		
20.06		0.89958008		
20.065		0.89959649		
20.07		0.89961289		
20.075		0.89962929		
20.08		0.89964568		
20.085		0.89966207		
20.09		0.89967845		
20.095		0.89969482		
20.1		0.89971118		
20.105		0.89972754		
20.11		0.89974389		
20.115		0.89976024		
20.12		0.89977657		
20.125		0.8997929		
20.13		0.89980923		
20.135		0.89982555		
20.14		0.89984186		
20.145		0.89985816		
20.15		0.89987446		
20.155		0.89989075		
20.16		0.89990704		
20.165		0.89992331		
20.17		0.89993959		
20.175		0.89995585		
20.18		0.89997211		
20.185		0.89998836		
20.19		0.9000046		
20.195		0.90002084		
20.2		0.90003707		
20.205		0.9000533		
20.21		0.90006952		
20.215		0.90008573		
20.22		0.90010194		
20.225		0.90011813		
20.23		0.90013433		
20.235		0.90015051		
20.24		0.90016669		
20.245		0.90018286		
20.25		0.90019903		
20.255		0.90021519		
20.26		0.90023134		
20.265		0.90024749		
20.27		0.90026363		
20.275		0.90027976		
20.28		0.90029589		
20.285		0.90031201		
20.29		0.90032812		
20.295		0.90034423		
20.3		0.90036033		
20.305		0.90037642		
20.31		0.90039251		
20.315		0.90040859		
20.32		0.90042466		
20.325		0.90044073		
20.33		0.90045679		
20.335		0.90047285		
20.34		0.9004889		
20.345		0.90050494		
20.35		0.90052098		
20.355		0.900537		
20.36		0.90055303		
20.365		0.90056904		
20.37		0.90058505		
20.375		0.90060106		
20.38		0.90061705		
20.385		0.90063304		
20.39		0.90064903		
20.395		0.900665		
20.4		0.90068098		
20.405		0.90069694		
20.41		0.9007129		
20.415		0.90072885		
20.42		0.9007448		
20.425		0.90076073		
20.43		0.90077667		
20.435		0.90079259		
20.44		0.90080851		
20.445		0.90082443		
20.45		0.90084033		
20.455		0.90085623		
20.46		0.90087213		
20.465		0.90088802		
20.47		0.9009039		
20.475		0.90091977		
20.48		0.90093564		
20.485		0.9009515		
20.49		0.90096736		
20.495		0.90098321		
20.5		0.90099905		
20.505		0.90101489		
20.51		0.90103072		
20.515		0.90104654		
20.52		0.90106236		
20.525		0.90107817		
20.53		0.90109398		
20.535		0.90110978		
20.54		0.90112557		
20.545		0.90114136		
20.55		0.90115714		
20.555		0.90117291		
20.56		0.90118868		
20.565		0.90120444		
20.57		0.90122019		
20.575		0.90123594		
20.58		0.90125168		
20.585		0.90126742		
20.59		0.90128315		
20.595		0.90129887		
20.6		0.90131459		
20.605		0.9013303		
20.61		0.90134601		
20.615		0.9013617		
20.62		0.9013774		
20.625		0.90139308		
20.63		0.90140876		
20.635		0.90142443		
20.64		0.9014401		
20.645		0.90145576		
20.65		0.90147142		
20.655		0.90148707		
20.66		0.90150271		
20.665		0.90151834		
20.67		0.90153397		
20.675		0.9015496		
20.68		0.90156521		
20.685		0.90158083		
20.69		0.90159643		
20.695		0.90161203		
20.7		0.90162762		
20.705		0.90164321		
20.71		0.90165879		
20.715		0.90167436		
20.72		0.90168993		
20.725		0.90170549		
20.73		0.90172105		
20.735		0.9017366		
20.74		0.90175214		
20.745		0.90176768		
20.75		0.90178321		
20.755		0.90179873		
20.76		0.90181425		
20.765		0.90182976		
20.77		0.90184527		
20.775		0.90186077		
20.78		0.90187626		
20.785		0.90189175		
20.79		0.90190723		
20.795		0.90192271		
20.8		0.90193818		
20.805		0.90195364		
20.81		0.9019691		
20.815		0.90198455		
20.82		0.90199999		
20.825		0.90201543		
20.83		0.90203087		
20.835		0.90204629		
20.84		0.90206171		
20.845		0.90207713		
20.85		0.90209254		
20.855		0.90210794		
20.86		0.90212334		
20.865		0.90213873		
20.87		0.90215411		
20.875		0.90216949		
20.88		0.90218486		
20.885		0.90220023		
20.89		0.90221559		
20.895		0.90223094		
20.9		0.90224629		
20.905		0.90226163		
20.91		0.90227697		
20.915		0.9022923		
20.92		0.90230762		
20.925		0.90232294		
20.93		0.90233825		
20.935		0.90235356		
20.94		0.90236886		
20.945		0.90238415		
20.95		0.90239944		
20.955		0.90241472		
20.96		0.90243		
20.965		0.90244527		
20.97		0.90246053		
20.975		0.90247579		
20.98		0.90249104		
20.985		0.90250629		
20.99		0.90252153		
20.995		0.90253676		
21		0.90255199		
21.005		0.90256721		
21.01		0.90258243		
21.015		0.90259764		
21.02		0.90261284		
21.025		0.90262804		
21.03		0.90264323		
21.035		0.90265842		
21.04		0.9026736		
21.045		0.90268878		
21.05		0.90270394		
21.055		0.90271911		
21.06		0.90273426		
21.065		0.90274941		
21.07		0.90276456		
21.075		0.9027797		
21.08		0.90279483		
21.085		0.90280996		
21.09		0.90282508		
21.095		0.9028402		
21.1		0.90285531		
21.105		0.90287041		
21.11		0.90288551		
21.115		0.9029006		
21.12		0.90291569		
21.125		0.90293077		
21.13		0.90294584		
21.135		0.90296091		
21.14		0.90297597		
21.145		0.90299103		
21.15		0.90300608		
21.155		0.90302113		
21.16		0.90303617		
21.165		0.9030512		
21.17		0.90306623		
21.175		0.90308125		
21.18		0.90309626		
21.185		0.90311127		
21.19		0.90312628		
21.195		0.90314128		
21.2		0.90315627		
21.205		0.90317126		
21.21		0.90318624		
21.215		0.90320121		
21.22		0.90321618		
21.225		0.90323115		
21.23		0.9032461		
21.235		0.90326106		
21.24		0.903276		
21.245		0.90329094		
21.25		0.90330588		
21.255		0.90332081		
21.26		0.90333573		
21.265		0.90335065		
21.27		0.90336556		
21.275		0.90338047		
21.28		0.90339537		
21.285		0.90341026		
21.29		0.90342515		
21.295		0.90344003		
21.3		0.90345491		
21.305		0.90346978		
21.31		0.90348465		
21.315		0.90349951		
21.32		0.90351436		
21.325		0.90352921		
21.33		0.90354405		
21.335		0.90355889		
21.34		0.90357372		
21.345		0.90358855		
21.35		0.90360337		
21.355		0.90361818		
21.36		0.90363299		
21.365		0.90364779		
