0.253386590329598		-2644.88075848221
0.25845432213619		-2306.17420336767
0.263522053942782		-2017.08172130625
0.268589785749374		-1769.42774816476
0.273657517555966		-1556.53154058859
0.278725249362558		-1372.90696539909
0.28379298116915		-1214.02805586228
0.288860712975742		-1076.1446976239
0.293928444782334		-956.136825130766
0.298996176588926		-851.398416229584
0.304063908395518		-759.744697969623
0.30913164020211		-679.337545241891
0.314199372008702		-608.625221739671
0.319267103815294		-546.293489039552
0.324334835621886		-491.225772205912
0.329402567428478		-442.470574743736
0.334470299235069		-399.214722378787
0.339538031041661		-360.761313289176
0.344605762848253		-326.511483765482
0.349673494654845		-295.949278698576
0.354741226461437		-268.62905780584
0.359808958268029		-244.164979999938
0.364876690074621		-222.222196568352
0.369944421881213		-202.509453963007
0.375012153687805		-184.77286302348
0.380079885494397		-168.790636289833
0.385147617300989		-154.368631130204
0.390215349107581		-141.336565483062
0.395283080914173		-129.544796569145
0.400350812720765		-118.861572002119
0.405418544527357		-109.170678277765
0.410486276333949		-100.369424319964
0.415554008140541		-92.3669081187633
0.420621739947133		-85.0825230365167
0.425689471753725		-78.4446673804373
0.430757203560317		-72.3896266821272
0.435824935366909		-66.8606030555376
0.440892667173501		-61.8068701962057
0.445960398980093		-57.1830363309807
0.451028130786685		-52.9484008275262
0.456095862593277		-49.0663933727026
0.461163594399868		-45.5040876191549
0.46623132620646		-42.2317837974985
0.471299058013052		-39.2226565330316
0.476366789819644		-36.4524646508208
0.481434521626236		-33.8993180692799
0.486502253432828		-31.5434934652492
0.49156998523942		-29.3672852208977
0.496637717046012		-27.3548734601168
0.501705448852604		-25.4921890385195
0.506773180659196		-23.7667587169485
0.511840912465788		-22.1675232146568
0.51690864427238		-20.684633954913
0.521976376078972		-19.3092456682626
0.527044107885564		-18.0333265976319
0.532111839692156		-16.8495032635873
0.537179571498748		-15.7509476251022
0.54224730330534		-14.7313033562755
0.547315035111932		-13.7846424539121
0.552382766918524		-12.9054406611584
0.557450498725116		-12.0885462780221
0.562518230531708		-11.329246237855
0.5675859623383		-10.6230928913935
0.572653694144892		-9.9660461612822
0.577721425951484		-9.35437400079456
0.582789157758076		-8.78464693528927
0.587856889564668		-8.25371577312774
0.592924621371259		-7.75868931426042
0.597992353177851		-7.29691285638661
0.603060084984443		-6.8659478260722
0.608127816791035		-6.46355281052011
0.613195548597627		-6.08766610119551
0.618263280404219		-5.73638972484704
0.623331012210811		-5.40797495079968
0.628398744017403		-5.10080915609777
0.633466475823995		-4.81340395337575
0.638534207630587		-4.54438445653623
0.643601939437179		-4.29247960916029
0.648669671243771		-4.05651347915064
0.653737403050363		-3.83539734697082
0.658805134856955		-3.62812262110065
0.663872866663547		-3.43375440749654
0.668940598470139		-3.25142572071732
0.674008330276731		-3.08033224801623
0.679076062083323		-2.91972763403675
0.684143793889915		-2.76891923871528
0.689211525696507		-2.62726432295642
0.694279257503099		-2.49416662926335
0.699346989309691		-2.36907333046927
0.704414721116283		-2.25147229253956
0.709482452922875		-2.14088961536874
0.714550184729467		-2.03688738042147
0.719617916536059		-1.93906151743826
0.72468564834265		-1.84703969614035
0.729753380149242		-1.76047909787607
0.734821111955834		-1.67906393910486
0.739888843762426		-1.60250260833808
0.744956575569018		-1.53052435314756
0.75002430737561		-1.46287552226495
0.755092039182202		-1.39931555248068
0.760159770988794		-1.33961300495492
0.765227502795386		-1.28354212303921
0.770295234601978		-1.23088038520243
0.77536296640857		-1.18140742583719
0.780430698215162		-1.13490545048934
0.785498430021754		-1.09116095731196
0.790566161828346		-1.04996730637144
0.795633893634938		-1.01112753716266
0.80070162544153		-0.974456864258585
0.805769357248122		-0.939784448150859
0.810837089054714		-0.906954266744082
0.815904820861306		-0.875825122250053
0.820972552667898		-0.846269960176
0.82604028447449		-0.818174733750788
0.831108016281082		-0.791437038799249
0.836175748087674		-0.765964700520383
0.841243479894266		-0.741674432313773
0.846311211700858		-0.71849063482261
0.851378943507449		-0.696344361565811
0.856446675314042		-0.675172450977917
0.861514407120633		-0.65491680922057
0.866582138927225		-0.635523820115829
0.871649870733817		-0.616943861044897
0.876717602540409		-0.599130901209636
0.881785334347001		-0.582042165116245
0.886853066153593		-0.565637846103205
0.891920797960185		-0.54988085875442
0.896988529766777		-0.534736621401697
0.902056261573369		-0.520172862188413
0.907123993379961		-0.506159444480851
0.912191725186553		-0.492668207617522
0.917259456993145		-0.479672821271301
0.922327188799737		-0.46714865109325
0.927394920606329		-0.455072634487149
0.932462652412921		-0.443423165825671
0.937530384219513		-0.432179989859551
0.942598116026105		-0.421324103035872
0.947665847832697		-0.410837662037338
0.952733579639289		-0.400703899163125
0.957801311445881		-0.390907043967954
0.962869043252473		-0.381432250894333
0.967936775059065		-0.372265532518309
0.973004506865657		-0.363393697853151
0.978072238672249		-0.354804295554196
0.98313997047884		-0.346485561644198
0.988207702285433		-0.338426371312576
0.993275434092024		-0.330616194615874
0.998343165898616		-0.323045055716849
1.00341089770521		-0.315703495400239
1.0084786295118		-0.308582536567567
1.01354636131839		-0.301673652531266
1.01861409312498		-0.294968737807393
1.02368182493158		-0.288460081226765
1.02874955673817		-0.28214034118556
1.03381728854476		-0.276002522802819
1.03888502035135		-0.270039956861752
1.04395275215794		-0.264246280359615
1.04902048396454		-0.258615418526862
1.05408821577113		-0.253141568192443
1.05915594757772		-0.247819182373765
1.06422367938431		-0.242642955987202
1.0692914111909		-0.237607812575638
1.0743591429975		-0.232708891976463
1.07942687480409		-0.227941538837357
1.08449460661068		-0.223301291916127
1.08956233841727		-0.218783874099119
1.09463007022386		-0.214385183067348
1.09969780203046		-0.210101282571033
1.10476553383705		-0.205928394259361
1.10983326564364		-0.201862890007997
1.11490099745023		-0.197901284730556
1.11996872925682		-0.194040229608757
1.12503646106342		-0.19027650572953
1.13010419287001		-0.186607018087885
1.1351719246766		-0.18302878993423
1.14023965648319		-0.17953895743447
1.14530738828978		-0.176134764630503
1.15037512009638		-0.172813558667851
1.15544285190297		-0.169572785282076
1.16051058370956		-0.166409984522576
1.16557831551615		-0.1633227866964
1.17064604732274		-0.160308908521577
1.17571377912934		-0.157366149473094
1.18078151093593		-0.154492388310956
1.18584924274252		-0.151685579780003
1.19091697454911		-0.148943751468921
1.1959847063557		-0.146265000821062
1.20105243816229		-0.14364749228587
1.20612016996889		-0.141089454605908
1.21118790177548		-0.13858917822857
1.21625563358207		-0.136145012838212
1.22132336538866		-0.133755364999581
1.22639109719525		-0.131418695909645
1.23145882900185		-0.129133519248006
1.23652656080844		-0.126898399125007
1.24159429261503		-0.124711948119441
1.24666202442162		-0.122572825401394
1.25172975622821		-0.120479734939166
1.25679748803481		-0.11843142378074
1.2618652198414		-0.116426680410926
1.26693295164799		-0.114464333178227
1.27200068345458		-0.112543248787726
1.27706841526117		-0.110662330858187
1.28213614706777		-0.108820518539197
1.28720387887436		-0.107016785185984
1.29227161068095		-0.105250137089391
1.29733934248754		-0.103519612258187
1.30240707429413		-0.101824279250932
1.30747480610073		-0.100163236055986
1.31254253790732		-0.0985356090171142
1.31761026971391		-0.0969405518020227
1.3226780015205		-0.0953772444131893
1.32774573332709		-0.093844892237788
1.33281346513369		-0.0923427251360463
1.33788119694028		-0.0908699965652908
1.34294892874687		-0.0894259827393989
1.34801666055346		-0.0880099818210293
1.35308439236005		-0.0866213131456304
1.35815212416665		-0.0852593164760111
1.36321985597324		-0.0839233512859573
1.36828758777983		-0.0826127960716904
1.37335531958642		-0.0813270476901168
1.37842305139301		-0.0800655207223997
1.38349078319961		-0.0788276468624919
1.3885585150062		-0.0776128743284975
1.39362624681279		-0.0764206672972067
1.39869397861938		-0.0752505053596719
1.40376171042597		-0.0741018829977522
1.40882944223257		-0.0729743090803065
1.41389717403916		-0.0718673063786243
1.41896490584575		-0.0707804110998477
1.42403263765234		-0.0697131724379995
1.42910036945893		-0.0686651521417913
1.43416810126553		-0.0676359240986468
1.43923583307212		-0.0666250739339184
1.44430356487871		-0.0656321986251918
1.4493712966853		-0.0646569061307129
1.45443902849189		-0.0636988150315742
1.45950676029848		-0.0627575541868933
1.46457449210508		-0.0618327624017518
1.46964222391167		-0.0609240881071875
1.47470995571826		-0.0600311890517988
1.47977768752485		-0.0591537320045267
1.48484541933144		-0.0582913924682448
1.48991315113804		-0.0574438544036087
1.49498088294463		-0.0566108099628317
1.50004861475122		-0.0557919592329816
1.50511634655781		-0.0549870099884781
1.5101840783644		-0.0541956774523479
1.515251810171		-0.0534176840660174
1.52031954197759		-0.0526527592671514
1.52538727378418		-0.051900639275433
1.53045500559077		-0.0511610668857303
1.53552273739736		-0.0504337912686931
1.54059046920396		-0.0497185677780951
1.54565820101055		-0.0490151577650958
1.55072593281714		-0.0483233283987742
1.55579366462373		-0.0476428524929765
1.56086139643032		-0.0469735083390663
1.56592912823692		-0.0463150795444511
1.57099686004351		-0.0456673548766283
1.5760645918501		-0.0450301281125857
1.58113232365669		-0.0444031978932227
1.58620005546328		-0.0437863675828428
1.59126778726988		-0.0431794451332762
1.59633551907647		-0.0425822429526395
1.60140325088306		-0.0419945777784603
1.60647098268965		-0.0414162705550547
1.61153871449624		-0.0408471463150283
1.61660644630284		-0.0402870340646102
1.62167417810943		-0.039735766672866
1.62674190991602		-0.0391931807645309
1.63180964172261		-0.0386591166163383
1.6368773735292		-0.0381334180567604
1.6419451053358		-0.0376159323690105
1.64701283714239		-0.0371065101971708
1.65208056894898		-0.0366050054553862
1.65714830075557		-0.0361112752399389
1.66221603256216		-0.0356251797441825
1.66728376436876		-0.0351465821761552
1.67235149617535		-0.0346753486788373
1.67741922798194		-0.0342113482529231
1.68248695978853		-0.0337544526820255
1.68755469159512		-0.0333045364602342
1.69262242340172		-0.0328614767219271
1.69769015520831		-0.0324251531737946
1.7027578870149		-0.031995448028935
1.70782561882149		-0.0315722459429951
1.71289335062808		-0.0311554339523112
1.71796108243467		-0.0307449014138666
1.72302881424127		-0.0303405399471448
1.72809654604786		-0.0299422433777224
1.73316427785445		-0.0295499076825489
1.73823200966104		-0.0291634309368876
1.74329974146763		-0.028782713262851
1.74836747327423		-0.0284076567794355
1.75343520508082		-0.0280381655540676
1.75850293688741		-0.0276741455555751
1.763570668694		-0.0273155046085026
1.76863840050059		-0.0269621523488213
1.77370613230719		-0.0266140001808608
1.77877386411378		-0.026270961235545
1.78384159592037		-0.0259329503297768
1.78890932772696		-0.025599883927036
1.79397705953355		-0.0252716800990519
1.79904479134015		-0.0249482584885978
1.80411252314674		-0.0246295402733177
1.80918025495333		-0.0243154481305727
1.81424798675992		-0.0240059062032685
1.81931571856651		-0.0237008400666266
1.82438345037311		-0.0234001766958908
1.8294511821797		-0.023103844434896
1.83451891398629		-0.0228117729655088
1.83958664579288		-0.0225238932779199
1.84465437759947		-0.0222401376416969
1.84972210940607		-0.0219604395776529
1.85478984121266		-0.0216847338304548
1.85985757301925		-0.02141295634196
1.86492530482584		-0.0211450442252724
1.86999303663243		-0.0208809357394499
1.87506076843903		-0.0206205702649227
1.88012850024562		-0.0203638882795093
1.88519623205221		-0.0201108313350809
1.8902639638588		-0.019861342034818
1.89533169566539		-0.0196153640110547
1.90039942747199		-0.0193728419036805
1.90546715927858		-0.0191337213391079
1.91053489108517		-0.0188979489097527
1.91560262289176		-0.0186654721540291
1.92067035469835		-0.018436239536873
1.92573808650495		-0.0182102004307199
1.93080581831154		-0.0179873050969519
1.93587355011813		-0.0177675046678377
1.94094128192472		-0.0175507511288655
1.94600901373131		-0.0173369973015452
1.95107674553791		-0.0171261968265974
1.9561444773445		-0.0169183041475819
1.96121220915109		-0.016713274494879
1.96627994095768		-0.0165110638700782
1.97134767276427		-0.0163116290307405
1.97641540457087		-0.0161149274754922
1.98148313637746		-0.0159209174295034
1.98655086818405		-0.0157295578302831
1.99161859999064		-0.0155408083138054
1.99668633179723		-0.0153546292009729
2.00175406360382		-0.0151709814843697
2.00682179541042		-0.0149898268153298
2.01188952721701		-0.0148111274913083
2.0169572590236		-0.0146348464435102
2.02202499083019		-0.0144609472248354
2.02709272263678		-0.0142893939980575
2.03216045444338		-0.0141201515243031
2.03722818624997		-0.0139531851517547
2.04229591805656		-0.013788460804618
2.04736364986315		-0.013625944972337
2.05243138166974		-0.0134656046990383
2.05749911347634		-0.0133074075732009
2.06256684528293		-0.0131513217175658
2.06763457708952		-0.0129973157792384
2.07270230889611		-0.012845358920042
2.0777700407027		-0.0126954208070341
2.0828377725093		-0.0125474716032544
2.08790550431589		-0.0124014819586597
2.09297323612248		-0.0122574230012527
2.09804096792907		-0.0121152663283939
2.10310869973566		-0.0119749839982986
2.10817643154226		-0.0118365485217062
2.11324416334885		-0.0116999328537281
2.11831189515544		-0.0115651103858684
2.12337962696203		-0.011432054938194
2.12844735876862		-0.0113007407516785
2.13351509057522		-0.0111711424806979
2.13858282238181		-0.0110432351856776
2.1436505541884		-0.010916994325893
2.14871828599499		-0.0107923957524106
2.15378601780158		-0.0106694157011722
2.15885374960818		-0.0105480307862219
2.16392148141477		-0.0104282179930577
2.16898921322136		-0.0103099546721341
2.17405694502795		-0.0101932185324711
2.17912467683454		-0.0100779876354016
2.18419240864114		-0.00996424038844976
2.18926014044773		-0.00985195553930361
2.19432787225432		-0.00974111216993592
2.19939560406091		-0.00963168969082124
2.2044633358675		-0.00952366783526234
2.2095310676741		-0.00941702665384318
2.21459879948069		-0.00931174650897337
2.21966653128728		-0.00920780806954131
2.22473426309387		-0.00910519230567476
2.22980199490046		-0.00900388048359861
2.23486972670706		-0.00890385416058443
2.23993745851365		-0.00880509518000434
2.24500519032024		-0.00870758566647719
2.25007292212683		-0.00861130802110186
2.25514065393342		-0.0085162449167828
2.26020838574001		-0.0084223792936436
2.26527611754661		-0.00832969435452526
2.2703438493532		-0.00823817356056879
2.27541158115979		-0.00814780062688072
2.28047931296638		-0.00805855951827768
2.28554704477297		-0.0079704344451109
2.29061477657957		-0.00788340985916245
2.29568250838616		-0.0077974704496327
2.30075024019275		-0.0077126011391776
2.30581797199934		-0.00762878708003622
2.31088570380593		-0.00754601365022547
2.31595343561253		-0.00746426644980342
2.32102116741912		-0.00738353129719166
2.32608889922571		-0.00730379422557936
2.3311566310323		-0.00722504147938625
2.33622436283889		-0.00714725951078269
2.34129209464549		-0.00707043497627908
2.34635982645208		-0.00699455473337859
2.35142755825867		-0.00691960583728491
2.35649529006526		-0.00684557553766923
2.36156302187185		-0.00677245127549656
2.36663075367845		-0.00670022067991071
2.37169848548504		-0.00662887156516897
2.37676621729163		-0.00655839192763439
2.38183394909822		-0.0064887699428235
2.38690168090481		-0.00641999396250161
2.39196941271141		-0.00635205251183016
2.397037144518		-0.00628493428657089
2.40210487632459		-0.00621862815032552
2.40717260813118		-0.00615312313183762
2.41224033993777		-0.0060884084223355
2.41730807174437		-0.00602447337291923
2.42237580355096		-0.00596130749199594
2.42744353535755		-0.0058989004427649
2.43251126716414		-0.00583724204073347
2.43757899897073		-0.00577632225128626
2.44264673077733		-0.00571613118729747
2.44771446258392		-0.00565665910677357
2.45278219439051		-0.0055978964105495
2.4578499261971		-0.00553983364001649
2.46291765800369		-0.00548246147488892
2.46798538981029		-0.00542577073101571
2.47305312161688		-0.00536975235822129
2.47812085342347		-0.00531439743819059
2.48318858523006		-0.0052596971823848
2.48825631703665		-0.0052056429299935
2.49332404884324		-0.0051522261459264
2.49839178064984		-0.00509943841883219
2.50345951245643		-0.00504727145915603
2.50852724426302		-0.0049957170972286
2.51359497606961		-0.00494476728138657
2.5186627078762		-0.00489441407612422
2.5237304396828		-0.00484464966028232
2.52879817148939		-0.00479546632525373
