0.253386590329598		0.000446968998641218
0.25845432213619		0.000481564412680942
0.263522053942782		0.000517746097379742
0.268589785749374		0.000555553514132466
0.273657517555966		0.000595027698991723
0.278725249362558		0.000636211658335439
0.28379298116915		0.000679150748947569
0.288860712975742		0.000723893037571065
0.293928444782334		0.000770489636404601
0.298996176588926		0.00081899501302929
0.304063908395518		0.000869467275221626
0.30913164020211		0.000921968432789245
0.314199372008702		0.000976564639519803
0.319267103815294		0.00103332641878467
0.324334835621886		0.0010923288760005
0.329402567428478		0.00115365190046709
0.334470299235069		0.00121738035784503
0.339538031041661		0.00128360427325103
0.344605762848253		0.00135241900323414
0.349673494654845		0.00142392539341227
0.354741226461437		0.00149822991690524
0.359808958268029		0.0015754447871953
0.364876690074621		0.00165568803751154
0.369944421881213		0.0017390835579056
0.375012153687805		0.00182576107985157
0.380079885494397		0.00191585609789604
0.385147617300989		0.00200950971792304
0.390215349107581		0.00210686842320463
0.395283080914173		0.00220808375216823
0.400350812720765		0.00231331188875538
0.405418544527357		0.00242271317752134
0.410486276333949		0.00253645159369777
0.415554008140541		0.0026546942288521
0.420621739947133		0.00277761089693534
0.425689471753725		0.00290537403070531
0.430757203560317		0.00303815912776898
0.435824935366909		0.00317614611811767
0.440892667173501		0.00331952215866373
0.445960398980093		0.00346848648560535
0.451028130786685		0.00362325803016995
0.456095862593277		0.00378408644511355
0.461163594399868		0.00395126688747017
0.46623132620646		0.00412515823881073
0.471299058013052		0.00430620336543868
0.476366789819644		0.00449494855342267
0.481434521626236		0.00469205781751835
0.486502253432828		0.00489831684023744
0.49156998523942		0.00511462177715335
0.496637717046012		0.00534195059505597
0.501705448852604		0.0055813190595248
0.506773180659196		0.00583372884749534
0.511840912465788		0.00610011931641708
0.51690864427238		0.00638133486043656
0.521976376078972		0.00667811570579809
0.527044107885564		0.00699111280589458
0.532111839692156		0.0073209212206673
0.537179571498748		0.00766812216818924
0.54224730330534		0.00803332502081667
0.547315035111932		0.00841720225117857
0.552382766918524		0.00882051462912832
0.557450498725116		0.00924415930637045
0.562518230531708		0.00968901246046903
0.5675859623383		0.0101562613128113
0.572653694144892		0.0106470714865808
0.577721425951484		0.0111627504634734
0.582789157758076		0.0117047118019842
0.587856889564668		0.0122744735330807
0.592924621371259		0.0128736581041248
0.597992353177851		0.0135039934848942
0.603060084984443		0.0141673158109173
0.608127816791035		0.0148655734485799
0.613195548597627		0.015600832407269
0.618263280404219		0.0163752833536747
0.623331012210811		0.0171912500419793
0.628398744017403		0.0180511995173326
0.633466475823995		0.0189577542775693
0.638534207630587		0.0199137069399726
0.643601939437179		0.0209220374685483
0.648669671243771		0.0219859331493641
0.653737403050363		0.0231088132251411
0.658805134856955		0.0242943568763057
0.663872866663547		0.0255465368288661
0.668940598470139		0.0268696582599882
0.674008330276731		0.028268404257832
0.679076062083323		0.0297478877662489
0.684143793889915		0.0313137098804649
0.689211525696507		0.0329720237992584
0.694279257503099		0.0347296021695715
0.699346989309691		0.036593903037519
0.704414721116283		0.0385731281048817
0.709482452922875		0.0406762617568467
0.714550184729467		0.0429130759170883
0.719617916536059		0.04529408110952
0.72468564834265		0.0478303976964589
0.729753380149242		0.0505335222594746
0.734821111955834		0.0534149635223362
0.739888843762426		0.0564857359167477
0.744956575569018		0.0597557153092159
0.75002430737561		0.0632329004168572
0.755092039182202		0.0669226515902089
0.760159770988794		0.0708270288298054
0.765227502795386		0.0749443570335527
0.770295234601978		0.0792691429597771
0.77536296640857		0.0837924141612576
0.780430698215162		0.0885024659844572
0.785498430021754		0.093385914778938
0.790566161828346		0.0984288849787957
0.795633893634938		0.103618134715173
0.80070162544153		0.108941957437261
0.805769357248122		0.114390759330904
0.810837089054714		0.119957295562476
0.815904820861306		0.125636610162454
0.820972552667898		0.131425766556017
0.82604028447449		0.13732346080056
0.831108016281082		0.143329597885185
0.836175748087674		0.149444892605067
0.841243479894266		0.155670527535182
0.846311211700858		0.162007883577486
0.851378943507449		0.168458343240328
0.856446675314042		0.175023159260802
0.861514407120633		0.181703376997968
0.866582138927225		0.188499796299269
0.871649870733817		0.195412964546777
0.876717602540409		0.202443188343501
0.881785334347001		0.209590557830107
0.886853066153593		0.21685497732627
0.891920797960185		0.224236198648333
0.896988529766777		0.231733854147306
0.902056261573369		0.239347487514334
0.907123993379961		0.247076582009015
0.912191725186553		0.25492058465273
0.917259456993145		0.262878927316671
0.922327188799737		0.270951043929408
0.927394920606329		0.279136384237872
0.932462652412921		0.28743442492083
0.937530384219513		0.295844677611577
0.942598116026105		0.304366694742548
0.947665847832697		0.313000073299222
0.952733579639289		0.32174445697478
0.957801311445881		0.330599536746773
0.962869043252473		0.339565050396164
0.967936775059065		0.348640781233615
0.973004506865657		0.357826555871662
0.978072238672249		0.36712224160398
0.98313997047884		0.376527743482179
0.988207702285433		0.386043000960992
0.993275434092024		0.395667984509221
0.998343165898616		0.405402692135392
1.00341089770521		0.41524714593976
1.0084786295118		0.425201388665141
1.01354636131839		0.435265480450364
1.01861409312498		0.445439495651279
1.02368182493158		0.455723519829931
1.02874955673817		0.466117646982409
1.03381728854476		0.476621976883731
1.03888502035135		0.487236612672549
1.04395275215794		0.497961658621641
1.04902048396454		0.50879721809511
1.05408821577113		0.519743391704392
1.05915594757772		0.530800275644882
1.06422367938431		0.541967960213844
1.0692914111909		0.553246528480075
1.0743591429975		0.564636055133442
1.07942687480409		0.576136605463696
1.08449460661068		0.587748234486918
1.08956233841727		0.599470986212987
1.09463007022386		0.611304893002964
1.09969780203046		0.623249975058867
1.10476553383705		0.635306240025077
1.10983326564364		0.647473682638016
1.11490099745023		0.659752284521959
1.11996872925682		0.672142014007565
1.12503646106342		0.684642826051327
1.13010419287001		0.69725466220488
1.1351719246766		0.709977450652145
1.14023965648319		0.722811106278688
1.14530738828978		0.735755530814439
1.15037512009638		0.748810612986407
1.15544285190297		0.761976228725176
1.16051058370956		0.775252241402335
1.16557831551615		0.788638502085995
1.17064604732274		0.802134849830882
1.17571377912934		0.815741111981812
1.18078151093593		0.829457104494598
1.18584924274252		0.843282632278101
1.19091697454911		0.857217489541781
1.1959847063557		0.871261460159162
1.20105243816229		0.885414318030567
1.20612016996889		0.899675827463182
1.21118790177548		0.914045743545984
1.21625563358207		0.928523812534996
1.22132336538866		0.943109772231383
1.22639109719525		0.957803352372553
1.23145882900185		0.97260427500632
1.23652656080844		0.987512254878411
1.24159429261503		1.00252699981026
1.24666202442162		1.01764821106732
1.25172975622821		1.03287558374155
1.25679748803481		1.04820880710687
1.2618652198414		1.06364756498424
1.26693295164799		1.07919153609908
1.27200068345458		1.09484039442619
1.27706841526117		1.11059380953518
1.28213614706777		1.12645144692464
1.28720387887436		1.1424129683504
1.29227161068095		1.15847803214794
1.29733934248754		1.17464629354781
1.30240707429413		1.19091740497837
1.30747480610073		1.20729101636607
1.31254253790732		1.22376677542777
1.31761026971391		1.24034432794973
1.3226780015205		1.25702331806664
1.32774573332709		1.27380338852593
1.33281346513369		1.29068418094921
1.33788119694028		1.30766533607955
1.34294892874687		1.32474649402835
1.34801666055346		1.34192729450912
1.35308439236005		1.35920737706485
1.35815212416665		1.37658638128771
1.36321985597324		1.39406394703143
1.36828758777983		1.41163971461549
1.37335531958642		1.42931332502262
1.37842305139301		1.44708442008649
1.38349078319961		1.46495264267737
1.3885585150062		1.48291763687247
1.39362624681279		1.50097904812808
1.39869397861938		1.51913652343782
1.40376171042597		1.53738971148793
1.40882944223257		1.55573826280313
1.41389717403916		1.57418182988999
1.41896490584575		1.59272006736865
1.42403263765234		1.61135263210174
1.42910036945893		1.63007918331537
1.43416810126553		1.64889938271707
1.43923583307212		1.66781289460209
1.44430356487871		1.68681938595976
1.4493712966853		1.70591852657048
1.45443902849189		1.72510998909968
1.45950676029848		1.74439344918352
1.46457449210508		1.76376858551219
1.46964222391167		1.78323507990647
1.47470995571826		1.80279261739009
1.47977768752485		1.82244088625584
1.48484541933144		1.84217957812931
1.48991315113804		1.86200838802643
1.49498088294463		1.88192701440685
1.50004861475122		1.90193515922287
1.50511634655781		1.92203252796511
1.5101840783644		1.94221882970257
1.515251810171		1.96249377712143
1.52031954197759		1.98285708655628
1.52538727378418		2.00330847802187
1.53045500559077		2.0238476752373
1.53552273739736		2.04447440565097
1.54059046920396		2.06518840045774
1.54565820101055		2.08598939461727
1.55072593281714		2.10687712686617
1.55579366462373		2.12785133972899
1.56086139643032		2.14891177952526
1.56592912823692		2.17005819637437
1.57099686004351		2.19129034419813
1.5760645918501		2.21260798072086
1.58113232365669		2.23401086746522
1.58620005546328		2.25549876974908
1.59126778726988		2.27707145667751
1.59633551907647		2.29872870113329
1.60140325088306		2.32047027976623
1.60647098268965		2.34229597297965
1.61153871449624		2.3642055649159
1.61660644630284		2.38619884343917
1.62167417810943		2.40827560011708
1.62674190991602		2.43043563020148
1.63180964172261		2.45267873260603
1.6368773735292		2.47500470988428
1.6419451053358		2.49741336820518
1.64701283714239		2.5199045173274
1.65208056894898		2.5424779705735
1.65714830075557		2.56513354480115
1.66221603256216		2.58787106037557
1.66728376436876		2.61069034113871
1.67235149617535		2.63359121437937
1.67741922798194		2.65657351080122
1.68248695978853		2.67963706449076
1.68755469159512		2.70278171288396
1.69262242340172		2.72600729673265
1.69769015520831		2.7493136600702
1.7027578870149		2.77270065017631
1.70782561882149		2.79616811754155
1.71289335062808		2.81971591583144
1.71796108243467		2.84334390185011
1.72302881424127		2.86705193550265
1.72809654604786		2.89083987975897
1.73316427785445		2.91470760061551
1.73823200966104		2.93865496705763
1.74329974146763		2.96268185102158
1.74836747327423		2.98678812735616
1.75343520508082		3.01097367378416
1.75850293688741		3.03523837086416
1.763570668694		3.05958210195134
1.76863840050059		3.08400475315904
1.77370613230719		3.10850621331984
1.77877386411378		3.13308637394667
1.78384159592037		3.15774512919429
1.78890932772696		3.18248237581987
1.79397705953355		3.20729801314514
1.79904479134015		3.23219194301677
1.80411252314674		3.25716406976856
1.80918025495333		3.28221430018274
1.81424798675992		3.30734254345156
1.81931571856651		3.3325487111393
1.82438345037311		3.35783271714454
1.8294511821797		3.38319447766194
1.83451891398629		3.4086339111451
1.83958664579288		3.43415093826908
1.84465437759947		3.45974548189337
1.84972210940607		3.48541746702513
1.85478984121266		3.51116682078266
1.85985757301925		3.53699347235895
1.86492530482584		3.56289735298609
1.86999303663243		3.58887839589923
1.87506076843903		3.61493653630145
1.88012850024562		3.64107171132883
1.88519623205221		3.66728386001533
1.8902639638588		3.69357292325901
1.89533169566539		3.71993884378755
1.90039942747199		3.746381566125
1.90546715927858		3.77290103655806
1.91053489108517		3.79949720310351
1.91560262289176		3.8261700154755
1.92067035469835		3.85291942505323
1.92573808650495		3.87974538484959
1.93080581831154		3.90664784947924
1.93587355011813		3.93362677512781
1.94094128192472		3.96068211952137
1.94600901373131		3.98781384189604
1.95107674553791		4.01502190296797
1.9561444773445		4.04230626490435
1.96121220915109		4.06966689129391
1.96627994095768		4.0971037471185
1.97134767276427		4.12461679872478
1.97641540457087		4.1522060137963
1.98148313637746		4.17987136132622
1.98655086818405		4.20761281158999
1.99161859999064		4.235430336119
1.99668633179723		4.2633239076741
2.00175406360382		4.29129350021991
2.00682179541042		4.31933908889924
2.01188952721701		4.34746065000809
2.0169572590236		4.37565816097112
2.02202499083019		4.40393160031707
2.02709272263678		4.43228094765522
2.03216045444338		4.46070618365176
2.03722818624997		4.4892072900067
2.04229591805656		4.5177842494311
2.04736364986315		4.54643704562491
2.05243138166974		4.57516566325487
2.05749911347634		4.60397008793305
2.06256684528293		4.63285030619557
2.06763457708952		4.66180630548176
2.07270230889611		4.69083807411384
2.0777700407027		4.71994560127669
2.0828377725093		4.74912887699815
2.08790550431589		4.77838789212968
2.09297323612248		4.80772263832725
2.09804096792907		4.83713310803277
2.10310869973566		4.86661929445569
2.10817643154226		4.896181191555
2.11324416334885		4.92581879402161
2.11831189515544		4.95553209726094
2.12337962696203		4.98532109737612
2.12844735876862		5.01518579115108
2.13351509057522		5.04512617603432
2.13858282238181		5.0751422501229
2.1436505541884		5.1052340121466
2.14871828599499		5.1354014614526
2.15378601780158		5.16564459799028
2.15885374960818		5.19596342229646
2.16392148141477		5.22635793548076
2.16898921322136		5.25682813921157
2.17405694502795		5.28737403570179
2.17912467683454		5.31799562769531
2.18419240864114		5.34869291845368
2.18926014044773		5.3794659117427
2.19432787225432		5.41031461181983
2.19939560406091		5.44123902342138
2.2044633358675		5.47223915175016
2.2095310676741		5.50331500246345
2.21459879948069		5.534466581661
2.21966653128728		5.56569389587352
2.22473426309387		5.5969969520512
2.22980199490046		5.62837575755254
2.23486972670706		5.65983032013346
2.23993745851365		5.69136064793652
2.24500519032024		5.72296674948053
2.25007292212683		5.75464863365005
2.25514065393342		5.78640630968554
2.26020838574001		5.81823978717329
2.26527611754661		5.85014907603594
2.2703438493532		5.8821341865228
2.27541158115979		5.91419512920062
2.28047931296638		5.94633191494455
2.28554704477297		5.9785445549292
2.29061477657957		6.01083306061977
2.29568250838616		6.04319744376364
2.30075024019275		6.07563771638185
2.30581797199934		6.10815389076091
2.31088570380593		6.1407459794447
2.31595343561253		6.1734139952266
2.32102116741912		6.20615795114167
2.32608889922571		6.23897786045903
2.3311566310323		6.2718737366744
2.33622436283889		6.30484559350285
2.34129209464549		6.3378934448714
2.34635982645208		6.37101730491228
2.35142755825867		6.40421718795567
2.35649529006526		6.43749310852314
2.36156302187185		6.47084508132088
2.36663075367845		6.50427312123317
2.37169848548504		6.5377772433159
2.37676621729163		6.57135746279036
2.38183394909822		6.60501379503691
2.38690168090481		6.63874625558896
2.39196941271141		6.67255486012689
2.397037144518		6.7064396244723
2.40210487632459		6.74040056458206
2.40717260813118		6.7744376965427
2.41224033993777		6.80855103656479
2.41730807174437		6.84274060097739
2.42237580355096		6.8770064062227
2.42744353535755		6.91134846885065
2.43251126716414		6.94576680551364
2.43757899897073		6.9802614329614
2.44264673077733		7.0148323680359
2.44771446258392		7.04947962766629
2.45278219439051		7.08420322886395
2.4578499261971		7.11900318871761
2.46291765800369		7.15387952438857
2.46798538981029		7.18883225310594
2.47305312161688		7.22386139216197
2.47812085342347		7.25896695890737
2.48318858523006		7.29414897074686
2.48825631703665		7.32940744513456
2.49332404884324		7.3647423995697
2.49839178064984		7.40015385159207
2.50345951245643		7.43564181877779
2.50852724426302		7.47120631873502
2.51359497606961		7.50684736909975
2.5186627078762		7.54256498753153
2.5237304396828		7.57835919170946
2.52879817148939		7.61422999932806
