1302
0.24752941286469282
0.25045800159714543
0.2533865903295981
0.25631517906205076
0.25924376779450337
0.26217235652695603
0.26510094525940864
0.2680295339918613
0.27095812272431397
0.2738867114567666
0.27681530018921924
0.2797438889216719
0.2826724776541245
0.2856010663865772
0.2885296551190298
0.29145824385148245
0.29438683258393505
0.2973154213163877
0.3002440100488404
0.303172598781293
0.30610118751374565
0.30902977624619826
0.3119583649786509
0.31488695371110353
0.3178155424435562
0.32074413117600886
0.32367271990846147
0.32660130864091413
0.32952989737336674
0.3324584861058194
0.33538707483827207
0.3383156635707247
0.34124425230317734
0.34417284103563
0.3471014297680826
0.3500300185005352
0.3529586072329879
0.35588719596544055
0.35881578469789316
0.3617443734303458
0.36467296216279843
0.3676015508952511
0.3705301396277037
0.37345872836015637
0.37638731709260903
0.37931590582506164
0.3822444945575143
0.38517308328996697
0.3881016720224196
0.3910302607548722
0.3939588494873249
0.3968874382197775
0.3998160269522301
0.40274461568468284
0.40567320441713545
0.40860179314958806
0.4115303818820408
0.4144589706144934
0.417387559346946
0.4203161480793987
0.42324473681185126
0.4261733255443039
0.42910191427675665
0.43203050300920914
0.43495909174166186
0.43788768047411447
0.4408162692065671
0.4437448579390198
0.4466734466714724
0.449602035403925
0.45253062413637773
0.45545921286883034
0.45838780160128295
0.46131639033373567
0.4642449790661883
0.4671735677986409
0.4701021565310936
0.4730307452635462
0.4759593339959988
0.4788879227284515
0.48181651146090415
0.48474510019335676
0.4876736889258094
0.490602277658262
0.4935308663907147
0.49645945512316736
0.4993880438556199
0.5023166325880726
0.5052452213205252
0.5081738100529779
0.5111023987854305
0.5140309875178831
0.5169595762503357
0.5198881649827884
0.5228167537152411
0.5257453424476937
0.5286739311801464
0.531602519912599
0.5345311086450516
0.5374596973775043
0.5403882861099569
0.5433168748424095
0.5462454635748623
0.5491740523073149
0.5521026410397675
0.5550312297722202
0.5579598185046727
0.5608884072371254
0.5638169959695781
0.5667455847020306
0.5696741734344833
0.572602762166936
0.5755313508993887
0.5784599396318413
0.5813885283642939
0.5843171170967465
0.5872457058291992
0.5901742945616518
0.5931028832941044
0.5960314720265572
0.5989600607590098
0.6018886494914624
0.6048172382239151
0.6077458269563677
0.6106744156888203
0.6136030044212729
0.6165315931537256
0.6194601818861782
0.6223887706186308
0.6253173593510836
0.6282459480835362
0.6311745368159888
0.6341031255484416
0.6370317142808941
0.6399603030133466
0.6428888917457993
0.645817480478252
0.6487460692107048
0.6516746579431573
0.65460324667561
0.6575318354080625
0.6604604241405152
0.6633890128729679
0.6663176016054206
0.6692461903378731
0.6721747790703259
0.6751033678027784
0.6780319565352311
0.6809605452676838
0.6838891340001364
0.686817722732589
0.6897463114650415
0.6926749001974942
0.695603488929947
0.6985320776623997
0.7014606663948523
0.7043892551273049
0.7073178438597574
0.7102464325922101
0.7131750213246628
0.7161036100571155
0.719032198789568
0.7219607875220208
0.7248893762544732
0.727817964986926
0.7307465537193787
0.7336751424518313
0.7366037311842839
0.7395323199167366
0.7424609086491891
0.7453894973816418
0.7483180861140946
0.7512466748465472
0.7541752635789998
0.7571038523114523
0.760032441043905
0.7629610297763577
0.7658896185088103
0.768818207241263
0.7717467959737156
0.7746753847061681
0.7776039734386209
0.7805325621710736
0.7834611509035262
0.7863897396359788
0.7893183283684315
0.792246917100884
0.7951755058333367
0.7981040945657895
0.8010326832982421
0.8039612720306947
0.8068898607631473
0.8098184494955999
0.8127470382280526
0.8156756269605052
0.8186042156929579
0.8215328044254105
0.824461393157863
0.8273899818903158
0.8303185706227685
0.8332471593552211
0.8361757480876738
0.8379673704435395
0.8397589927994054
0.8415506151552713
0.8433422375111371
0.845133859867003
0.8469254822228688
0.8487171045787345
0.8505087269346003
0.8523003492904663
0.8540919716463321
0.8558835940021979
0.8576752163580638
0.8594668387139297
0.8612584610697955
0.8630500834256614
0.8648417057815272
0.8666333281373931
0.868424950493259
0.8702165728491247
0.8720081952049905
0.8737998175608563
0.8755914399167223
0.8773830622725881
0.8791746846284539
0.8809663069843198
0.8827579293401857
0.8845495516960515
0.8863411740519174
0.8881327964077832
0.8899244187636491
0.891716041119515
0.8935076634753807
0.8952992858312465
0.8970909081871123
0.8988825305429782
0.9006741528988441
0.90246577525471
0.9042573976105758
0.9060490199664416
0.9078406423223075
0.9096322646781734
0.9114238870340392
0.913215509389905
0.915007131745771
0.9167987541016367
0.9185903764575025
0.9203819988133684
0.9221736211692342
0.9239652435251001
0.925756865880966
0.9275484882368318
0.9293401105926976
0.9311317329485636
0.9329233553044294
0.9347149776602952
0.9365066000161609
0.9382982223720268
0.9400898447278927
0.9418814670837585
0.9436730894396244
0.9454647117954902
0.9472563341513561
0.949047956507222
0.9508395788630878
0.9526312012189536
0.9544228235748194
0.9562144459306854
0.9580060682865512
0.9597976906424169
0.9615893129982828
0.9633809353541486
0.9651725577100145
0.9669641800658804
0.9687558024217462
0.970547424777612
0.972339047133478
0.9741306694893438
0.9759222918452096
0.9777139142010755
0.9795055365569414
0.9812971589128072
0.9830887812686729
0.9848804036245388
0.9866720259804046
0.9884636483362705
0.9902552706921364
0.9920468930480022
0.993838515403868
0.995630137759734
0.9974217601155998
0.9992133824714656
1.0010050048273316
1.0027966271831972
1.0045882495390632
1.0063798718949288
1.0081714942507947
1.0099631166066607
1.0117547389625265
1.0135463613183924
1.0176046050073548
1.0216628486963175
1.02572109238528
1.0297793360742424
1.033837579763205
1.0378958234521676
1.04195406714113
1.0460123108300927
1.0500705545190552
1.0541287982080176
1.05818704189698
1.0622452855859428
1.0663035292749052
1.0703617729638677
1.0744200166528304
1.0784782603417928
1.0825365040307555
1.086594747719718
1.0906529914086804
1.094711235097643
1.0987694787866056
1.102827722475568
1.1068859661645307
1.110944209853493
1.1150024535424556
1.119060697231418
1.1231189409203808
1.1271771846093432
1.1312354282983057
1.1352936719872684
1.1393519156762308
1.1434101593651933
1.147468403054156
1.1515266467431184
1.155584890432081
1.1596431341210436
1.163701377810006
1.1677596214989685
1.171817865187931
1.1758761088768936
1.179934352565856
1.1839925962548188
1.1880508399437812
1.192109083632744
1.1961673273217062
1.2002255710106688
1.2042838146996313
1.208342058388594
1.2124003020775564
1.216458545766519
1.2205167894554814
1.224575033144444
1.2286332768334065
1.232691520522369
1.2367497642113316
1.240808007900294
1.2448662515892568
1.2489244952782192
1.2529827389671817
1.2570409826561442
1.2610992263451068
1.2651574700340693
1.2692157137230318
1.2732739574119942
1.277332201100957
1.2813904447899194
1.285448688478882
1.2895069321678445
1.293565175856807
1.2976234195457697
1.3016816632347321
1.3057399069236948
1.3097981506126573
1.31385639430162
1.3179146379905822
1.3219728816795446
1.3260311253685073
1.3300893690574698
1.3341476127464322
1.338205856435395
1.3422641001243574
1.34632234381332
1.3503805875022825
1.354438831191245
1.3584970748802077
1.36255531856917
1.3666135622581324
1.370671805947095
1.3747300496360575
1.3787882933250202
1.3828465370139826
1.3869047807029453
1.3909630243919078
1.3950212680808702
1.399079511769833
1.4031377554587954
1.407195999147758
1.4112542428367205
1.4153124865256832
1.4193707302146457
1.4234289739036081
1.4274872175925708
1.431545461281533
1.4356037049704955
1.4396619486594582
1.4437201923484206
1.4477784360373833
1.4518366797263458
1.4558949234153082
1.459953167104271
1.4640114107932334
1.468069654482196
1.4721278981711583
1.4761861418601208
1.4802443855490834
1.484302629238046
1.4883608729270086
1.492419116615971
1.4964773603049335
1.5005356039938962
1.5045938476828586
1.5086520913718213
1.5127103350607838
1.5167685787497462
1.520826822438709
1.5248850661276714
1.528943309816634
1.5330015535055965
1.5370597971945592
1.5411180408835214
1.545176284572484
1.5492345282614466
1.553292771950409
1.5573510156393715
1.5614092593283342
1.5654675030172966
1.5695257467062593
1.5735839903952218
1.5776422340841845
1.5817004777731467
1.5857587214621092
1.5898169651510716
1.5938752088400343
1.5979334525289968
1.6019916962179594
1.606049939906922
1.6101081835958846
1.614166427284847
1.6182246709738095
1.6222829146627722
1.6263411583517347
1.6303994020406973
1.6344576457296598
1.6385158894186225
1.642574133107585
1.6466323767965474
1.65069062048551
1.6547488641744725
1.6588071078634348
1.6628653515523975
1.66692359524136
1.6709818389303226
1.675040082619285
1.6790983263082475
1.6831565699972102
1.6872148136861724
1.691273057375135
1.6953313010640976
1.69938954475306
1.7034477884420227
1.7075060321309852
1.7115642758199479
1.7156225195089103
1.7196807631978728
1.7237390068868355
1.727797250575798
1.7318554942647606
1.735913737953723
1.7399719816426855
1.7440302253316482
1.7480884690206107
1.7521467127095733
1.7562049563985358
1.7602632000874985
1.764321443776461
1.7683796874654232
1.7724379311543859
1.7764961748433483
1.7805544185323108
1.7846126622212735
1.788670905910236
1.7927291495991986
1.7967873932881608
1.8008456369771233
1.804903880666086
1.8089621243550484
1.8130203680440111
1.8170786117329736
1.821136855421936
1.8251950991108987
1.8292533427998612
1.8333115864888239
1.8373698301777863
1.8414280738667488
1.8454863175557115
1.849544561244674
1.8536028049336366
1.857661048622599
1.8617192923115617
1.8657775360005242
1.8698357796894867
1.8738940233784493
1.8779522670674116
1.882010510756374
1.8860687544453367
1.8901269981342992
1.8941852418232619
1.8982434855122243
1.9023017292011866
1.9063599728901492
1.9104182165791117
1.9144764602680742
1.9185347039570368
1.9225929476459993
1.926651191334962
1.9307094350239244
1.9347676787128871
1.9388259224018496
1.942884166090812
1.9469424097797747
1.9510006534687372
1.9550588971576999
1.9591171408466623
1.9631753845356248
1.9672336282245875
1.97129187191355
1.9753501156025126
1.979408359291475
1.9834666029804378
1.9875248466694
1.9915830903583625
1.9956413340473251
1.9996995777362876
2.0037578214252503
2.0078160651142127
2.0118743088031747
2.0159325524921377
2.0199907961811
2.0240490398700626
2.028107283559025
2.032165527247988
2.0362237709369504
2.040282014625913
2.0443402583148753
2.0483985020038378
2.0524567456928007
2.056514989381763
2.0605732330707256
2.064631476759688
2.0686897204486505
2.0727479641376134
2.076806207826576
2.0808644515155383
2.084922695204501
2.0889809388934633
2.093039182582426
2.097097426271388
2.1011556699603506
2.1052139136493135
2.109272157338276
2.1133304010272385
2.117388644716201
2.1214468884051634
2.125505132094126
2.1295633757830883
2.133621619472051
2.1376798631610137
2.141738106849976
2.1457963505389386
2.149854594227901
2.153912837916864
2.1579710816058264
2.162029325294789
2.1660875689837513
2.170145812672714
2.1742040563616767
2.178262300050639
2.1823205437396016
2.186378787428564
2.1904370311175265
2.1944952748064894
2.198553518495452
2.2026117621844143
2.206670005873377
2.2107282495623393
2.2147864932513017
2.218844736940264
2.222902980629227
2.2269612243181895
2.2310194680071516
2.2350777116961145
2.239135955385077
2.2431941990740394
2.247252442763002
2.2513106864519643
2.255368930140927
2.2594271738298897
2.263485417518852
2.2675436612078146
2.271601904896777
2.27566014858574
2.2797183922747024
2.283776635963665
2.2878348796526273
2.29189312334159
2.2959513670305527
2.3000096107195147
2.304067854408477
2.30812609809744
2.3121843417864025
2.316242585475365
2.3203008291643274
2.32435907285329
2.328417316542253
2.3324755602312153
2.3365338039201777
2.34059204760914
2.344650291298103
2.3487085349870656
2.352766778676028
2.3568250223649905
2.360883266053953
2.3649415097429154
2.368999753431878
2.3730579971208403
2.377116240809803
2.3811744844987657
2.385232728187728
2.3892909718766906
2.393349215565653
2.397407459254616
2.4014657029435784
2.405523946632541
2.4095821903215033
2.413640434010466
2.4176986776994283
2.4217569213883907
2.425815165077353
2.429873408766316
2.4339316524552785
2.437989896144241
2.4420481398332035
2.4461063835221664
2.450164627211129
2.4542228709000913
2.4582811145890537
2.462339358278016
2.4663976019669787
2.470455845655941
2.4745140893449036
2.4785723330338665
2.482630576722829
2.4866888204117914
2.490747064100754
2.4948053077897163
2.4988635514786792
2.5029217951676417
2.506980038856604
2.5110382825455666
2.515096526234529
2.5191547699234915
2.523213013612454
2.5272712573014164
2.5313295009903793
2.535387744679342
2.539445988368304
2.543504232057267
2.547562475746229
2.551620719435192
2.555678963124154
2.5597372068131174
2.5637954505020795
2.5678536941910424
2.5719119378800044
2.575970181568967
2.5800284252579297
2.584086668946892
2.5881449126358547
2.592203156324817
2.5962614000137796
2.6003196437027425
2.604377887391705
2.6084361310806674
2.61249437476963
2.6165526184585923
2.6206108621475552
2.6246691058365177
2.62872734952548
2.632785593214442
2.636843836903405
2.640902080592367
2.6449603242813304
2.6490185679702924
2.6530768116592554
2.6571350553482174
2.6611932990371807
2.6652515427261427
2.6693097864151056
2.6733680301040676
2.677426273793031
2.681484517481993
2.6855427611709555
2.689601004859918
2.6936592485488804
2.697717492237843
2.7017757359268058
2.705833979615768
2.7098922233047307
2.713950466993693
2.7180087106826556
2.7220669543716185
2.726125198060581
2.7301834417495434
2.734241685438506
2.7382999291274683
2.7423581728164304
2.7464164165053937
2.7504746601943557
2.7545329038833186
2.7585911475722806
2.762649391261244
2.766707634950206
2.770765878639169
2.774824122328131
2.7788823660170943
2.782940609706056
2.786998853395019
2.791057097083981
2.7951153407729437
2.799173584461906
2.803231828150869
2.8072900718398315
2.811348315528794
2.8154065592177564
2.819464802906719
2.8235230465956818
2.8275812902846442
2.8316395339736067
2.835697777662569
2.8397560213515316
2.8438142650404945
2.847872508729457
2.851930752418419
2.855988996107382
2.860047239796344
2.8641054834853072
2.8681637271742693
2.872221970863232
2.876280214552194
2.8803384582411575
2.884396701930119
2.8884549456190824
2.8925131893080445
2.8965714329970074
2.9006296766859694
2.9046879203749323
2.9087461640638947
2.912804407752857
2.9168626514418197
2.920920895130782
2.924979138819745
2.9290373825087075
2.93309562619767
2.9371538698866324
2.941212113575595
2.9452703572645578
2.9493286009535202
2.9533868446424827
2.957445088331445
2.961503332020407
2.9655615757093705
2.9696198193983325
2.9736780630872954
2.9777363067762574
2.981794550465221
2.9858527941541824
2.9899110378431457
2.9939692815321077
2.9980275252210706
3.0020857689100326
3.006144012598996
3.010202256287958
3.0142604999769205
3.018318743665883
3.0223769873548454
3.0264352310438083
3.0304934747327708
3.034551718421733
3.0386099621106957
3.042668205799658
3.046726449488621
3.0507846931775835
3.054842936866546
3.0589011805555084
3.062959424244471
3.0670176679334338
3.071075911622396
3.0751341553113587
3.0791923990003207
3.0832506426892836
3.0873088863782456
3.091367130067209
3.095425373756171
3.099483617445134
3.103541861134096
3.1076001048230593
3.1116583485120213
3.115716592200984
3.119774835889946
3.1238330795789087
3.1278913232678716
3.131949566956834
3.1360078106457965
3.140066054334759
3.1441242980237214
3.1481825417126843
3.1522407854016468
3.156299029090609
3.1603572727795717
3.164415516468534
3.168473760157497
3.1725320038464595
3.176590247535422
3.180648491224384
3.184706734913347
3.188764978602309
3.1928232222912722
3.1968814659802343
3.200939709669197
3.204997953358159
3.2090561970471225
3.2131144407360845
3.2171726844250474
3.2212309281140095
3.225289171802973
3.229347415491935
3.2334056591808973
3.2374639028698597
3.241522146558822
3.2455803902477847
3.2496386339367476
3.25369687762571
3.2577551213146725
3.261813365003635
3.2658716086925974
3.2699298523815603
3.2739880960705228
3.2780463397594852
3.2821045834484477
3.28616282713741
3.290221070826372
3.2942793145153355
3.2983375582042975
3.3023958018932604
3.3064540455822224
3.310512289271186
3.314570532960148
3.3186287766491107
3.3226870203380727
3.326745264027036
3.3308035077159976
3.334861751404961
3.338919995093923
3.3429782387828855
3.347036482471848
3.351094726160811
3.3551529698497733
3.3592112135387358
3.363269457227698
3.3673277009166607
3.3713859446056236
3.375444188294586
3.3795024319835485
3.383560675672511
3.3876189193614734
3.3916771630504363
3.3957354067393988
3.399793650428361
3.4038518941173237
3.4079101378062857
3.411968381495249
3.416026625184211
3.420084868873174
3.424143112562136
3.4282013562510993
3.432259599940061
3.4363178436290243
3.4403760873179863
3.444434331006949
3.448492574695911
3.452550818384874
3.4566090620738366
3.460667305762799
3.4647255494517615
3.468783793140724
3.472842036829687
3.4769002805186493
3.4809585242076118
3.485016767896574
3.4890750115855367
3.4931332552744996
3.497191498963462
3.5012497426524245
3.505307986341387
3.509366230030349
3.5134244737193123
3.5174827174082743
3.5215409610972372
3.5255992047861993
3.529657448475162
3.533715692164124
3.5377739358530875
3.5418321795420495
3.5458904232310124
3.5499486669199745
3.554006910608938
3.5580651542979
3.5621233979868627
3.5661816416758247
3.570239885364788
3.57429812905375
3.578356372742713
3.582414616431675
3.586472860120637
3.5905311038096
3.594589347498562
3.5986475911875253
3.6027058348764873
3.6067640785654502
3.6108223222544122
3.6148805659433756
3.6189388096323376
3.6229970533213005
3.6270552970102625
3.6311135406992254
3.6351717843881874
3.639230028077151
3.643288271766113
3.6473465154550757
3.6514047591440377
3.655463002833001
3.659521246521963
3.663579490210926
3.667637733899888
3.6716959775888514
3.6757542212778134
3.6798124649667763
3.6838707086557383
3.687928952344701
3.691987196033663
3.6960454397226252
3.7001036834115886
3.7041619271005506
3.7082201707895135
3.7122784144784755
3.716336658167439
3.720394901856401
3.7244531455453638
3.728511389234326
3.7325696329232887
3.7366278766122507
3.740686120301214
3.744744363990176
3.748802607679139
3.752860851368101
3.7569190950570643
3.7609773387460264
3.7650355824349893
3.7690938261239513
3.7731520698129146
3.777210313501876
3.7812685571908395
3.7853268008798016
3.7893850445687645
3.7934432882577265
3.79750153194669
3.801559775635652
3.805618019324614
3.8096762630135768
3.8137345067025388
3.817792750391502
3.821850994080464
3.825909237769427
3.829967481458389
3.834025725147352
3.838083968836314
3.8421422125252773
3.8462004562142393
3.8502586999032022
3.8543169435921643
3.8583751872811276
3.8624334309700896
3.8664916746590525
3.8705499183480145
3.874608162036978
3.8786664057259395
3.882724649414903
3.886782893103865
3.8908411367928277
3.8948993804817897
3.898957624170753
3.903015867859715
3.907074111548678
3.91113235523764
3.915190598926602
3.9192488426155654
3.9233070863045274
3.9273653299934903
3.9314235736824523
3.9354818173714152
3.9395400610603772
3.9435983047493406
3.9476565484383026
3.9517147921272655
3.9557730358162275
3.959831279505191
3.963889523194153
3.967947766883116
3.972006010572078
3.976064254261041
3.9801224979500027
3.984180741638966
3.988238985327928
3.992297229016891
3.996355472705853
4.000413716394816
4.004471960083778
4.008530203772741
4.012588447461703
4.016646691150666
4.020704934839628
4.02476317852859
4.028821422217553
4.032879665906515
4.036937909595479
4.040996153284441
4.045054396973404
4.049112640662366
4.053170884351329
4.057229128040291
4.061287371729254
4.065345615418216
4.0694038591071795
4.0734621027961415
4.077520346485104
4.081578590174066
4.085636833863029
4.089695077551991
4.093753321240954
4.097811564929916
4.101869808618879
4.105928052307841
4.109986295996805
4.114044539685767
4.11810278337473
4.122161027063692
4.126219270752655
4.130277514441617
4.134335758130579
4.138394001819542
4.142452245508504
4.146510489197467
4.150568732886429
4.1546269765753925
4.1586852202643545
4.162743463953317
4.166801707642279
4.170859951331242
4.174918195020204
4.178976438709167
4.183034682398129
4.187092926087092
4.191151169776054
4.195209413465018
4.19926765715398
4.203325900842943
4.207384144531905
4.211442388220868
4.21550063190983
4.219558875598793
4.223617119287755
4.227675362976718
4.23173360666568
4.2357918503546435
4.2398500940436055
4.2439083377325675
4.24796658142153
4.252024825110492
4.256083068799455
4.260141312488417
4.26419955617738
4.268257799866342
4.272316043555306
4.276374287244267
4.280432530933231
4.284490774622193
4.288549018311156
4.292607262000118
4.296665505689081
4.300723749378043
4.304781993067006
4.308840236755968
4.3128984804449315
4.3169567241338935
4.321014967822856
4.3250732115118184
4.329131455200781
4.333189698889743
4.337247942578706
4.341306186267668
4.345364429956631
4.349422673645593
4.353480917334555
4.357539161023519
4.361597404712481
4.365655648401444
4.369713892090406
4.373772135779369
4.377830379468331
4.381888623157294
4.385946866846256
4.390005110535219
4.394063354224181
4.3981215979131445
4.4021798416021065
4.406238085291069
4.410296328980031
4.414354572668994
4.418412816357956
4.422471060046919
4.426529303735881
4.430587547424844
4.434645791113806
4.43870403480277
4.442762278491732
4.446820522180695
4.450878765869657
4.45493700955862
4.458995253247582
4.463053496936544
4.467111740625507
4.471169984314469
4.475228228003432
4.479286471692394
4.4833447153813575
4.4874029590703195
4.491461202759282
4.495519446448244
4.499577690137207
4.503635933826169
4.507694177515132
4.511752421204094
4.515810664893058
4.51986890858202
4.523927152270983
4.527985395959945
4.532043639648908
4.53610188333787
4.540160127026833
4.544218370715795
4.548276614404758
4.55233485809372
4.5563931017826835
4.5604513454716455
4.5645095891606084
4.5685678328495705
4.5726260765385325
4.576684320227495
4.580742563916457
4.58480080760542
4.588859051294382
4.592917294983345
4.596975538672307
4.601033782361271
4.605092026050233
4.609150269739196
4.613208513428158
4.617266757117121
4.621325000806083
4.625383244495046
4.629441488184008
4.633499731872971
4.637557975561933
4.6416162192508965
4.6456744629398585
4.649732706628821
4.6537909503177834
4.657849194006746
4.661907437695708
4.665965681384671
4.670023925073633
4.674082168762596
4.678140412451558
4.68219865614052
4.686256899829484
4.690315143518446
4.694373387207409
4.698431630896371
4.702489874585334
4.706548118274296
4.710606361963259
4.714664605652221
4.718722849341185
4.722781093030146
4.7268393367191095
4.7308975804080715
4.734955824097034
4.739014067785996
4.743072311474959
4.747130555163921
4.751188798852884
4.755247042541846
4.75930528623081
4.763363529919772
4.767421773608735
4.771480017297697
4.77553826098666
4.779596504675622
4.783654748364585
4.787712992053547
4.791771235742509
4.795829479431472
4.799887723120434
4.803945966809398
4.80800421049836
4.8120624541873225
4.8161206978762845
4.820178941565247
4.824237185254209
4.828295428943172
4.832353672632134
4.836411916321097
4.840470160010059
4.844528403699023
4.848586647387985
4.852644891076948
4.85670313476591
4.860761378454873
4.864819622143835
4.868877865832798
4.87293610952176
4.876994353210723
4.881052596899685
4.8851108405886485
4.8891690842776105
4.8932273279665734
4.8972855716555355
4.9013438153444975
4.90540205903346
4.909460302722422
4.913518546411385
4.917576790100347
4.92163503378931
4.925693277478272
4.929751521167236
4.933809764856198
4.937868008545161
4.941926252234123
4.945984495923086
4.950042739612048
4.954100983301011
4.958159226989973
4.962217470678937
4.966275714367899
4.9703339580568615
4.9743922017458235
4.978450445434786
4.9825086891237484
4.986566932812711
4.990625176501673
4.994683420190636
4.998741663879598
5.002799907568562
5.006858151257524
5.010916394946486
5.014974638635449
5.019032882324411
5.023091126013374
5.027149369702336
5.031207613391299
5.035265857080261
5.039324100769224
5.043382344458186
5.04744058814715
5.051498831836112
5.0555570755250745
5.0596153192140365
5.063673562902999
5.067731806591961
5.071790050280924
5.075848293969886